           1   0.0000000000000000        0.0000000000000000     
           2   0.0000000000000000        0.0000000000000000     
           3   0.0000000000000000        0.0000000000000000     
           4   0.0000000000000000        0.0000000000000000     
           5   0.0000000000000000        0.0000000000000000     
           6   0.0000000000000000        0.0000000000000000     
           7   0.0000000000000000        0.0000000000000000     
           8   0.0000000000000000        0.0000000000000000     
           9   0.0000000000000000        0.0000000000000000     
          10   0.0000000000000000        0.0000000000000000     
          11   0.0000000000000000        0.0000000000000000     
          12   0.0000000000000000        0.0000000000000000     
          13   0.0000000000000000        0.0000000000000000     
          14   0.0000000000000000        0.0000000000000000     
          15   0.0000000000000000        0.0000000000000000     
          16   0.0000000000000000        0.0000000000000000     
          17   0.0000000000000000        0.0000000000000000     
          18   0.0000000000000000        0.0000000000000000     
          19   0.0000000000000000        0.0000000000000000     
          20   0.0000000000000000        0.0000000000000000     
          21   0.0000000000000000        0.0000000000000000     
          22   0.0000000000000000        0.0000000000000000     
          23   0.0000000000000000        0.0000000000000000     
          24   0.0000000000000000        0.0000000000000000     
          25   0.0000000000000000        0.0000000000000000     
          26   0.0000000000000000        0.0000000000000000     
          27   0.0000000000000000        0.0000000000000000     
          28   0.0000000000000000        0.0000000000000000     
          29   0.0000000000000000        0.0000000000000000     
          30   0.0000000000000000        0.0000000000000000     
          31   0.0000000000000000        0.0000000000000000     
          32   0.0000000000000000        0.0000000000000000     
          33   0.0000000000000000        0.0000000000000000     
          34   0.0000000000000000        0.0000000000000000     
          35   0.0000000000000000        0.0000000000000000     
          36   0.0000000000000000        0.0000000000000000     
          37   0.0000000000000000        0.0000000000000000     
          38   0.0000000000000000        0.0000000000000000     
          39   0.0000000000000000        0.0000000000000000     
          40   0.0000000000000000        0.0000000000000000     
          41   0.0000000000000000        0.0000000000000000     
          42   0.0000000000000000        0.0000000000000000     
          43   0.0000000000000000        0.0000000000000000     
          44   0.0000000000000000        0.0000000000000000     
          45   0.0000000000000000        0.0000000000000000     
          46   0.0000000000000000        0.0000000000000000     
          47   0.0000000000000000        0.0000000000000000     
          48   0.0000000000000000        0.0000000000000000     
          49   0.0000000000000000        0.0000000000000000     
          50   0.0000000000000000        0.0000000000000000     
          51   0.0000000000000000        0.0000000000000000     
          52   0.0000000000000000        0.0000000000000000     
          53   0.0000000000000000        0.0000000000000000     
          54   0.0000000000000000        0.0000000000000000     
          55   0.0000000000000000        0.0000000000000000     
          56   0.0000000000000000        0.0000000000000000     
          57   0.0000000000000000        0.0000000000000000     
          58   0.0000000000000000        0.0000000000000000     
          59   0.0000000000000000        0.0000000000000000     
          60   0.0000000000000000        0.0000000000000000     
          61   0.0000000000000000        0.0000000000000000     
          62   0.0000000000000000        0.0000000000000000     
          63   0.0000000000000000        0.0000000000000000     
          64   0.0000000000000000        0.0000000000000000     
          65   0.0000000000000000        0.0000000000000000     
          66   0.0000000000000000        0.0000000000000000     
          67   0.0000000000000000        0.0000000000000000     
          68   0.0000000000000000        0.0000000000000000     
          69   0.0000000000000000        0.0000000000000000     
          70   0.0000000000000000        0.0000000000000000     
          71   0.0000000000000000        0.0000000000000000     
          72   0.0000000000000000        0.0000000000000000     
          73   0.0000000000000000        0.0000000000000000     
          74   0.0000000000000000        0.0000000000000000     
          75   0.0000000000000000        0.0000000000000000     
          76   0.0000000000000000        0.0000000000000000     
          77   0.0000000000000000        0.0000000000000000     
          78   0.0000000000000000        0.0000000000000000     
          79   0.0000000000000000        0.0000000000000000     
          80   0.0000000000000000        0.0000000000000000     
          81   0.0000000000000000        0.0000000000000000     
          82   0.0000000000000000        0.0000000000000000     
          83   0.0000000000000000        0.0000000000000000     
          84   0.0000000000000000        0.0000000000000000     
          85   0.0000000000000000        0.0000000000000000     
          86   0.0000000000000000        0.0000000000000000     
          87   0.0000000000000000        0.0000000000000000     
          88   0.0000000000000000        0.0000000000000000     
          89   0.0000000000000000        0.0000000000000000     
          90   0.0000000000000000        0.0000000000000000     
          91   0.0000000000000000        0.0000000000000000     
          92   0.0000000000000000        0.0000000000000000     
          93   0.0000000000000000        0.0000000000000000     
          94   0.0000000000000000        0.0000000000000000     
          95   0.0000000000000000        0.0000000000000000     
          96   0.0000000000000000        0.0000000000000000     
          97   0.0000000000000000        0.0000000000000000     
          98   0.0000000000000000        0.0000000000000000     
          99   0.0000000000000000        0.0000000000000000     
         100   0.0000000000000000        0.0000000000000000     
         101   0.0000000000000000        0.0000000000000000     
         102   0.0000000000000000        0.0000000000000000     
         103   0.0000000000000000        0.0000000000000000     
         104   0.0000000000000000        0.0000000000000000     
         105   0.0000000000000000        0.0000000000000000     
         106   0.0000000000000000        0.0000000000000000     
         107   0.0000000000000000        0.0000000000000000     
         108   0.0000000000000000        0.0000000000000000     
         109   0.0000000000000000        0.0000000000000000     
         110   0.0000000000000000        0.0000000000000000     
         111   0.0000000000000000        0.0000000000000000     
         112   0.0000000000000000        0.0000000000000000     
         113   0.0000000000000000        0.0000000000000000     
         114   0.0000000000000000        0.0000000000000000     
         115   0.0000000000000000        0.0000000000000000     
         116   0.0000000000000000        0.0000000000000000     
         117   0.0000000000000000        0.0000000000000000     
         118   0.0000000000000000        0.0000000000000000     
         119   0.0000000000000000        0.0000000000000000     
         120   0.0000000000000000        0.0000000000000000     
         121   0.0000000000000000        0.0000000000000000     
         122   0.0000000000000000        0.0000000000000000     
         123   0.0000000000000000        0.0000000000000000     
         124   0.0000000000000000        0.0000000000000000     
         125   0.0000000000000000        0.0000000000000000     
         126   0.0000000000000000        0.0000000000000000     
         127   0.0000000000000000        0.0000000000000000     
         128   0.0000000000000000        0.0000000000000000     
         129   0.0000000000000000        0.0000000000000000     
         130   0.0000000000000000        0.0000000000000000     
         131   0.0000000000000000        0.0000000000000000     
         132   0.0000000000000000        0.0000000000000000     
         133   0.0000000000000000        0.0000000000000000     
         134   0.0000000000000000        0.0000000000000000     
         135   0.0000000000000000        0.0000000000000000     
         136   0.0000000000000000        0.0000000000000000     
         137   0.0000000000000000        0.0000000000000000     
         138   0.0000000000000000        0.0000000000000000     
         139   0.0000000000000000        0.0000000000000000     
         140   0.0000000000000000        0.0000000000000000     
         141   0.0000000000000000        0.0000000000000000     
         142   0.0000000000000000        0.0000000000000000     
         143   0.0000000000000000        0.0000000000000000     
         144   0.0000000000000000        0.0000000000000000     
         145   0.0000000000000000        0.0000000000000000     
         146   0.0000000000000000        0.0000000000000000     
         147   0.0000000000000000        0.0000000000000000     
         148   0.0000000000000000        0.0000000000000000     
         149   0.0000000000000000        0.0000000000000000     
         150   0.0000000000000000        0.0000000000000000     
         151   0.0000000000000000        0.0000000000000000     
         152   0.0000000000000000        0.0000000000000000     
         153   0.0000000000000000        0.0000000000000000     
         154   0.0000000000000000        0.0000000000000000     
         155   0.0000000000000000        0.0000000000000000     
         156   0.0000000000000000        0.0000000000000000     
         157   0.0000000000000000        0.0000000000000000     
         158   0.0000000000000000        0.0000000000000000     
         159   0.0000000000000000        0.0000000000000000     
         160   0.0000000000000000        0.0000000000000000     
         161   0.0000000000000000        0.0000000000000000     
         162   0.0000000000000000        0.0000000000000000     
         163   0.0000000000000000        0.0000000000000000     
         164   0.0000000000000000        0.0000000000000000     
         165   0.0000000000000000        0.0000000000000000     
         166   0.0000000000000000        0.0000000000000000     
         167   0.0000000000000000        0.0000000000000000     
         168   0.0000000000000000        0.0000000000000000     
         169   0.0000000000000000        0.0000000000000000     
         170   0.0000000000000000        0.0000000000000000     
         171   0.0000000000000000        0.0000000000000000     
         172   0.0000000000000000        0.0000000000000000     
         173   0.0000000000000000        0.0000000000000000     
         174   0.0000000000000000        0.0000000000000000     
         175   0.0000000000000000        0.0000000000000000     
         176   0.0000000000000000        0.0000000000000000     
         177   0.0000000000000000        0.0000000000000000     
         178   0.0000000000000000        0.0000000000000000     
         179   0.0000000000000000        0.0000000000000000     
         180   0.0000000000000000        0.0000000000000000     
         181   0.0000000000000000        0.0000000000000000     
         182   0.0000000000000000        0.0000000000000000     
         183   0.0000000000000000        0.0000000000000000     
         184   0.0000000000000000        0.0000000000000000     
         185   0.0000000000000000        0.0000000000000000     
         186   0.0000000000000000        0.0000000000000000     
         187   0.0000000000000000        0.0000000000000000     
         188   0.0000000000000000        0.0000000000000000     
         189   0.0000000000000000        0.0000000000000000     
         190   0.0000000000000000        0.0000000000000000     
         191   0.0000000000000000        0.0000000000000000     
         192   0.0000000000000000        0.0000000000000000     
         193   0.0000000000000000        0.0000000000000000     
         194   0.0000000000000000        0.0000000000000000     
         195   0.0000000000000000        0.0000000000000000     
         196   0.0000000000000000        0.0000000000000000     
         197   0.0000000000000000        0.0000000000000000     
         198   0.0000000000000000        0.0000000000000000     
         199   0.0000000000000000        0.0000000000000000     
         200   0.0000000000000000        0.0000000000000000     
         201   0.0000000000000000        0.0000000000000000     
         202   0.0000000000000000        0.0000000000000000     
         203   0.0000000000000000        0.0000000000000000     
         204   0.0000000000000000        0.0000000000000000     
         205   0.0000000000000000        0.0000000000000000     
         206   0.0000000000000000        0.0000000000000000     
         207   0.0000000000000000        0.0000000000000000     
         208   0.0000000000000000        0.0000000000000000     
         209   0.0000000000000000        0.0000000000000000     
         210   0.0000000000000000        0.0000000000000000     
         211   0.0000000000000000        0.0000000000000000     
         212   0.0000000000000000        0.0000000000000000     
         213   0.0000000000000000        0.0000000000000000     
         214   0.0000000000000000        0.0000000000000000     
         215   0.0000000000000000        0.0000000000000000     
         216   0.0000000000000000        0.0000000000000000     
         217   0.0000000000000000        0.0000000000000000     
         218   0.0000000000000000        0.0000000000000000     
         219   0.0000000000000000        0.0000000000000000     
         220   0.0000000000000000        0.0000000000000000     
         221   0.0000000000000000        0.0000000000000000     
         222   0.0000000000000000        0.0000000000000000     
         223   0.0000000000000000        0.0000000000000000     
         224   0.0000000000000000        0.0000000000000000     
         225   0.0000000000000000        0.0000000000000000     
         226   0.0000000000000000        0.0000000000000000     
         227   0.0000000000000000        0.0000000000000000     
         228   0.0000000000000000        0.0000000000000000     
         229   0.0000000000000000        0.0000000000000000     
         230   0.0000000000000000        0.0000000000000000     
         231   0.0000000000000000        0.0000000000000000     
         232   0.0000000000000000        0.0000000000000000     
         233   0.0000000000000000        0.0000000000000000     
         234   0.0000000000000000        0.0000000000000000     
         235   0.0000000000000000        0.0000000000000000     
         236   0.0000000000000000        0.0000000000000000     
         237   0.0000000000000000        0.0000000000000000     
         238   0.0000000000000000        0.0000000000000000     
         239   0.0000000000000000        0.0000000000000000     
         240   0.0000000000000000        0.0000000000000000     
         241   0.0000000000000000        0.0000000000000000     
         242   0.0000000000000000        0.0000000000000000     
         243   0.0000000000000000        0.0000000000000000     
         244   0.0000000000000000        0.0000000000000000     
         245   0.0000000000000000        0.0000000000000000     
         246   0.0000000000000000        0.0000000000000000     
         247   0.0000000000000000        0.0000000000000000     
         248   0.0000000000000000        0.0000000000000000     
         249   0.0000000000000000        0.0000000000000000     
         250   0.0000000000000000        0.0000000000000000     
         251   0.0000000000000000        0.0000000000000000     
         252   0.0000000000000000        0.0000000000000000     
         253   0.0000000000000000        0.0000000000000000     
         254   0.0000000000000000        0.0000000000000000     
         255   0.0000000000000000        0.0000000000000000     
         256   0.0000000000000000        0.0000000000000000     
         257   0.0000000000000000        0.0000000000000000     
         258   0.0000000000000000        0.0000000000000000     
         259   0.0000000000000000        0.0000000000000000     
         260   0.0000000000000000        0.0000000000000000     
         261   0.0000000000000000        0.0000000000000000     
         262   0.0000000000000000        0.0000000000000000     
         263   0.0000000000000000        0.0000000000000000     
         264   0.0000000000000000        0.0000000000000000     
         265   0.0000000000000000        0.0000000000000000     
         266   0.0000000000000000        0.0000000000000000     
         267   0.0000000000000000        0.0000000000000000     
         268   0.0000000000000000        0.0000000000000000     
         269   0.0000000000000000        0.0000000000000000     
         270   0.0000000000000000        0.0000000000000000     
         271   0.0000000000000000        0.0000000000000000     
         272   0.0000000000000000        0.0000000000000000     
         273   0.0000000000000000        0.0000000000000000     
         274   0.0000000000000000        0.0000000000000000     
         275   0.0000000000000000        0.0000000000000000     
         276   0.0000000000000000        0.0000000000000000     
         277   0.0000000000000000        0.0000000000000000     
         278   0.0000000000000000        0.0000000000000000     
         279   0.0000000000000000        0.0000000000000000     
         280   0.0000000000000000        0.0000000000000000     
         281   0.0000000000000000        0.0000000000000000     
         282   0.0000000000000000        0.0000000000000000     
         283   0.0000000000000000        0.0000000000000000     
         284   0.0000000000000000        0.0000000000000000     
         285   0.0000000000000000        0.0000000000000000     
         286   0.0000000000000000        0.0000000000000000     
         287   0.0000000000000000        0.0000000000000000     
         288   0.0000000000000000        0.0000000000000000     
         289   0.0000000000000000        0.0000000000000000     
         290   0.0000000000000000        0.0000000000000000     
         291   0.0000000000000000        0.0000000000000000     
         292   0.0000000000000000        0.0000000000000000     
         293   0.0000000000000000        0.0000000000000000     
         294   0.0000000000000000        0.0000000000000000     
         295   0.0000000000000000        0.0000000000000000     
         296   0.0000000000000000        0.0000000000000000     
         297   0.0000000000000000        0.0000000000000000     
         298   0.0000000000000000        0.0000000000000000     
         299   0.0000000000000000        0.0000000000000000     
         300   0.0000000000000000        0.0000000000000000     
         301   0.0000000000000000        0.0000000000000000     
         302   0.0000000000000000        0.0000000000000000     
         303   0.0000000000000000        0.0000000000000000     
         304   0.0000000000000000        0.0000000000000000     
         305   0.0000000000000000        0.0000000000000000     
         306   0.0000000000000000        0.0000000000000000     
         307   0.0000000000000000        0.0000000000000000     
         308   0.0000000000000000        0.0000000000000000     
         309   0.0000000000000000        0.0000000000000000     
         310   0.0000000000000000        0.0000000000000000     
         311   0.0000000000000000        0.0000000000000000     
         312   0.0000000000000000        0.0000000000000000     
         313   0.0000000000000000        0.0000000000000000     
         314   0.0000000000000000        0.0000000000000000     
         315   0.0000000000000000        0.0000000000000000     
         316   0.0000000000000000        0.0000000000000000     
         317   0.0000000000000000        0.0000000000000000     
         318   0.0000000000000000        0.0000000000000000     
         319   0.0000000000000000        0.0000000000000000     
         320   0.0000000000000000        0.0000000000000000     
         321   0.0000000000000000        0.0000000000000000     
         322   0.0000000000000000        0.0000000000000000     
         323   0.0000000000000000        0.0000000000000000     
         324   0.0000000000000000        0.0000000000000000     
         325   0.0000000000000000        0.0000000000000000     
         326   0.0000000000000000        0.0000000000000000     
         327   0.0000000000000000        0.0000000000000000     
         328   0.0000000000000000        0.0000000000000000     
         329   0.0000000000000000        0.0000000000000000     
         330   0.0000000000000000        0.0000000000000000     
         331   0.0000000000000000        0.0000000000000000     
         332   0.0000000000000000        0.0000000000000000     
         333   0.0000000000000000        0.0000000000000000     
         334   0.0000000000000000        0.0000000000000000     
         335   0.0000000000000000        0.0000000000000000     
         336   0.0000000000000000        0.0000000000000000     
         337   0.0000000000000000        0.0000000000000000     
         338   0.0000000000000000        0.0000000000000000     
         339   0.0000000000000000        0.0000000000000000     
         340   0.0000000000000000        0.0000000000000000     
         341   0.0000000000000000        0.0000000000000000     
         342   0.0000000000000000        0.0000000000000000     
         343   0.0000000000000000        0.0000000000000000     
         344   0.0000000000000000        0.0000000000000000     
         345   0.0000000000000000        0.0000000000000000     
         346   0.0000000000000000        0.0000000000000000     
         347   0.0000000000000000        0.0000000000000000     
         348   0.0000000000000000        0.0000000000000000     
         349   0.0000000000000000        0.0000000000000000     
         350   0.0000000000000000        0.0000000000000000     
         351   0.0000000000000000        0.0000000000000000     
         352   0.0000000000000000        0.0000000000000000     
         353   0.0000000000000000        0.0000000000000000     
         354   0.0000000000000000        0.0000000000000000     
         355   0.0000000000000000        0.0000000000000000     
         356   0.0000000000000000        0.0000000000000000     
         357   0.0000000000000000        0.0000000000000000     
         358   0.0000000000000000        0.0000000000000000     
         359   0.0000000000000000        0.0000000000000000     
         360   0.0000000000000000        0.0000000000000000     
         361   0.0000000000000000        0.0000000000000000     
         362   0.0000000000000000        0.0000000000000000     
         363   0.0000000000000000        0.0000000000000000     
         364   0.0000000000000000        0.0000000000000000     
         365   0.0000000000000000        0.0000000000000000     
         366   0.0000000000000000        0.0000000000000000     
         367   0.0000000000000000        0.0000000000000000     
         368   0.0000000000000000        0.0000000000000000     
         369   0.0000000000000000        0.0000000000000000     
         370   0.0000000000000000        0.0000000000000000     
         371   0.0000000000000000        0.0000000000000000     
         372   0.0000000000000000        0.0000000000000000     
         373   0.0000000000000000        0.0000000000000000     
         374   0.0000000000000000        0.0000000000000000     
         375   0.0000000000000000        0.0000000000000000     
         376   0.0000000000000000        0.0000000000000000     
         377   0.0000000000000000        0.0000000000000000     
         378   0.0000000000000000        0.0000000000000000     
         379   0.0000000000000000        0.0000000000000000     
         380   0.0000000000000000        0.0000000000000000     
         381   0.0000000000000000        0.0000000000000000     
         382   0.0000000000000000        0.0000000000000000     
         383   0.0000000000000000        0.0000000000000000     
         384   0.0000000000000000        0.0000000000000000     
         385   0.0000000000000000        0.0000000000000000     
         386   0.0000000000000000        0.0000000000000000     
         387   0.0000000000000000        0.0000000000000000     
         388   0.0000000000000000        0.0000000000000000     
         389   0.0000000000000000        0.0000000000000000     
         390   0.0000000000000000        0.0000000000000000     
         391   0.0000000000000000        0.0000000000000000     
         392   0.0000000000000000        0.0000000000000000     
         393   0.0000000000000000        0.0000000000000000     
         394   0.0000000000000000        0.0000000000000000     
         395   0.0000000000000000        0.0000000000000000     
         396   0.0000000000000000        0.0000000000000000     
         397   0.0000000000000000        0.0000000000000000     
         398   0.0000000000000000        0.0000000000000000     
         399   0.0000000000000000        0.0000000000000000     
         400   0.0000000000000000        0.0000000000000000     
         401   0.0000000000000000        0.0000000000000000     
         402   0.0000000000000000        0.0000000000000000     
         403   0.0000000000000000        0.0000000000000000     
         404   0.0000000000000000        0.0000000000000000     
         405   0.0000000000000000        0.0000000000000000     
         406   0.0000000000000000        0.0000000000000000     
         407   0.0000000000000000        0.0000000000000000     
         408   0.0000000000000000        0.0000000000000000     
         409   0.0000000000000000        0.0000000000000000     
         410   0.0000000000000000        0.0000000000000000     
         411   0.0000000000000000        0.0000000000000000     
         412   0.0000000000000000        0.0000000000000000     
         413   0.0000000000000000        0.0000000000000000     
         414   0.0000000000000000        0.0000000000000000     
         415   0.0000000000000000        0.0000000000000000     
         416   0.0000000000000000        0.0000000000000000     
         417   0.0000000000000000        0.0000000000000000     
         418   0.0000000000000000        0.0000000000000000     
         419   0.0000000000000000        0.0000000000000000     
         420   0.0000000000000000        0.0000000000000000     
         421   0.0000000000000000        0.0000000000000000     
         422   0.0000000000000000        0.0000000000000000     
         423   0.0000000000000000        0.0000000000000000     
         424   0.0000000000000000        0.0000000000000000     
         425   0.0000000000000000        0.0000000000000000     
         426   0.0000000000000000        0.0000000000000000     
         427   0.0000000000000000        0.0000000000000000     
         428   0.0000000000000000        0.0000000000000000     
         429   0.0000000000000000        0.0000000000000000     
         430   0.0000000000000000        0.0000000000000000     
         431   0.0000000000000000        0.0000000000000000     
         432   0.0000000000000000        0.0000000000000000     
         433   0.0000000000000000        0.0000000000000000     
         434   0.0000000000000000        0.0000000000000000     
         435   0.0000000000000000        0.0000000000000000     
         436   0.0000000000000000        0.0000000000000000     
         437   0.0000000000000000        0.0000000000000000     
         438   0.0000000000000000        0.0000000000000000     
         439   0.0000000000000000        0.0000000000000000     
         440   0.0000000000000000        0.0000000000000000     
         441   0.0000000000000000        0.0000000000000000     
         442   0.0000000000000000        0.0000000000000000     
         443   0.0000000000000000        0.0000000000000000     
         444   0.0000000000000000        0.0000000000000000     
         445   0.0000000000000000        0.0000000000000000     
         446   0.0000000000000000        0.0000000000000000     
         447   0.0000000000000000        0.0000000000000000     
         448   0.0000000000000000        0.0000000000000000     
         449   0.0000000000000000        0.0000000000000000     
         450   0.0000000000000000        0.0000000000000000     
         451   0.0000000000000000        0.0000000000000000     
         452   0.0000000000000000        0.0000000000000000     
         453   0.0000000000000000        0.0000000000000000     
         454   0.0000000000000000        0.0000000000000000     
         455   0.0000000000000000        0.0000000000000000     
         456   0.0000000000000000        0.0000000000000000     
         457   0.0000000000000000        0.0000000000000000     
         458   0.0000000000000000        0.0000000000000000     
         459   0.0000000000000000        0.0000000000000000     
         460   0.0000000000000000        0.0000000000000000     
         461   0.0000000000000000        0.0000000000000000     
         462   0.0000000000000000        0.0000000000000000     
         463   0.0000000000000000        0.0000000000000000     
         464   0.0000000000000000        0.0000000000000000     
         465   0.0000000000000000        0.0000000000000000     
         466   0.0000000000000000        0.0000000000000000     
         467   0.0000000000000000        0.0000000000000000     
         468   0.0000000000000000        0.0000000000000000     
         469   0.0000000000000000        0.0000000000000000     
         470   0.0000000000000000        0.0000000000000000     
         471   0.0000000000000000        0.0000000000000000     
         472   0.0000000000000000        0.0000000000000000     
         473   0.0000000000000000        0.0000000000000000     
         474   0.0000000000000000        0.0000000000000000     
         475   0.0000000000000000        0.0000000000000000     
         476   0.0000000000000000        0.0000000000000000     
         477   0.0000000000000000        0.0000000000000000     
         478   0.0000000000000000        0.0000000000000000     
         479   0.0000000000000000        0.0000000000000000     
         480   0.0000000000000000        0.0000000000000000     
         481   0.0000000000000000        0.0000000000000000     
         482   0.0000000000000000        0.0000000000000000     
         483   0.0000000000000000        0.0000000000000000     
         484   0.0000000000000000        0.0000000000000000     
         485   0.0000000000000000        0.0000000000000000     
         486   0.0000000000000000        0.0000000000000000     
         487   0.0000000000000000        0.0000000000000000     
         488   0.0000000000000000        0.0000000000000000     
         489   0.0000000000000000        0.0000000000000000     
         490   0.0000000000000000        0.0000000000000000     
         491   0.0000000000000000        0.0000000000000000     
         492   0.0000000000000000        0.0000000000000000     
         493   0.0000000000000000        0.0000000000000000     
         494   0.0000000000000000        0.0000000000000000     
         495   0.0000000000000000        0.0000000000000000     
         496   0.0000000000000000        0.0000000000000000     
         497   0.0000000000000000        0.0000000000000000     
         498   0.0000000000000000        0.0000000000000000     
         499   0.0000000000000000        0.0000000000000000     
         500   0.0000000000000000        0.0000000000000000     
