          13           1   6.0000000000000000        3.9999999999999996        5.6819885977273508       0.75456345650704870                3 -0.13133866834628097       0.17835953406149277      -0.24010582674606787      -0.13955478469659374      -0.37001224015625861        6.9928065761135708E-002   1.1428571428571428       0.34992710611188244     
          13           2   8.0000000000000000        5.4999999999999991        7.5955090474760301       0.66972986040159665                3 -0.12781643620975885       -6.5250101279196907E-002  -5.6596091785267852E-002  -9.5408673093851870E-002 -0.17646925201131711      -0.26327000797579569        1.5714285714285712       0.49487165930539423     
          13           3   9.0000000000000000        5.4999999999999991        8.2548623712512867       0.55146473171883115                3 -0.14302598113528392       0.16119613507745131      -0.23909452416790022       -8.7264056347358621E-002 -0.24482361485367787        4.9086129414590965E-002   1.5714285714285712       0.49487165930539423     
          13           4   8.0000000000000000        4.9999999999999991        7.3577452540807826       0.59029560122904601                3 -0.13951455537083643       -9.8919271290979535E-002  -7.4696881743063936E-002 -0.10495544743402878      -0.18680327226597979      -0.23451329857786085        1.4285714285714284       0.49487165930539379     
          13           5   6.0000000000000000        3.9999999999999996        5.7163981437574325       0.76129505948655374                3 -0.13713614208064279       -8.0327391971111814E-002  -5.7842592942765780E-002 -0.13612823919470018      -0.24502243802734372      -0.34413196143497621        1.1428571428571426       0.34992710611188277     
          13           6   8.0000000000000000        4.9999999999999991        7.4082313755697937       0.54075842180396871                3  -6.0498164326602939E-002 -0.18031093014199515       0.23842178964451788      -0.20321818536077357       0.45798115800136524       -8.5016954250061200E-002   1.4285714285714284       0.49487165930539379     
          13           7   8.0000000000000000        4.9999999999999991        7.3055243077580121       0.42108542744366284                3 -0.19466066607563157       -7.1410502191666558E-002   7.1759421723424685E-002 -0.10825066293750946      -0.18845197907762909       0.27901120177948241        1.4285714285714284       0.49487165930539379     
          13           8   9.0000000000000000        5.4999999999999991        8.2827786417313121       0.49925693863786630                3 -0.12388449692532826       -8.2295179875474675E-002  -8.1408070016379203E-002  -7.9366765990717694E-002 -0.25486136214816102       0.99694737720697768        1.5714285714285712       0.49487165930539423     
          13           9   9.0000000000000000        5.4999999999999991        8.2548623712512921       0.55146470744910814                3 -0.14302598393350974       0.16119615275504520      -0.23909453754282708       -8.7264056734684736E-002 -0.24482360164612102        4.9086114467333693E-002   1.5714285714285712       0.49487165930539423     
          13          10   8.0000000000000000        4.9999999999999991        7.3055243077580139       0.42108542645801644                3 -0.19466064047869783       -7.1410508174159532E-002   7.1759401520808508E-002 -0.10825066347104950      -0.18845198194521501       0.27901119820134357        1.4285714285714284       0.49487165930539379     
          13          11   10.000000000000000        5.9999999999999991        9.6722565433395253       0.89941952944608228                3 -0.21837481805687711       0.21724054431010884      -0.16198549808539892       0.66675042701750764       0.34344544530732063       0.68576323472648049        1.7142857142857140       0.45175395145262687     
          13          12   8.0000000000000000        4.9999999999999991        7.3577452540807817       0.59029559726658576                3 -0.13951455134849178       -9.8919273046940773E-002  -7.4696879422298731E-002 -0.10495544535977110      -0.18680326838436845      -0.23451329346457958        1.4285714285714284       0.49487165930539334     
          13          13   9.0000000000000000        5.4999999999999991        8.2827786417313209       0.49925693650554892                3 -0.12388449657966756       -8.2295174474329075E-002  -8.1408064419794715E-002  -7.9366775539605916E-002 -0.25486135998013038       0.99694738506447211        1.5714285714285712       0.49487165930539334     
          13          14   8.0000000000000000        5.4999999999999991        7.9474757638140110       0.98058822388644473                3 -0.17476585338264292       -8.3954161366918967E-002   8.5883321505609692E-002 -0.11516356494616195       0.84725935142326370      -0.77270435404657212        1.5714285714285712       0.49487165930539334     
          13          15   8.0000000000000000        4.9999999999999991        7.3055243077580130       0.42108542844162167                3 -0.19466066300356710       -7.1410502580059321E-002   7.1759418355673496E-002 -0.10825066573218935      -0.18845197875225789       0.27901120399443213        1.4285714285714284       0.49487165930539379     
          13          16   6.0000000000000000        3.9999999999999996        5.7163981437574343       0.76129505109266582                3 -0.13713613510897329       -8.0327392702604847E-002  -5.7842585283589321E-002 -0.13612822901628102      -0.24502243603352653      -0.34413197996730488        1.1428571428571428       0.34992710611188244     
          13          17   7.0000000000000000        4.4999999999999991        6.7934314019429776       0.85930158052175742                3 -0.14327984300360291       -9.3848194078223687E-002  -6.2596952687769117E-002 -0.10552141433399122      -0.20064218340360795      -0.28126896507407229        1.2857142857142856       0.45175395145262587     
          13          18   6.0000000000000000        3.9999999999999996        5.7163981437574281       0.76129508843874572                3 -0.13713614709163954       -8.0327389002127492E-002  -5.7842606235646986E-002 -0.13612826273247400      -0.24502244641862223      -0.34413200944854638        1.1428571428571428       0.34992710611188244     
          13          19   7.0000000000000000        4.4999999999999991        6.7028762220680234       0.77601814057905805                3 -0.18603501808662776       -7.9534855907862079E-002   7.2558349192574742E-002 -0.12560361769169753      -0.21469959825516657       0.31849741900080952        1.2857142857142856       0.45175395145262587     
          13          20   8.0000000000000000        4.9999999999999991        7.6558857270928993       0.84532309553623630                3 -0.17399560659289720       0.14059321884326331       0.24307703340804918       0.12143067547817796       0.17176009301173537       0.96567251939165444        1.4285714285714284       0.49487165930539379     
          13          21   8.0000000000000000        4.9999999999999991        7.3577452540807826       0.59029560238460599                3 -0.13951455253723305       -9.8919272522602616E-002  -7.4696883384139628E-002 -0.10495544763372210      -0.18680326675470718      -0.23451329678553245        1.4285714285714284       0.49487165930539379     
          13          22   8.0000000000000000        5.4999999999999991        7.7443138400298324       0.83311181954769442                3 -0.16717197206265932      -0.12289741513542977        9.3954400855154802E-002 -0.22277959120788099      -0.48401625000973308       0.51778214872699857        1.5714285714285712       0.49487165930539334     
          13          23   7.0000000000000000        4.4999999999999991        6.7028762220680234       0.77601814035736272                3 -0.18603502178978890       -7.9534856435085788E-002   7.2558349687056586E-002 -0.12560362027271757      -0.21469959997336091       0.31849741967496314        1.2857142857142856       0.45175395145262587     
          13          24   9.0000000000000000        5.9999999999999991        8.5757209064609707       0.70460806695311873                3 -0.10971471951405648       -7.0290633888848902E-002   6.0248362678941424E-002  -7.4945678570183902E-002 -0.23886029738476247       0.52138450382051416        1.7142857142857140       0.45175395145262637     
          13          25   6.0000000000000000        3.9999999999999996        5.9191366715983378       0.94172943116116770                3 -0.14471334627417629       0.23157715054599426       -5.4598246743391421E-002  0.23501703244198216       -6.0526856586568485E-002 -0.53185803833984480        1.1428571428571426       0.34992710611188310     
          13          26   7.0000000000000000        4.4999999999999991        6.4593319433717307       0.55020596137120281                3  -7.3120324724859798E-002 -0.20403627426548940       0.24599854053394732      -0.22851542479580436       0.51996985213063351       -8.8438827627482230E-002   1.2857142857142854       0.45175395145262609     
          13          27   8.0000000000000000        5.4999999999999991        7.7025463814680641       0.81174074507394711                3 -0.18504278277826658       0.17854821673461582      -0.23692754993523307      -0.77698976068863868      -0.45571475369331821       0.24980666285364600        1.5714285714285712       0.49487165930539334     
          13          28   8.0000000000000000        4.9999999999999991        7.4082313755698008       0.54075844289519703                3  -6.0498156315175140E-002 -0.18031093769555914       0.23842181708986337      -0.20321819600180643       0.45798114555190944       -8.5016953988123575E-002   1.4285714285714284       0.49487165930539379     
          13          29   6.0000000000000000        3.9999999999999996        5.7163981437574307       0.76129506932795477                3 -0.13713613531117386       -8.0327395137268512E-002  -5.7842593912381272E-002 -0.13612823870152427      -0.24502243910112806      -0.34413198544519757        1.1428571428571428       0.34992710611188244     
          13          30   10.000000000000000        6.4999999999999991        9.3664044753531321       0.71629553300595195                3 -0.11492891493927175      -0.23395733836802868       -6.2408259164838276E-002 -0.11947209057935892      -0.94062989840558153       0.73042978391495694        1.8571428571428568       0.34992710611188405     
          13          31   9.0000000000000000        5.9999999999999991        8.6618907876602300       0.71658999844325233                3 -0.18993540219722746       -8.2262267769731931E-002   8.3230423146553892E-002 -0.10296998371810694      -0.15607786646044730       0.25417535242448791        1.7142857142857140       0.45175395145262687     
          13          32   7.0000000000000000        4.4999999999999991        6.3297167494714834       0.41708938059334394                3  -9.8127468363140444E-002   8.8922876861315878E-002  -9.8418559952659648E-002 -0.10838759777748212       0.56903966134863371      -0.98152756764814697        1.2857142857142856       0.45175395145262587     
          13          33   7.0000000000000000        4.4999999999999991        6.7028762220680216       0.77601811201518101                3 -0.18603502763344279       -7.9534855149845957E-002   7.2558349762465044E-002 -0.12560363635144028      -0.21469959304446576       0.31849738134063288        1.2857142857142856       0.45175395145262565     
          13          34   8.0000000000000000        4.9999999999999991        7.3055243077580121       0.42108543749095273                3 -0.19466065611237890       -7.1410506342975605E-002   7.1759409627854723E-002 -0.10825067520161867      -0.18845198518884010       0.27901122051454375        1.4285714285714284       0.49487165930539379     
          13          35   8.0000000000000000        5.4999999999999991        7.7619931045621087       0.83784363479657242                3  -7.6827413056673316E-002  -9.7191534501401430E-002 -0.13992187440538198      -0.89494705948522180      -0.34468147191732518      -0.97920212263954987        1.5714285714285712       0.49487165930539379     
          13          36   8.0000000000000000        4.9999999999999991        7.6528017955619383       0.76851231815197918                3 -0.10403721521286134      -0.21686332415144011      -0.17262307777505079       0.13693783030872805       0.78404570597099921       0.95030273019789924        1.4285714285714284       0.49487165930539379     
          13          37   9.0000000000000000        5.9999999999999991        8.5757209064609725       0.70460807105740630                3 -0.10971470278294659       -7.0290612538558520E-002   6.0248368283104467E-002  -7.4945690670866996E-002 -0.23886029503365200       0.52138450907260936        1.7142857142857140       0.45175395145262637     
          13          38   8.0000000000000000        5.4999999999999991        7.7443138400298350       0.83311182620653135                3 -0.16717198256095667      -0.12289741126996689        9.3954409091517296E-002 -0.22277957652330632      -0.48401625073741206       0.51778215779865100        1.5714285714285712       0.49487165930539423     
          13          39   7.0000000000000000        4.9999999999999991        6.8872693188875767       0.90960001459775630                3  -9.3639955521100132E-002 -0.20709935560048573      -0.12865274790485282       0.25232838665883511      -0.18357811771322491      -0.29646823634682523        1.4285714285714284       0.49487165930539379     
          13          40   8.0000000000000000        4.9999999999999991        7.6528017955619436       0.76851229399036480                3 -0.10403723752471698      -0.21686331435092096      -0.17262308527836448       0.13693782624384870       0.78404571132973599       0.95030274493475075        1.4285714285714284       0.49487165930539379     
          13          41   7.0000000000000000        4.4999999999999991        6.3484012092443294       0.47606787410199974                3 -0.13058914532862745       -7.9247306350802460E-002  -6.3238353808971692E-002 -0.11673820696779270      -0.22301144161050948      -0.27453261870384238        1.2857142857142856       0.45175395145262587     
          13          42   10.000000000000000        6.9999999999999991        9.9297540895576919       0.97422751721856149                3 -0.17693419334643584       -8.5280265352956811E-002   9.7986072065967933E-002  0.89083991276654673      -0.13500067541062050      -0.75464952597742252        1.9999999999999996        2.9802322387695312E-008
          13          43   8.0000000000000000        5.4999999999999991        7.5955090474760238       0.66972986572741666                3 -0.12781641876217953       -6.5250094494691713E-002  -5.6596090535902213E-002  -9.5408688215930293E-002 -0.17646925063645436      -0.26327002963221813        1.5714285714285712       0.49487165930539379     
          13          44   6.0000000000000000        3.9999999999999996        5.7163981437574316       0.76129507491877602                3 -0.13713613029388508       -8.0327390290955966E-002  -5.7842594749766552E-002 -0.13612825268967699      -0.24502243696361881      -0.34413199093852387        1.1428571428571426       0.34992710611188277     
          13          45   8.0000000000000000        4.9999999999999991        7.3577452540807844       0.59029560964251027                3 -0.13951454601626304       -9.8919293094142352E-002  -7.4696890387274603E-002 -0.10495542867036459      -0.18680325022662067      -0.23451331654497146        1.4285714285714284       0.49487165930539334     
          13          46   7.0000000000000000        4.9999999999999991        6.8872693188875846       0.90960001473230490                3  -9.3639956196433644E-002 -0.20709935784894951      -0.12865274325609755       0.25232837636889277      -0.18357811224371634      -0.29646823274582790        1.4285714285714284       0.49487165930539334     
          13          47   6.0000000000000000        3.9999999999999996        5.9191366715983387       0.94172943466140469                3 -0.14471334986553563       0.23157714985333244       -5.4598242961600034E-002  0.23501704575411669       -6.0526866896081659E-002 -0.53185805094882188        1.1428571428571426       0.34992710611188310     
          13          48   8.0000000000000000        4.9999999999999991        7.4082313755697990       0.54075843018566494                3  -6.0498166401144519E-002 -0.18031093683697930       0.23842180167429844      -0.20321820558043382       0.45798117373417968       -8.5016959142230827E-002   1.4285714285714284       0.49487165930539379     
          13          49   10.000000000000000        5.9999999999999991        9.6722565433395093       0.89941951641955864                3 -0.21837479790259567       0.21724054030752893      -0.16198548315401828       0.66675042647501381       0.34344543900461849       0.68576324798778521        1.7142857142857140       0.45175395145262637     
          13          50   7.0000000000000000        4.9999999999999991        6.7640414993822553       0.83213437613467378                3 -0.10063745943365886       -4.7129239367989115E-002  -5.1203470532774693E-002 -0.10057362355664690      -0.23235538640342537      -0.34696618930690937        1.4285714285714284       0.49487165930539379     
