          14           1   7.0000000000000000        3.9999999999999996        6.8032629901478971       0.86709989976134683                3 -0.15083597050246095       -9.2550004101316904E-002   4.5372223788438519E-002 -0.11677620701875324      -0.24936674548011198       0.54216026591921251        1.5999999999999999       0.48989794855663626     
          14           2   5.0000000000000000        2.9999999999999996        4.9806764577673510       0.98405960348085197                3 -0.13655924358156579       0.22340411836213409       -5.6348560799208976E-002  0.26692123985993998       -7.8304183632339569E-002 -0.49704764987016881        1.2000000000000002       0.39999999999999963     
          14           3   7.0000000000000000        3.9999999999999996        6.8790566632875434       0.91879933975035954                3 -0.11613059966892268      -0.21226269829533564      -0.22166532672501729      -0.67911008403971329       0.88837187046556043      -0.59250286129740815        1.5999999999999999       0.48989794855663626     
          14           4   7.0000000000000000        3.9999999999999996        6.8790566632875390       0.91879931962483130                3 -0.11613059584159872      -0.21226268677304203      -0.22166533546612108      -0.67911003711751206       0.88837188578212367      -0.59250286033052091        1.6000000000000001       0.48989794855663493     
          14           5   6.0000000000000000        3.4999999999999996        5.9971284016925939       0.99862809578577316                3 -0.23250127003323823      -0.12029046990808481       0.16500484898343631       0.66723066183830826       0.66967618525900241       0.85908706418800729        1.4000000000000001       0.48989794855663538     
          14           6   8.0000000000000000        4.4999999999999991        7.9976903350424671       0.99873718944776058                3 -0.22258820977429758      -0.13705934241108453        8.6738200623856149E-002 -0.67215682422017786      -0.67006539789631747       0.66325063922163863        1.8000000000000003       0.39999999999999908     
          14           7   8.0000000000000000        4.4999999999999991        7.9976903350424564       0.99873718952339863                3 -0.22258820798897480      -0.13705934565567593        8.6738197993904684E-002 -0.67215682302310831      -0.67006539808860865       0.66325063596103462        1.7999999999999998       0.40000000000000130     
          14           8   6.0000000000000000        3.4999999999999996        5.9321641941311167       0.96446453960688527                3 -0.20175767792745936      -0.13739962382261306       -8.2119103834001603E-002 -0.16657103672161844      -0.28128956043450776      -0.34665192832255742        1.3999999999999999       0.48989794855663604     
          14           9   8.0000000000000000        4.4999999999999991        7.9976903350424582       0.99873718946465984                3 -0.22258821924459971      -0.13705933004998935        8.6738204032966768E-002 -0.67215682541169253      -0.67006539899599216       0.66325065383352189        1.8000000000000000       0.40000000000000019     
          14          10   6.0000000000000000        3.4999999999999996        5.9971284016925885       0.99862809657838270                3 -0.23250124948228920      -0.12029047832165427       0.16500483994005499       0.66723065742856968       0.66967616611803005       0.85908706101302312        1.4000000000000001       0.48989794855663538     
          14          11   5.0000000000000000        2.9999999999999996        4.9806764577673537       0.98405960247495794                3 -0.13655924300342151       0.22340411830560233       -5.6348557024550716E-002  0.26692123267328899       -7.8304184555976514E-002 -0.49704763400111746        1.2000000000000000       0.39999999999999991     
          14          12   6.0000000000000000        3.4999999999999996        5.9971284016925868       0.99862810037265670                3 -0.23250126503487734      -0.12029047562391083       0.16500486755844929       0.66723063720441089       0.66967617809445701       0.85908705384170458        1.4000000000000001       0.48989794855663538     
          14          13   6.0000000000000000        3.4999999999999996        5.9321641941311221       0.96446453183607050                3 -0.20175767801064362      -0.13739963075306152       -8.2119093236259127E-002 -0.16657100941098113      -0.28128955844609443      -0.34665190679047858        1.3999999999999999       0.48989794855663604     
          14          14   5.0000000000000000        2.9999999999999996        4.9806764577673510       0.98405960242151513                3 -0.13655925183936010       0.22340412728535666       -5.6348559682421112E-002  0.26692122083880965       -7.8304180553073421E-002 -0.49704762486861293        1.2000000000000000       0.39999999999999991     
          14          15   7.0000000000000000        3.9999999999999996        6.8032629901478971       0.86709989972327184                3 -0.15083596901360344       -9.2550002232906631E-002   4.5372223013415709E-002 -0.11677621007562598      -0.24936674607019030       0.54216027233196151        1.6000000000000001       0.48989794855663493     
          14          16   7.0000000000000000        3.9999999999999996        6.8790566632875372       0.91879935853032069                3 -0.11613061208659181      -0.21226269865682096      -0.22166532105195516      -0.67911009979738857       0.88837188827034119      -0.59250286068154612        1.6000000000000001       0.48989794855663493     
          14          17   5.0000000000000000        2.9999999999999996        4.9806764577673537       0.98405960253321956                3 -0.13655924935840172       0.22340412496272444       -5.6348559826363713E-002  0.26692122289475428       -7.8304181807814094E-002 -0.49704762636945615        1.2000000000000000       0.39999999999999991     
          14          18   7.0000000000000000        3.9999999999999996        6.8032629901478936       0.86709992792556634                3 -0.15083594856914312       -9.2550005517856443E-002   4.5372231084422898E-002 -0.11677622051936443      -0.24936676277167877       0.54216028102613489        1.6000000000000001       0.48989794855663493     
          14          19   6.0000000000000000        3.4999999999999996        5.9321641941311203       0.96446454029530726                3 -0.20175767743422454      -0.13739962445756676       -8.2119104153887859E-002 -0.16657103870397111      -0.28128956134144184      -0.34665192782035370        1.3999999999999999       0.48989794855663604     
          14          20   8.0000000000000000        4.4999999999999991        7.9976903350424555       0.99873718791511346                3 -0.22258820696022003      -0.13705934667171418        8.6738177415309328E-002 -0.67215681820632422      -0.67006541505015416       0.66325064376127729        1.8000000000000000       0.40000000000000019     
          14          21   6.0000000000000000        3.4999999999999996        5.9321641941311203       0.96446454123363545                3 -0.20175767811528314      -0.13739962615389853       -8.2119108395395671E-002 -0.16657103624163250      -0.28128956616662698      -0.34665192178867726        1.3999999999999999       0.48989794855663604     
          14          22   5.0000000000000000        2.9999999999999996        4.9806764577673510       0.98405960290474259                3 -0.13655925050870457       0.22340412757025527       -5.6348558619122968E-002  0.26692122190115075       -7.8304181151351432E-002 -0.49704763181022943        1.2000000000000000       0.39999999999999991     
          14          23   7.0000000000000000        3.9999999999999996        6.8032629901478998       0.86709989933786069                3 -0.15083596950761935       -9.2550003389854196E-002   4.5372223276476067E-002 -0.11677620780310398      -0.24936674476889339       0.54216026942465323        1.6000000000000001       0.48989794855663493     
          14          24   6.0000000000000000        3.4999999999999996        5.9321641941311194       0.96446454037577189                3 -0.20175767620469812      -0.13739961983952120       -8.2119103294800461E-002 -0.16657104156755906      -0.28128956429057045      -0.34665193430500002        1.3999999999999999       0.48989794855663604     
          14          25   6.0000000000000000        3.4999999999999996        5.9971284016925850       0.99862809529758856                3 -0.23250126972326621      -0.12029046603146694       0.16500485624334099       0.66723066467727310       0.66967619888108953       0.85908707504832948        1.3999999999999999       0.48989794855663604     
          14          26   7.0000000000000000        3.9999999999999996        6.8032629901478945       0.86709988687360096                3 -0.15083596977678607       -9.2550003769601666E-002   4.5372217438728449E-002 -0.11677620735239666      -0.24936672820223943       0.54216027517962040        1.6000000000000001       0.48989794855663493     
          14          27   6.0000000000000000        3.4999999999999996        5.9321641941311167       0.96446453572279656                3 -0.20175767381842524      -0.13739961508775836       -8.2119094443268759E-002 -0.16657103481413593      -0.28128956192170279      -0.34665193139261608        1.3999999999999999       0.48989794855663604     
          14          28   8.0000000000000000        4.9999999999999991        8.0000000000000142       0.99999999999999978                3  -7.8541106576116113E-002  0.17456144187920475       -2.4198019985445872E-002 -0.81739377888737963       -7.7261639419565473E-002  0.27311363949311462        2.0000000000000000        0.0000000000000000     
          14          29   8.0000000000000000        4.4999999999999991        7.9976903350424724       0.99873718932103672                3 -0.22258821881085014      -0.13705933476128337        8.6738192982026355E-002 -0.67215682239035979      -0.67006540614688648       0.66325065067396849        1.7999999999999998       0.40000000000000130     
          14          30   7.0000000000000000        3.9999999999999996        6.8790566632875390       0.91879935044486449                3 -0.11613060056813228      -0.21226271052180226      -0.22166532022509022      -0.67911008382304117       0.88837185600603175      -0.59250286766877891        1.6000000000000001       0.48989794855663493     
          14          31   7.0000000000000000        3.9999999999999996        6.8032629901478954       0.86709993997080459                3 -0.15083595632781352       -9.2550012532003095E-002   4.5372241231150238E-002 -0.11677623457188477      -0.24936673387024247       0.54216030498153422        1.5999999999999999       0.48989794855663626     
          14          32   6.0000000000000000        3.4999999999999996        5.9321641941311203       0.96446453687425171                3 -0.20175767705669503      -0.13739962331644029       -8.2119097667269214E-002 -0.16657103193936346      -0.28128955779074144      -0.34665192773465614        1.3999999999999999       0.48989794855663604     
          14          33   5.0000000000000000        2.9999999999999996        4.9806764577673510       0.98405960215983024                3 -0.13655925012946935       0.22340412541922253       -5.6348560686818074E-002  0.26692122091145704       -7.8304179518188952E-002 -0.49704762346799736        1.2000000000000000       0.39999999999999991     
          14          34   7.0000000000000000        3.9999999999999996        6.8790566632875381       0.91879934559705356                3 -0.11613060552537123      -0.21226268559684411      -0.22166533069842317      -0.67911009635923825       0.88837187949043550      -0.59250286491299897        1.6000000000000001       0.48989794855663493     
          14          35   6.0000000000000000        3.4999999999999996        5.9321641941311150       0.96446453990555059                3 -0.20175768130372365      -0.13739962049576940       -8.2119105329330047E-002 -0.16657104206965773      -0.28128955449171955      -0.34665193765086677        1.4000000000000001       0.48989794855663538     
          14          36   7.0000000000000000        3.9999999999999996        6.8032629901478971       0.86709990054317332                3 -0.15083596821701958       -9.2550006375837574E-002   4.5372223290178405E-002 -0.11677621103917815      -0.24936674073480694       0.54216028362242119        1.6000000000000001       0.48989794855663493     
          14          37   8.0000000000000000        4.9999999999999991        8.0000000000000124       0.99999999999999867                3  -4.8973172958123819E-002  0.14640153898208466      -0.22208869482386304      -0.62112128145922996      -0.54615478074686041        5.3305078259207404E-002   2.0000000000000000        0.0000000000000000     
          14          38   5.0000000000000000        2.9999999999999996        4.9806764577673484       0.98405960205812559                3 -0.13655923899036851       0.22340411831253618       -5.6348551707029883E-002  0.26692121465591789       -7.8304187125748492E-002 -0.49704762594446705        1.2000000000000000       0.40000000000000019     
          14          39   5.0000000000000000        2.9999999999999996        4.9806764577673519       0.98405960148703597                3 -0.13655924733654459       0.22340411947219629       -5.6348555991359135E-002  0.26692121779497308       -7.8304188485554274E-002 -0.49704761316073048        1.2000000000000002       0.39999999999999963     
          14          40   8.0000000000000000        4.9999999999999991        8.0000000000000142       0.99999999999999978                3 -0.13435672708904151       -6.6706863292191762E-002  0.18240824418023840        4.7926342977765130E-002  0.75889242554044234       0.85377124796984560        2.0000000000000000        0.0000000000000000     
          14          41   5.0000000000000000        2.9999999999999996        4.9806764577673519       0.98405960286530592                3 -0.13655924765575828       0.22340412145660413       -5.6348556772616604E-002  0.26692123637490223       -7.8304184840365082E-002 -0.49704763984133071        1.2000000000000002       0.39999999999999963     
          14          42   6.0000000000000000        3.4999999999999996        5.9971284016925894       0.99862809538150299                3 -0.23250126901661489      -0.12029047346231782       0.16500484293183942       0.66723066682102039       0.66967617022168979       0.85908707376545979        1.3999999999999999       0.48989794855663604     
          14          43   7.0000000000000000        3.9999999999999996        6.8032629901478945       0.86709988988924835                3 -0.15083596475644648       -9.2549987062339037E-002   4.5372217964753853E-002 -0.11677621530386245      -0.24936673293686365       0.54216030026953943        1.5999999999999999       0.48989794855663626     
          14          44   5.0000000000000000        2.9999999999999996        4.9806764577673537       0.98405960226367006                3 -0.13655925253607751       0.22340412810156718       -5.6348559068425848E-002  0.26692121775753552       -7.8304181126815225E-002 -0.49704761996776531        1.2000000000000000       0.39999999999999991     
          14          45   7.0000000000000000        3.9999999999999996        6.8032629901478963       0.86709989655571107                3 -0.15083597141516020       -9.2550003080134960E-002   4.5372222116047287E-002 -0.11677620654404321      -0.24936674641847648       0.54216026367801995        1.6000000000000001       0.48989794855663493     
          14          46   7.0000000000000000        3.9999999999999996        6.8790566632875363       0.91879935222673403                3 -0.11613060932509139      -0.21226269185109312      -0.22166532512401746      -0.67911009479252027       0.88837188635090669      -0.59250286029690080        1.5999999999999999       0.48989794855663626     
          14          47   5.0000000000000000        2.9999999999999996        4.9806764577673537       0.98405960201743814                3 -0.13655924924671048       0.22340412461026679       -5.6348560258325728E-002  0.26692122046747085       -7.8304179535062024E-002 -0.49704762279406600        1.2000000000000002       0.39999999999999963     
          14          48   6.0000000000000000        3.4999999999999996        5.9321641941311185       0.96446454464417131                3 -0.20175768260572249      -0.13739962999616440       -8.2119115299678025E-002 -0.16657104373141096      -0.28128956270678079      -0.34665192604244327        1.3999999999999999       0.48989794855663604     
          14          49   5.0000000000000000        2.9999999999999996        4.9806764577673510       0.98405960172514961                3 -0.13655926033610558       0.22340412955464695       -5.6348563712858429E-002  0.26692121314213696       -7.8304182663191627E-002 -0.49704760694241745        1.2000000000000000       0.40000000000000019     
          14          50   7.0000000000000000        3.9999999999999996        6.8032629901478963       0.86709992619907550                3 -0.15083595482668113       -9.2550010385112361E-002   4.5372232985490445E-002 -0.11677621415147958      -0.24936675564618391       0.54216028591547982        1.5999999999999999       0.48989794855663626     
