          11           1   6.0000000000000000        3.9999999999999996        5.8762871254666598       0.92402135878453939                3 -0.16431820507726627      -0.15624660366277182      -0.20941963830326271      -0.45741865539677462       0.98693507746570119       0.80302402537813133        1.3333333333333333       0.47140452079103157     
          11           2   8.0000000000000000        5.4999999999999991        7.9242027681019174       0.95891107609147075                3 -0.24056030279703150       -8.2972352941140137E-002  0.10374063462762576      -0.59666048279672990      -0.61833840378562077       0.66244271475999073        1.8333333333333330       0.37267799624996606     
          11           3   7.0000000000000000        4.9999999999999991        7.0000000000000089       0.99999999999999589                3 -0.24999999935482656       0.24999999392575825       0.12500000503636510      -0.37499998920210553      -0.99999999679769824       0.62500000158239044        1.6666666666666665       0.47140452079103179     
          11           4   6.0000000000000000        3.9999999999999996        5.8849174475820707       0.93042666410852970                3 -0.18457908879653120       0.14759021385901505      -0.19580853526905717       0.26578857259761529      -0.60753043270394969       0.49044099730709223        1.3333333333333333       0.47140452079103157     
          11           5   6.0000000000000000        3.9999999999999996        5.8762871254666615       0.92402136155419412                3 -0.16431820744312289      -0.15624660001917468      -0.20941963900837859      -0.45741865886909555       0.98693507841396910       0.80302402419984797        1.3333333333333333       0.47140452079103179     
          11           6   7.0000000000000000        4.4999999999999991        6.5635200805595089       0.72503803687745882                3 -0.18262218200958336      -0.13653890424982357      -0.14010139588520434      -0.14936509312015991      -0.26495505759883020      -0.78218740297441480        1.4999999999999998       0.50000000000000044     
          11           7   8.0000000000000000        5.4999999999999991        7.8450569350363466       0.91677468995814282                3 -0.23544683408910427        8.9448472311661462E-002 -0.11204765994158852       0.56075587120926873      -0.91982300818571350       0.86422722635169036        1.8333333333333330       0.37267799624996606     
          11           8   8.0000000000000000        4.9999999999999991        7.7772113006959334       0.88987488193112474                3 -0.16767366705826428      -0.23435878670227994       0.14473237418482487      -0.59921482615451538      -0.55674569372844362        8.0429458738699694E-002   1.6666666666666667       0.47140452079103085     
          11           9   7.0000000000000000        4.4999999999999991        6.5635200805595115       0.72503805035611746                3 -0.18262219294839699      -0.13653893545507625      -0.14010142106946585      -0.14936510747092657      -0.26495503166688605      -0.78218741087654509        1.4999999999999998       0.50000000000000044     
          11          10   7.0000000000000000        4.4999999999999991        6.7819588611232904       0.83373083403366310                3 -0.12820889757642287        9.6921690440349928E-002   7.4423061031147902E-002 -0.10755031709057317       0.81041009558724053      -0.28145857618136372        1.5000000000000000       0.50000000000000000     
          11          11   8.0000000000000000        4.9999999999999991        7.7772113006959316       0.88987487376582397                3 -0.16767366018228816      -0.23435877604791786       0.14473237202828429      -0.59921483025886835      -0.55674568290336268        8.0429460939922454E-002   1.6666666666666665       0.47140452079103223     
          11          12   7.0000000000000000        4.4999999999999991        6.6817690595349823       0.77727373087969220                3 -0.14461891692931905        8.7507633013357164E-002   6.9672028495118471E-002 -0.11635142020838295       0.81093658568705140      -0.19095310683441688        1.4999999999999998       0.50000000000000000     
          11          13   8.0000000000000000        4.9999999999999991        7.7772113006959351       0.88987486982191011                3 -0.16767365894007549      -0.23435878617312977       0.14473237762928493      -0.59921483266724607      -0.55674568707499528        8.0429461698497504E-002   1.6666666666666667       0.47140452079103085     
          11          14   7.0000000000000000        4.4999999999999991        6.5635200805595098       0.72503804436977082                3 -0.18262219782740577      -0.13653893956444052      -0.14010141994307779      -0.14936510299719358      -0.26495503000050569      -0.78218741307304651        1.5000000000000000       0.49999999999999956     
          11          15   7.0000000000000000        4.4999999999999991        6.7268598505198813       0.85233800507823942                3 -0.15389108367736140        8.3989023193875079E-002  -8.1133460015335696E-002 -0.14310720510376421       0.60543706775008321      -0.79992257962181534        1.5000000000000000       0.50000000000000000     
          11          16   6.0000000000000000        3.9999999999999996        5.8762871254666607       0.92402135440858402                3 -0.16431820647873052      -0.15624659276226838      -0.20941964156319798      -0.45741864430817980       0.98693507332667285       0.80302402953709784        1.3333333333333333       0.47140452079103157     
          11          17   7.0000000000000000        4.9999999999999991        7.0000000000000089       0.99999999999999867                3 -0.24999999656767560      -0.24999999759197844      -0.12500000219861565       0.37499999609993484      -0.99999999880950741      -0.62500000062123606        1.6666666666666665       0.47140452079103179     
          11          18   8.0000000000000000        4.9999999999999991        8.0000000000000107       0.99999999999999956                3 -0.12499999943612207      -0.24999999900341446       0.24999999426660799      -0.49999999712192944       0.12499999944220973      -0.49999999923257166        1.6666666666666665       0.47140452079103179     
          11          19   7.0000000000000000        4.4999999999999991        6.5635200805595106       0.72503805102394503                3 -0.18262219398709040      -0.13653893592158836      -0.14010142226209008      -0.14936511005762024      -0.26495502875567878      -0.78218741111373868        1.5000000000000000       0.49999999999999956     
          11          20   8.0000000000000000        4.9999999999999991        7.7772113006959254       0.88987487271266019                3 -0.16767366094304906      -0.23435878162856397       0.14473237667370645      -0.59921483224955796      -0.55674568493289101        8.0429456535256044E-002   1.6666666666666665       0.47140452079103223     
          11          21   5.0000000000000000        3.4999999999999996        4.9473220824122128       0.95815029849897460                3 -0.14360278617146216       -7.3627934074160822E-002  -3.9435759509612318E-002 -0.11519143011244649      -0.21755815668831685      -0.25677944575003270        1.1666666666666667       0.37267799624996456     
          11          22   4.0000000000000000        2.9999999999999996        4.0000000000000053        1.0000000000000000                3 -0.18349010176687885       -4.5210835705496735E-002   4.8908744536552577E-002 -0.11964419555531722      -0.23084944393689341      -0.69760205783518647       0.99999999999999989        1.0536712127723509E-008
          11          23   6.0000000000000000        3.9999999999999996        6.0000000000000071        1.0000000000000002                3  -7.6021682576176711E-002   7.6021678378676266E-002  0.24999999483282914       0.25000000372677494      -0.99999999181239352       0.83333332391129211        1.3333333333333333       0.47140452079103179     
          11          24   7.0000000000000000        4.4999999999999991        6.7819588611232930       0.83373082920481556                3 -0.12820890676036700        9.6921711486266715E-002   7.4423072704464424E-002 -0.10755029700697447       0.81041009415597143      -0.28145856349609610        1.4999999999999998       0.50000000000000044     
          11          25   5.0000000000000000        3.4999999999999996        4.9473220824122146       0.95815031167108522                3 -0.14360277136755062       -7.3627926750997705E-002  -3.9435758725301709E-002 -0.11519144917323440      -0.21755819509603608      -0.25677946294305054        1.1666666666666665       0.37267799624996550     
          11          26   6.0000000000000000        3.9999999999999996        5.8782772141059123       0.89318366462872778                3 -0.15081518591496001      -0.20790501941521605       0.15792686627524261        7.9365618810986055E-002 -0.83512901019369956      -0.95736087183926566        1.3333333333333333       0.47140452079103179     
          11          27   7.0000000000000000        4.9999999999999991        6.9891572378614670       0.99406626390827624                3 -0.17249943688171052       0.15565550761416028      -0.10495689187704564       0.50037017062127831       0.49710023755037203       0.40360194611975397        1.6666666666666665       0.47140452079103179     
          11          28   6.0000000000000000        3.9999999999999996        5.9647671896176817       0.97847249407031622                3 -0.14704370402831821      -0.23517515645601664       -5.9612045077803370E-002  0.22521490891697549       -8.3740936926067461E-002 -0.58605180154334846        1.3333333333333333       0.47140452079103179     
          11          29   7.0000000000000000        4.4999999999999991        6.5635200805595133       0.72503800823250764                3 -0.18262220978146043      -0.13653893446434781      -0.14010142949190621      -0.14936509988782667      -0.26495501368965652      -0.78218743256202217        1.5000000000000000       0.49999999999999956     
          11          30   4.0000000000000000        2.9999999999999996        4.0000000000000053        1.0000000000000002                3  -9.0968281926498737E-002  0.22103323937171540        2.9805579529470248E-002 -0.69650898306446585      -0.12084003785072386      -0.51713334423595769       0.99999999999999989        1.0536712127723509E-008
          11          31   8.0000000000000000        4.9999999999999991        7.7772113006959298       0.88987487973430701                3 -0.16767366257659169      -0.23435876126356325       0.14473236084903290      -0.59921482620782363      -0.55674568028029259        8.0429463468308940E-002   1.6666666666666665       0.47140452079103179     
          11          32   6.0000000000000000        3.9999999999999996        5.8762871254666607       0.92402138066964745                3 -0.16431819727140595      -0.15624657778629883      -0.20941964937188040      -0.45741866243541945       0.98693507208341580       0.80302403740783801        1.3333333333333333       0.47140452079103157     
          11          33   7.0000000000000000        4.4999999999999991        6.7268598505198733       0.85233802831185335                3 -0.15389107261126628        8.3989010848735460E-002  -8.1133440468376936E-002 -0.14310721929409259       0.60543705571689088      -0.79992257075758832        1.4999999999999998       0.50000000000000000     
          11          34   8.0000000000000000        5.4999999999999991        7.8826306630355729       0.93467531715497199                3 -0.23144415098243856       -6.9273925484172341E-002   9.1873365529354337E-002 -0.58409333239528083      -0.59401525264465349       0.64372452065973007        1.8333333333333333       0.37267799624996489     
          11          35   7.0000000000000000        4.4999999999999991        6.7268598505198769       0.85233799164667134                3 -0.15389109635456702        8.3989017705048838E-002  -8.1133462299221776E-002 -0.14310720073772260       0.60543706619328908      -0.79992257026067415        1.4999999999999998       0.50000000000000000     
          11          36   5.0000000000000000        3.4999999999999996        4.9473220824122119       0.95815031626170211                3 -0.14360276913105494       -7.3627932693564685E-002  -3.9435757940899548E-002 -0.11519145045755985      -0.21755820839952147      -0.25677946858146511        1.1666666666666665       0.37267799624996550     
          11          37   6.0000000000000000        3.9999999999999996        5.8782772141059176       0.89318366780125669                3 -0.15081519119096282      -0.20790502240543801       0.15792686736751824        7.9365622327077889E-002 -0.83512900222951558      -0.95736087251935909        1.3333333333333333       0.47140452079103179     
          11          38   5.0000000000000000        3.4999999999999996        4.9473220824122146       0.95815031017696972                3 -0.14360277695332604       -7.3627928758036601E-002  -3.9435759407268275E-002 -0.11519144895614694      -0.21755819070292237      -0.25677945394166535        1.1666666666666665       0.37267799624996550     
          11          39   7.0000000000000000        4.4999999999999991        7.0000000000000062       0.99999999999998179                3 -0.24999998483831065       -6.2500008195142578E-002  0.18749998075260327      -0.50000001700581664      -0.74999996772367628       0.99999996932099022        1.5000000000000000       0.50000000000000000     
          11          40   8.0000000000000000        4.9999999999999991        7.6017503176083787       0.77631609308657890                3 -0.10683149725387527       0.10396385998582519        7.2451597943191157E-002 -0.66389655919288260       0.73951813576573966       0.65747446503886242        1.6666666666666665       0.47140452079103179     
          11          41   7.0000000000000000        4.4999999999999991        6.7819588611232877       0.83373083355979227                3 -0.12820889710254557        9.6921691689577927E-002   7.4423062248450522E-002 -0.10755031444637633       0.81041010070956743      -0.28145857748631636        1.5000000000000000       0.50000000000000000     
          11          42   8.0000000000000000        5.4999999999999991        7.8826306630355703       0.93467529257684145                3 -0.23144414395223328       -6.9273932363624349E-002   9.1873348070976468E-002 -0.58409332599254682      -0.59401527329259574       0.64372455604671774        1.8333333333333333       0.37267799624996489     
          11          43   7.0000000000000000        4.4999999999999991        6.7268598505198787       0.85233802875651665                3 -0.15389106154960652        8.3989000871424066E-002  -8.1133447995903329E-002 -0.14310722008309479       0.60543704646546437      -0.79992255526428657        1.4999999999999998       0.50000000000000000     
          11          44   8.0000000000000000        4.9999999999999991        7.6017503176083716       0.77631608730183199                3 -0.10683149232248391       0.10396385439868823        7.2451599740955122E-002 -0.66389656022882992       0.73951813849228432       0.65747445378823277        1.6666666666666665       0.47140452079103179     
          11          45   6.0000000000000000        3.9999999999999996        6.0000000000000080       0.99999999999997580                3  -4.8978318192728375E-002   4.8978323220795525E-002  -8.3333353472522381E-002 -0.25000002946666350      -0.99999999434292908       0.50000002438522506        1.3333333333333333       0.47140452079103179     
          11          46   7.0000000000000000        4.4999999999999991        6.7819588611232930       0.83373082752616923                3 -0.12820890091754186        9.6921695482222153E-002   7.4423062308026422E-002 -0.10755031151232478       0.81041010452329043      -0.28145857319546447        1.5000000000000002       0.49999999999999867     
          11          47   5.0000000000000000        3.4999999999999996        4.9473220824122155       0.95815030935013223                3 -0.14360277202079982       -7.3627924366189409E-002  -3.9435754392378487E-002 -0.11519145050269652      -0.21755820067638595      -0.25677945718763756        1.1666666666666665       0.37267799624996550     
          11          48   7.0000000000000000        4.4999999999999991        6.7268598505198742       0.85233800193514786                3 -0.15389108760023512        8.3989022740040636E-002  -8.1133462219134977E-002 -0.14310720521299480       0.60543706897709948      -0.79992258340807720        1.5000000000000000       0.49999999999999956     
          11          49   8.0000000000000000        5.4999999999999991        7.8826306630355685       0.93467529430298391                3 -0.23144413347191059       -6.9273939704667706E-002   9.1873340203531814E-002 -0.58409332560211780      -0.59401526130686566       0.64372453636171845        1.8333333333333333       0.37267799624996489     
          11          50   7.0000000000000000        4.4999999999999991        6.5635200805594991       0.72503804645909709                3 -0.18262219400872842      -0.13653893536868006      -0.14010142660623023      -0.14936510753198648      -0.26495503271293458      -0.78218741241787337        1.4999999999999998       0.50000000000000044     
