           3           1   5.0000000000000000        2.9999999999999996        4.8634865240583469       0.92441786051756880                3 -0.12574730403227438        9.7359775887467817E-002   7.2571428566936824E-002 -0.17950424723802702       0.70881297200869076      -0.25834289767768726        1.2000000000000000       0.39999999999999991     
           3           2   7.0000000000000000        4.4999999999999991        6.7637477089110973       0.81526555508837451                3 -0.14125930136966652       -8.1861148707260079E-002  -5.2280217628127783E-002  -9.4645569121321743E-002 -0.17347083966783844      -0.17808681735113568        1.7999999999999998       0.40000000000000130     
           3           3   7.0000000000000000        3.9999999999999996        6.3870381926437725       0.52356145869076909                3 -0.15007690585563344       -9.4662752376809600E-002  -5.5593853620556036E-002 -0.10226473135841176      -0.19441323364480176      -0.21587139182895726        1.6000000000000001       0.48989794855663493     
           3           4   5.0000000000000000        2.9999999999999996        4.8514499443064452       0.87399673623142893                3 -0.16061352906477364       -8.8306966494166347E-002  -5.0232427968745857E-002 -0.12148860902544416      -0.22679125174538239      -0.24139066245108831        1.2000000000000000       0.40000000000000019     
           3           5   7.0000000000000000        3.9999999999999996        6.6170511593072172       0.75748878887481774                3 -0.14349334896242263       -8.8175475844863363E-002  -7.0417510981711090E-002 -0.10729460781516019      -0.19798552983374640      -0.17334771994407486        1.6000000000000001       0.48989794855663493     
           3           6   6.0000000000000000        3.4999999999999996        5.5794016649152631       0.69772332020795214                3 -0.12347088298071600      -0.10959002820844527       -7.6721208473164562E-002 -0.11266315593359234      -0.65475566528245865       0.32716202245254317        1.3999999999999999       0.48989794855663604     
           3           7   6.0000000000000000        3.4999999999999996        5.5794016649152613       0.69772334226337329                3 -0.12347088831713385      -0.10959002759006317       -7.6721220988254762E-002 -0.11266315731267634      -0.65475560817898626       0.32716199739616203        1.3999999999999999       0.48989794855663604     
           3           8   6.0000000000000000        3.9999999999999996        5.9803615004921804       0.99238497633427381                3  -9.6455697886052655E-002  0.17183909949410597        6.4697212451219066E-002 -0.38349948053928734       0.98622357528775562      -0.50057479585405262        1.6000000000000001       0.48989794855663493     
           3           9   6.0000000000000000        3.4999999999999996        5.7635909822177638       0.83234003986898186                3 -0.15166818952005029       -9.5492665553322822E-002  -6.1024960116997123E-002 -0.11254274524103465      -0.20531146534396399      -0.19865931092793362        1.3999999999999999       0.48989794855663604     
           3          10   7.0000000000000000        3.9999999999999996        6.6170511593072066       0.75748878584230306                3 -0.14349334803700431       -8.8175477555390305E-002  -7.0417510037036182E-002 -0.10729460663586234      -0.19798552959505375      -0.17334771652289718        1.6000000000000001       0.48989794855663493     
           3          11   7.0000000000000000        4.4999999999999991        6.7637477089110938       0.81526556433452924                3 -0.14125929850228153       -8.1861147997491682E-002  -5.2280228696943647E-002  -9.4645564463594262E-002 -0.17347083089186477      -0.17808682427734795        1.7999999999999998       0.40000000000000130     
           3          12   7.0000000000000000        3.9999999999999996        6.8172814872062188       0.91200759812723986                3 -0.15195110090091055       -9.7593464426011092E-002  -6.6396602786999978E-002  -9.6000940764439366E-002 -0.18032988450560758      -0.16716479135950546        1.6000000000000001       0.48989794855663493     
           3          13   7.0000000000000000        4.4999999999999991        6.7637477089110947       0.81526554906034066                3 -0.14125930347442181       -8.1861151511089275E-002  -5.2280221178942189E-002  -9.4645563164266436E-002 -0.17347082532605698      -0.17808681871066978        1.7999999999999998       0.40000000000000130     
           3          14   7.0000000000000000        3.9999999999999996        6.7944332109673189       0.92763264316597627                3 -0.11997944111876455        5.7908582192477402E-002  -7.2831566633169739E-002 -0.10509591760137525       0.31551081484748617      -0.57320341289534493        1.5999999999999999       0.48989794855663626     
           3          15   6.0000000000000000        3.4999999999999996        5.7635909822177656       0.83234003920523236                3 -0.15166818608611346       -9.5492665853702960E-002  -6.1024959679873432E-002 -0.11254274596174740      -0.20531146260769137      -0.19865930647103372        1.3999999999999999       0.48989794855663604     
           3          16   7.0000000000000000        3.9999999999999996        6.3870381926437689       0.52356146163794381                3 -0.15007690170059648       -9.4662743677180250E-002  -5.5593856862310512E-002 -0.10226473999025203      -0.19441323229233973      -0.21587137163202177        1.6000000000000001       0.48989794855663493     
           3          17   7.0000000000000000        3.9999999999999996        6.3870381926437716       0.52356145175700164                3 -0.15007690676534707       -9.4662752490440649E-002  -5.5593851238728613E-002 -0.10226473302220880      -0.19441323059957225      -0.21587138305450129        1.6000000000000001       0.48989794855663493     
           3          18   8.0000000000000000        4.9999999999999991        7.8971820412652471       0.97444337493943256                3 -0.10492841427680742        8.6825444326828538E-002  -9.4438339678546618E-002  0.92283453051401987      -0.72555118550610109       0.51457489040235072        2.0000000000000000        0.0000000000000000     
           3          19   7.0000000000000000        3.9999999999999996        6.3870381926437680       0.52356145577436153                3 -0.15007690663598489       -9.4662753018781270E-002  -5.5593853382466897E-002 -0.10226473298131156      -0.19441322926309357      -0.21587138441765755        1.6000000000000001       0.48989794855663582     
           3          20   6.0000000000000000        3.4999999999999996        5.5794016649152631       0.69772334309185224                3 -0.12347089288628822      -0.10959002136938288       -7.6721224096823720E-002 -0.11266315683605826      -0.65475563107344381       0.32716200866679052        1.3999999999999999       0.48989794855663604     
           3          21   6.0000000000000000        3.4999999999999996        5.5794016649152640       0.69772332584891028                3 -0.12347087855525082      -0.10959002040680833       -7.6721227025595487E-002 -0.11266315871230743      -0.65475562342799665       0.32716198448900263        1.3999999999999999       0.48989794855663604     
           3          22   6.0000000000000000        3.4999999999999996        5.9284573749197422       0.96916413926601752                3 -0.15732265148662400       -9.4867664702011648E-002  -5.9802441268960962E-002 -0.10081526685812922       0.80648813998242219       0.80925919904423704        1.4000000000000001       0.48989794855663538     
           3          23   7.0000000000000000        4.4999999999999991        6.7637477089110956       0.81526555140807599                3 -0.14125929926564743       -8.1861152380972649E-002  -5.2280220370699501E-002  -9.4645559807373367E-002 -0.17347083196658414      -0.17808682780656315        1.7999999999999998       0.40000000000000130     
           3          24   6.0000000000000000        3.4999999999999996        5.7728854766180850       0.85362284903410179                3 -0.10891116040695706       -6.6231265784378240E-002   5.6066662044331014E-002 -0.12614257204299861      -0.27158531043042866       0.65097592515932068        1.4000000000000001       0.48989794855663538     
           3          25   6.0000000000000000        3.9999999999999996        5.9803615004921786       0.99238497601507292                3  -9.6455696613356526E-002  0.17183908579706764        6.4697211214356593E-002 -0.38349948406002071       0.98622357275969574      -0.50057477642201342        1.6000000000000001       0.48989794855663493     
           3          26   6.0000000000000000        3.4999999999999996        5.9284573749197449       0.96916413812932412                3 -0.15732261866464678       -9.4867643188053005E-002  -5.9802458326813697E-002 -0.10081524853749343       0.80648814883320974       0.80925920603611157        1.4000000000000001       0.48989794855663538     
           3          27   5.0000000000000000        2.9999999999999996        4.8514499443064452       0.87399672601485467                3 -0.16061354075611239       -8.8306974630276328E-002  -5.0232428838485658E-002 -0.12148859143858672      -0.22679123727046865      -0.24139067409604276        1.2000000000000000       0.40000000000000019     
           3          28   6.0000000000000000        3.4999999999999996        5.7635909822177620       0.83234002003457208                3 -0.15166819417138042       -9.5492662660135480E-002  -6.1024952582421264E-002 -0.11254273092364546      -0.20531147300223473      -0.19865930874021615        1.3999999999999999       0.48989794855663604     
           3          29   8.0000000000000000        4.4999999999999991        7.9228733673439971       0.94680679292635395                3 -0.18239916845871307       0.12426311690761055        6.6685012742023819E-002 -0.21826464969780543       0.49064801809214292       0.52230018665580114        1.7999999999999998       0.40000000000000130     
           3          30   6.0000000000000000        3.9999999999999996        5.9803615004921813       0.99238497437257123                3  -9.6455690658387952E-002  0.17183907207515417        6.4697217838786597E-002 -0.38349948202449213       0.98622357846338482      -0.50057478662112520        1.6000000000000001       0.48989794855663493     
           3          31   8.0000000000000000        4.9999999999999991        7.8971820412652498       0.97444337721973173                3 -0.10492842508177634        8.6825462010311716E-002  -9.4438340198155168E-002  -7.7165462852026495E-002  0.27444877740747370      -0.48542510210137246        2.0000000000000000        0.0000000000000000     
           3          32   6.0000000000000000        3.4999999999999996        5.7728854766180850       0.85362283865402189                3 -0.10891116297916677       -6.6231260144240717E-002   5.6066658955546786E-002 -0.12614257038251506      -0.27158531106974482       0.65097591413041556        1.3999999999999999       0.48989794855663604     
           3          33   7.0000000000000000        3.9999999999999996        6.3870381926437672       0.52356143350760986                3 -0.15007689681387668       -9.4662745806343512E-002  -5.5593853808322206E-002 -0.10226471509128046      -0.19441322572028399      -0.21587139638083649        1.6000000000000001       0.48989794855663493     
           3          34   6.0000000000000000        3.4999999999999996        5.9284573749197449       0.96916413683244607                3 -0.15732264067926191       -9.4867671304139922E-002  -5.9802432922773444E-002 -0.10081524979654308      -0.19351185750438760      -0.19074079869841909        1.4000000000000001       0.48989794855663538     
           3          35   8.0000000000000000        4.9999999999999991        7.8971820412652525       0.97444337844069651                3 -0.10492841420681635        8.6825479555885252E-002  -9.4438336213569507E-002  0.92283453765751544       0.27444877007625662      -0.48542511272842226        2.0000000000000000        0.0000000000000000     
           3          36   7.0000000000000000        3.9999999999999996        6.6170511593072172       0.75748878319963131                3 -0.14349334758417057       -8.8175480591286395E-002  -7.0417509264879247E-002 -0.10729460526946280      -0.19798552906716715      -0.17334771547476513        1.6000000000000001       0.48989794855663493     
           3          37   7.0000000000000000        3.9999999999999996        6.6170511593072110       0.75748877688133187                3 -0.14349336054256925       -8.8175493392199961E-002  -7.0417512765289486E-002 -0.10729460549190131      -0.19798552223551705      -0.17334772104433874        1.6000000000000001       0.48989794855663493     
           3          38   4.0000000000000000        2.4999999999999996        3.9485910206326253       0.97444337872388065                3 -0.10492841307365257        8.6825468961844232E-002  -9.4438344411971575E-002 -0.15433095219365245       0.54889758412220457      -0.97085023344297250        1.0000000000000000        0.0000000000000000     
           3          39   7.0000000000000000        3.9999999999999996        6.8172814872062224       0.91200759358747452                3 -0.15195109985670835       -9.7593465790148465E-002  -6.6396599951776547E-002  -9.6000938369906030E-002 -0.18032988001620739      -0.16716479120544681        1.6000000000000001       0.48989794855663493     
           3          40   5.0000000000000000        2.9999999999999996        4.8634865240583451       0.92441785394521148                3 -0.12574729700213674        9.7359762198619360E-002   7.2571424801986389E-002 -0.17950425411804799       0.70881296383255121      -0.25834287628674585        1.2000000000000002       0.39999999999999963     
           3          41   8.0000000000000000        4.4999999999999991        7.9228733673439908       0.94680678739007229                3 -0.18239916487250837       0.12426311184283349        6.6685011744485823E-002 -0.21826465042729773       0.49064803075592200       0.52230015996367152        1.7999999999999998       0.40000000000000130     
           3          42   7.0000000000000000        4.4999999999999991        6.7637477089110920       0.81526555851149185                3 -0.14125930371779913       -8.1861149093709645E-002  -5.2280225157886190E-002  -9.4645566725247113E-002 -0.17347082614578593      -0.17808682339050907        1.7999999999999998       0.40000000000000130     
           3          43   7.0000000000000000        3.9999999999999996        6.7944332109673153       0.92763265955067586                3 -0.11997942224153393        5.7908593170881754E-002  -7.2831563436479299E-002 -0.10509593120735769       0.31551083497265853      -0.57320340850966334        1.5999999999999999       0.48989794855663626     
           3          44   4.0000000000000000        2.4999999999999996        3.9485910206326245       0.97444337751560428                3 -0.10492842398561367        8.6825464783836376E-002  -9.4438339765015880E-002 -0.15433092618044722       0.54889754849816830      -0.97085020212400741        1.0000000000000000        0.0000000000000000     
           3          45   4.0000000000000000        2.4999999999999996        3.9485910206326249       0.97444337735813513                3 -0.10492842466451209        8.6825463498413344E-002  -9.4438340178087804E-002 -0.15433092521484837       0.54889755235063908      -0.97085020428025726        1.0000000000000000        0.0000000000000000     
           3          46   8.0000000000000000        4.4999999999999991        7.5203451860921788       0.79632171091655124                3 -0.12499999818977409       0.12499999829646249       0.12500000234865025      -0.50000000035858949      -0.35104219944950077       0.99999999963725128        1.8000000000000000       0.40000000000000019     
           3          47   7.0000000000000000        3.9999999999999996        6.3870381926437734       0.52356145577488977                3 -0.15007690075932487       -9.4662747852888682E-002  -5.5593862003674700E-002 -0.10226473110992036      -0.19441322009483814      -0.21587136028624304        1.5999999999999999       0.48989794855663626     
           3          48   6.0000000000000000        3.4999999999999996        5.7635909822177638       0.83234005515443998                3 -0.15166820809549666       -9.5492676341522004E-002  -6.1024984040135573E-002 -0.11254274455029163      -0.20531145218520375      -0.19865929290879455        1.3999999999999999       0.48989794855663604     
           3          49   7.0000000000000000        3.9999999999999996        6.8172814872062224       0.91200759368467810                3 -0.15195110675915202       -9.7593467786837959E-002  -6.6396597998385695E-002  -9.6000938402425434E-002 -0.18032988662097643      -0.16716479166174036        1.5999999999999999       0.48989794855663626     
           3          50   6.0000000000000000        3.4999999999999996        5.7635909822177638       0.83234004135229700                3 -0.15166818537380497       -9.5492665645739272E-002  -6.1024960391495263E-002 -0.11254274652797196      -0.20531146380841653      -0.19865930607216326        1.3999999999999999       0.48989794855663604     
