          16           1   8.0000000000000000        5.4999999999999991        7.6882135651984633       0.73965301758397561                3 -0.13484122454580147       0.15848777233440833      -0.22127122195395652       -8.2736042876369209E-002 -0.24792726789078479        4.5515690719669967E-002   1.5714285714285712       0.49487165930539334     
          16           2   7.0000000000000000        4.9999999999999991        6.8604646721011653       0.88165190826572881                3 -0.19210310545866321       -6.9104862063021910E-002   7.4540455173182821E-002 -0.11731899052876123      -0.17557022033287492       0.23863908566109635        1.4285714285714284       0.49487165930539379     
          16           3   6.0000000000000000        3.9999999999999996        5.9007090402078335       0.93584050329070834                3 -0.14499923403055109      -0.23848343882468517        6.4821586068123285E-002  0.23711187801157765       -7.9404653174169032E-002  0.41516138150982523        1.1428571428571428       0.34992710611188244     
          16           4   9.0000000000000000        5.9999999999999991        8.5136086193836551       0.63117713905582518                3 -0.13291137517475171       0.15552427632893276      -0.22527243945799286       -7.2781420684969136E-002 -0.21751838195533607        3.5262767917602043E-002   1.7142857142857140       0.45175395145262637     
          16           5   9.0000000000000000        5.9999999999999991        8.8940260116433123       0.94699081138753849                3 -0.16964484469842245       0.24683015854040091       -6.1811694550079475E-002  0.17034743903075378       -4.3779711164120869E-002 -0.33852619562736636        1.7142857142857140       0.45175395145262687     
          16           6   8.0000000000000000        5.4999999999999991        7.7953279297572520       0.86222023727056485                3  -6.8116735452949537E-002 -0.10136548564956921       -7.9445322790152234E-002 -0.56041882132980114       0.42681925438104668      -0.66720626608907507        1.5714285714285712       0.49487165930539334     
          16           7   7.0000000000000000        4.4999999999999991        6.6909382138730500       0.79884273225847569                3 -0.14710798139128109      -0.11146787907886191       -7.4439236295463201E-002 -0.11602070478408921      -0.21768023842155662      -0.22925178524790285        1.2857142857142854       0.45175395145262609     
          16           8   7.0000000000000000        4.4999999999999991        6.8832810948360379       0.92473106710245201                3 -0.15308664185383397       -9.7468765560376466E-002  -4.9874289289132456E-002  -8.4705941693257139E-002 -0.18531954617567159      -0.23257898887906081        1.2857142857142856       0.45175395145262565     
          16           9   6.0000000000000000        3.9999999999999996        5.7733045358179558       0.87177011534373117                3 -0.19159636771596503       0.14703529067736998       0.22973346575392797       0.15605275846632000       0.23468426363505218       0.95822223186889055        1.1428571428571428       0.34992710611188244     
          16          10   7.0000000000000000        4.4999999999999991        6.8786430409852963       0.93477539853178415                3 -0.16089582461739199      -0.11383221381662503       -5.9809182395207931E-002  -9.9996161953631146E-002 -0.20353684065367247      -0.23194129345604914        1.2857142857142854       0.45175395145262609     
          16          11   8.0000000000000000        5.4999999999999991        7.7953279297572520       0.86222027396352152                3  -6.8116762044993923E-002 -0.10136549222743740       -7.9445315007709558E-002 -0.56041878258011513       0.42681920921283173      -0.66720620680316400        1.5714285714285712       0.49487165930539334     
          16          12   7.0000000000000000        4.4999999999999991        6.6064541370319834       0.65344398943648940                3 -0.16329545464280196      -0.10717848509212247       -5.5083739285346024E-002  -9.7728902684664748E-002 -0.21587162273377214      -0.27146498288183213        1.2857142857142856       0.45175395145262565     
          16          13   7.0000000000000000        4.9999999999999991        6.7510623049620193       0.78307863180241277                3 -0.13133048953017384       -7.4142506685759391E-002  -4.6347718536013313E-002  -8.8487850119706973E-002 -0.19400039974737862      -0.22182416465424687        1.4285714285714284       0.49487165930539379     
          16          14   5.0000000000000000        3.4999999999999996        4.8553353083447703       0.87317716671534895                3 -0.13941882838215722       0.15219827232482630      -0.22337521240570307      -0.12401700962999897      -0.37647214912079530        6.4325750881527977E-002  0.99999999999999978        1.4901161193847656E-008
          16          15   10.000000000000000        5.9999999999999991        9.1686595619479245       0.55127208719489418                3 -0.12845778527684876      -0.21375512262250079        8.1731242093187051E-002  0.15033016231619761       -5.6254681257060034E-002  0.23182494831333783        1.7142857142857140       0.45175395145262637     
          16          16   8.0000000000000000        5.4999999999999991        7.8883553829236597       0.95972506677291458                3 -0.14263026746982777       -9.2117783134124318E-002  -5.8286839913388420E-002  -8.6086671440301923E-002 -0.17521383520441666      -0.19910208717579161        1.5714285714285712       0.49487165930539379     
          16          17   10.000000000000000        5.9999999999999991        9.1948887667605703       0.56108821043453971                3 -0.15297885233858660      -0.11852162482204436       -6.9770669770776159E-002  -7.3317637882895165E-002 -0.14968534024284424      -0.17414343038102922        1.7142857142857140       0.45175395145262637     
          16          18   7.0000000000000000        4.4999999999999991        6.5873874614704953       0.70060017734527658                3 -0.11317505820447604       0.24003746286843794        6.8623510697991760E-002  0.21941372411439294       -8.6654484479934735E-002  0.30523162370980644        1.2857142857142856       0.45175395145262587     
          16          19   8.0000000000000000        4.9999999999999991        7.3102137258611180       0.47937585727971399                3 -0.13724768119967656       0.16820921796660449      -0.23903713172777655      -0.10195007775511089      -0.26837419155203024        5.6441129363945325E-002   1.4285714285714284       0.49487165930539379     
          16          20   8.0000000000000000        4.9999999999999991        7.7806464455547184       0.85822804016984555                3 -0.24607474566044821      -0.19119480682778559       0.22740466758567907      -0.49634841753586878       0.40043909425168644      -0.25275766925646020        1.4285714285714284       0.49487165930539334     
          16          21   9.0000000000000000        5.9999999999999991        8.7927753433791036       0.88634728527688589                3 -0.14588718001678264       -9.0339651490809247E-002  -5.2825298975900166E-002  -6.9186468503249401E-002 -0.14997301902073337      -0.17778788322252828        1.7142857142857140       0.45175395145262637     
          16          22   8.0000000000000000        5.4999999999999991        7.6702503604770227       0.72171284020033055                3  -9.3103349877038846E-002  0.20995467524151196        5.3670207291589139E-002 -0.16755473325603654      -0.92557925373496219      -0.80223439571708044        1.5714285714285712       0.49487165930539379     
          16          23   9.0000000000000000        5.9999999999999991        8.7392189992748790       0.86597827178870790                3 -0.15373397853998388      -0.10510369203056449       -6.0135625570727796E-002  -7.9147617504067319E-002 -0.16171304415421700      -0.18890462142271036        1.7142857142857140       0.45175395145262687     
          16          24   8.0000000000000000        4.9999999999999991        7.5048328554679173       0.65561319216870906                3 -0.15260068541767671       -9.3082690881549898E-002  -7.3215581324207524E-002 -0.10756792407052865      -0.19883793349607648      -0.21897938616559115        1.4285714285714284       0.49487165930539379     
          16          25   8.0000000000000000        4.9999999999999991        7.8155699821409446       0.94296425675401707                3 -0.18896109644464151       0.13361233151841148      -0.24153497826059306       0.10847389074819867       0.19051591207310595       0.96447425470326964        1.4285714285714284       0.49487165930539379     
          16          26   10.000000000000000        6.4999999999999991        9.7755570655483695       0.92724729501778402                3 -0.20320559794068530       0.12435830178644083       0.23467809061287578        9.4302927550951043E-002  0.16650835631831445       0.95566950649877402        1.8571428571428568       0.34992710611188343     
          16          27   7.0000000000000000        4.4999999999999991        6.3941550841965755       0.51689501546661298                3 -0.13739807197613901       -7.5919680376195647E-002  -5.2663751939594584E-002 -0.11077134124712752      -0.22911779947302147      -0.26571588131949236        1.2857142857142854       0.45175395145262609     
          16          28   8.0000000000000000        5.4999999999999991        7.7953279297572511       0.86222023975586093                3  -6.8116726022023871E-002 -0.10136549055754189       -7.9445319007518569E-002 -0.56041878835731984       0.42681922189475791      -0.66720627085779793        1.5714285714285712       0.49487165930539334     
          16          29   8.0000000000000000        5.4999999999999991        7.6722055943653897       0.73382295989182511                3 -0.13797222017272753       -8.0376136498757592E-002  -4.8232264215007932E-002  -7.9272081117529078E-002 -0.15685460598085035      -0.18849543279286138        1.5714285714285712       0.49487165930539423     
          16          30   8.0000000000000000        5.4999999999999991        7.6702503604770076       0.72171283120590857                3  -9.3103352023221744E-002  0.20995465973155739        5.3670209410040352E-002 -0.16755472464935853      -0.92557926349340169      -0.80223438680064785        1.5714285714285712       0.49487165930539423     
          16          31   7.0000000000000000        4.4999999999999991        6.5873874614704935       0.70060017459357637                3 -0.11317507038810284       0.24003747489083935        6.8623509451813280E-002  0.21941371262146742       -8.6654471902723018E-002  0.30523163388332603        1.2857142857142856       0.45175395145262587     
          16          32   8.0000000000000000        4.9999999999999991        7.3914667522631960       0.47367523797207711                3 -0.15603911018359559      -0.10994363583353103       -5.8907912258424615E-002  -8.8956732415875261E-002 -0.20221153813100451      -0.24734966478362896        1.4285714285714284       0.49487165930539334     
          16          33   9.0000000000000000        5.4999999999999991        8.3851271604035880       0.49693818311876192                3 -0.16892393655718899      -0.12197166191515803       -5.8176356083084232E-002  -8.3232605157573802E-002 -0.17369248832917297      -0.21345778322329911        1.5714285714285712       0.49487165930539379     
          16          34   7.0000000000000000        4.4999999999999991        6.6618983044298270       0.74213626287086532                3 -0.14578744893752113      -0.11307171745136864       -6.9842253790228181E-002  -9.7574824957044073E-002 -0.21362232945026133      -0.23698021416655798        1.2857142857142856       0.45175395145262587     
          16          35   8.0000000000000000        4.9999999999999991        7.2407919980818134       0.41122008089441248                3 -0.19475920584841422       -7.6619813262543982E-002   7.1968172660708055E-002 -0.11627311230526241      -0.18318522668006021       0.25372982118439752        1.4285714285714284       0.49487165930539379     
          16          36   7.0000000000000000        4.4999999999999991        6.6909382138730429       0.79884265689726996                3 -0.14710800601948532      -0.11146785751901457       -7.4439204916763230E-002 -0.11602066674662416      -0.21768020223329340      -0.22925181139820314        1.2857142857142854       0.45175395145262609     
          16          37   8.0000000000000000        5.4999999999999991        7.6882135651984678       0.73965302877382055                3 -0.13484121638567123       0.15848774565839585      -0.22127123550631178       -8.2736058140984253E-002 -0.24792724787717932        4.5515709691640011E-002   1.5714285714285712       0.49487165930539334     
          16          38   7.0000000000000000        4.4999999999999991        6.6618983044298270       0.74213626001254140                3 -0.14578744029259597      -0.11307172385749900       -6.9842264107545640E-002  -9.7574810338403012E-002 -0.21362230914869551      -0.23698019995789477        1.2857142857142856       0.45175395145262587     
          16          39   8.0000000000000000        5.4999999999999991        7.9772468715658755       0.98997174346670858                3  -8.5390691580336520E-002 -0.12151824879167172       -7.0347386457883965E-002  0.42309746235140344       0.48908103298342176       0.83347988317656396        1.5714285714285712       0.49487165930539379     
          16          40   9.0000000000000000        5.9999999999999991        8.6812507059862121       0.89347628901714948                3 -0.20027636496629986       0.10855506448635244       -8.5542019851131176E-002 -0.56999921025824452      -0.90858173502540041       0.34314863047881822        1.7142857142857140       0.45175395145262637     
          16          41   9.0000000000000000        5.4999999999999991        8.3691993166702261       0.45257745037283698                3 -0.16360991623739429       0.23946642621010611       -6.3308822892982272E-002  0.18712971492259259       -5.2208383464310594E-002 -0.36624717111373872        1.5714285714285712       0.49487165930539379     
          16          42   6.0000000000000000        3.9999999999999996        5.9175787500629369       0.94455732420897043                3 -0.19551311561460896       0.13563713897254259      -0.23611099894701729       0.12890394815334769       0.27221406222740530       0.92902536003960379        1.1428571428571426       0.34992710611188310     
          16          43   9.0000000000000000        5.4999999999999991        8.4261222703576486       0.58663110471811053                3 -0.15724648651456058       -9.7535602105504021E-002  -6.0033017903962427E-002  -8.2214480355487965E-002 -0.17435518471544284      -0.20175648328820536        1.5714285714285712       0.49487165930539379     
          16          44   6.0000000000000000        3.9999999999999996        5.9175787500629431       0.94455732962476413                3 -0.19551310809961106       0.13563712968510414      -0.23611100464563975       0.12890396644381749       0.27221405569535867       0.92902536932152002        1.1428571428571426       0.34992710611188277     
          16          45   10.000000000000000        6.4999999999999991        9.1990587008310651       0.46906309120072587                3 -0.15584991322633460       -9.4238641138602322E-002  -5.5705470527464440E-002  -7.0482073229085743E-002 -0.15306726718329450      -0.18978137193745276        1.8571428571428568       0.34992710611188405     
          16          46   8.0000000000000000        5.4999999999999991        7.8268026873084997       0.94794409473731733                3 -0.20149058236238157       0.13953217732538062       0.22704783853624122       0.10365308292368974       0.17830773884402984       0.96214030321409383        1.5714285714285712       0.49487165930539334     
          16          47   5.0000000000000000        3.4999999999999996        4.8553353083447721       0.87317717215444735                3 -0.13941883067879923       0.15219827099140276      -0.22337521212477013      -0.12401701516638046      -0.37647215439217485        6.4325756682691262E-002  0.99999999999999978        1.4901161193847656E-008
          16          48   9.0000000000000000        5.4999999999999991        8.3851271604035862       0.49693823774958590                3 -0.16892391996461112      -0.12197168530735485       -5.8176366273436392E-002  -8.3232635506926195E-002 -0.17369249481108681      -0.21345779201940956        1.5714285714285712       0.49487165930539379     
          16          49   7.0000000000000000        4.9999999999999991        6.8604646721011662       0.88165191561877498                3 -0.19210310432585803       -6.9104856069367046E-002   7.4540470909371631E-002 -0.11731902210508678      -0.17557022635115749       0.23863907353448613        1.4285714285714284       0.49487165930539379     
          16          50   7.0000000000000000        4.9999999999999991        6.8564601265117631       0.87767733984155671                3 -0.13549694394573453       -6.7460518258211866E-002  -3.9024252199964568E-002  -7.9848101992442494E-002 -0.16456008295286181      -0.18523297567609023        1.4285714285714284       0.49487165930539379     
