           9           1   6.0000000000000000        2.9999999999999996        5.6741088777199415       0.72997446072692362                3  -8.4689952685673475E-002  0.11443170605896898      -0.14594418052712477       0.71927716458772573      -0.51469714759333163       0.79345494641927328        1.5000000000000000       0.50000000000000000     
           9           2   7.0000000000000000        3.4999999999999996        6.7249865047938044       0.81622284198571893                3 -0.19612374610831704      -0.16463080958878154       -9.9990334005421566E-002 -0.13925122515977589      -0.25597649268171457      -0.26566045684941597        1.7500000000000000       0.43301270189221930     
           9           3   5.0000000000000000        2.4999999999999996        4.5943935248251151       0.62361899340248617                3 -0.20247422673430784      -0.14759179681318374       -7.5306132325248326E-002 -0.17037405874338743      -0.34009570511615994      -0.38896694303638663        1.2500000000000000       0.43301270189221930     
           9           4   5.0000000000000000        2.4999999999999996        4.7975739214335844       0.84875000405983159                3 -0.19606537723158246      -0.15810811419887363       -9.4365723042691127E-002 -0.21078413049375957      -0.37910321090855742      -0.39121434215334649        1.2500000000000000       0.43301270189221930     
           9           5   6.0000000000000000        2.9999999999999996        5.6741088777199433       0.72997445493465019                3  -8.4689958503262330E-002  0.11443170603436931      -0.14594417333829549       0.71927717477771180      -0.51469716363463658       0.79345495960660373        1.5000000000000000       0.50000000000000000     
           9           6   5.0000000000000000        2.4999999999999996        4.7975739214335826       0.84875000091769159                3 -0.19606537772795901      -0.15810811609285502       -9.4365717468665442E-002 -0.21078413183690708      -0.37910319974837153      -0.39121433481173828        1.2500000000000000       0.43301270189221930     
           9           7   7.0000000000000000        3.4999999999999996        6.5611953518800172       0.66561257531629980                3 -0.21348818291286292      -0.15479044371372658       -7.6005378881355654E-002 -0.12933495742018244      -0.26147066168667071      -0.30597898855967864        1.7500000000000000       0.43301270189221930     
           9           8   6.0000000000000000        2.9999999999999996        5.6481040304898897       0.69296779165737810                3 -0.21381058815243517      -0.15469366157950171       -8.4561826362193962E-002 -0.16080778277575716      -0.28749973940667162      -0.33284222687646497        1.5000000000000000       0.50000000000000000     
           9           9   5.0000000000000000        2.4999999999999996        4.7975739214335826       0.84875001013694518                3 -0.19606537747901015      -0.15810812123990237       -9.4365724126535974E-002 -0.21078413887928488      -0.37910319671196024      -0.39121433530029093        1.2500000000000000       0.43301270189221930     
           9          10   5.0000000000000000        2.4999999999999996        4.7975739214335844       0.84875001253574722                3 -0.19606537674546043      -0.15810812640056829       -9.4365725157462360E-002 -0.21078414006843099      -0.37910319807927612      -0.39121433273340239        1.2500000000000000       0.43301270189221930     
           9          11   5.0000000000000000        2.4999999999999996        4.7975739214335817       0.84875000617549956                3 -0.19606537518919737      -0.15810811870576064       -9.4365722354140091E-002 -0.21078413397399681      -0.37910320005250742      -0.39121433755210910        1.2500000000000000       0.43301270189221930     
           9          12   5.0000000000000000        2.4999999999999996        4.7975739214335844       0.84874999651486427                3 -0.19606537551736880      -0.15810811968631064       -9.4365718829670986E-002 -0.21078411906307401      -0.37910318962957557      -0.39121432890500007        1.2500000000000000       0.43301270189221930     
           9          13   5.0000000000000000        2.4999999999999996        4.5943935248251178       0.62361898159830287                3 -0.20247422211573307      -0.14759179053377475       -7.5306127234718717E-002 -0.17037405020565785      -0.34009570970192998      -0.38896694661968312        1.2500000000000000       0.43301270189221930     
           9          14   6.0000000000000000        2.9999999999999996        5.6108446860180905       0.69261412897364516                3 -0.19080860464020244      -0.14662834385184545       -8.2525127570747092E-002 -0.14782115514183716      -0.29273521762831739      -0.32999115017272895        1.5000000000000000       0.50000000000000000     
           9          15   5.0000000000000000        2.4999999999999996        4.7975739214335809       0.84875000900394859                3 -0.19606537641991797      -0.15810811889468257       -9.4365724319596736E-002 -0.21078413705782503      -0.37910320179530360      -0.39121433840662639        1.2500000000000000       0.43301270189221930     
           9          16   6.0000000000000000        2.9999999999999996        5.6481040304898871       0.69296778590333863                3 -0.21381059274185185      -0.15469367149054933       -8.4561837175571794E-002 -0.16080776164149305      -0.28749972157751974      -0.33284221294590555        1.5000000000000000       0.50000000000000000     
           9          17   5.0000000000000000        2.4999999999999996        4.7975739214335844       0.84875002428685098                3 -0.19606539081643851      -0.15810815005309495       -9.4365720834685446E-002 -0.21078415301601625      -0.37910316477923839      -0.39121433939548289        1.2500000000000000       0.43301270189221930     
           9          18   6.0000000000000000        2.9999999999999996        5.6481040304898906       0.69296779740450032                3 -0.21381058900791941      -0.15469366934677531       -8.4561830409851421E-002 -0.16080778271902485      -0.28749973040028343      -0.33284221920008705        1.5000000000000000       0.50000000000000000     
           9          19   7.0000000000000000        3.4999999999999996        6.5611953518800128       0.66561256932316948                3 -0.21348817846287521      -0.15479044023885510       -7.6005381978913933E-002 -0.12933495264398645      -0.26147065669339048      -0.30597899188921091        1.7500000000000000       0.43301270189221930     
           9          20   4.0000000000000000        1.9999999999999998        3.7728167585051149       0.81131443017049754                3 -0.20367795697208671      -0.16509763624530974       -9.1529301586793788E-002 -0.23919160757451036      -0.46422479454477317      -0.50851508076700469        1.0000000000000000        0.0000000000000000     
           9          21   7.0000000000000000        3.4999999999999996        6.7249865047938053       0.81622284843202053                3 -0.19612372908254971      -0.16463078041264850       -9.9990310100039850E-002 -0.13925122476410484      -0.25597651099010832      -0.26566049303346739        1.7500000000000000       0.43301270189221930     
           9          22   5.0000000000000000        2.4999999999999996        4.7975739214335817       0.84875000183271987                3 -0.19606537456877926      -0.15810811282912282       -9.4365718309691926E-002 -0.21078413299101148      -0.37910320071914000      -0.39121434174944003        1.2500000000000000       0.43301270189221930     
           9          23   7.0000000000000000        3.4999999999999996        6.5611953518800172       0.66561257756420278                3 -0.21348817955519395      -0.15479044396969846       -7.6005379476381696E-002 -0.12933495840039136      -0.26147066137250063      -0.30597899013171981        1.7500000000000000       0.43301270189221930     
           9          24   5.0000000000000000        2.4999999999999996        4.7975739214335826       0.84875000897132480                3 -0.19606537449407307      -0.15810811932109908       -9.4365723334026527E-002 -0.21078413816108632      -0.37910320286543853      -0.39121433858597654        1.2500000000000000       0.43301270189221930     
           9          25   5.0000000000000000        2.4999999999999996        4.7975739214335817       0.84875000138703882                3 -0.19606536697683258      -0.15810811232570435       -9.4365719468405898E-002 -0.21078412967234461      -0.37910319619602773      -0.39121434524618842        1.2500000000000000       0.43301270189221930     
           9          26   5.0000000000000000        2.4999999999999996        4.5943935248251151       0.62361898965895524                3 -0.20247423177453083      -0.14759179887989854       -7.5306132909872411E-002 -0.17037404790037258      -0.34009569323463384      -0.38896693737915050        1.2500000000000000       0.43301270189221930     
           9          27   5.0000000000000000        2.4999999999999996        4.5943935248251133       0.62361900762357392                3 -0.20247422309840762      -0.14759180050694901       -7.5306142295701706E-002 -0.17037407415778194      -0.34009572020599582      -0.38896696084002597        1.2500000000000000       0.43301270189221930     
           9          28   8.0000000000000000        3.9999999999999996        7.5456335170102307       0.81131444857640433                3 -0.20367796747865188      -0.16509764325555840       -9.1529285011270514E-002 -0.11959582897815049       0.76788760885497653       0.74574245703835484        2.0000000000000000        0.0000000000000000     
           9          29   7.0000000000000000        3.4999999999999996        6.5611953518800181       0.66561257823438846                3 -0.21348818094738417      -0.15479044205919870       -7.6005378599677376E-002 -0.12933496272872344      -0.26147066481273801      -0.30597899078191110        1.7500000000000000       0.43301270189221930     
           9          30   7.0000000000000000        3.4999999999999996        6.7249865047938080       0.81622285786544513                3 -0.19612373789977844      -0.16463079847845222       -9.9990333802173578E-002 -0.13925124250104279      -0.25597649211267920      -0.26566046282928946        1.7500000000000000       0.43301270189221930     
           9          31   6.0000000000000000        2.9999999999999996        5.6481040304898871       0.69296777973375034                3 -0.21381059739436448      -0.15469366611125715       -8.4561824552982598E-002 -0.16080777190373066      -0.28749972921818007      -0.33284219886624261        1.5000000000000000       0.50000000000000000     
           9          32   6.0000000000000000        2.9999999999999996        5.6108446860180896       0.69261415964646067                3 -0.19080860796042221      -0.14662835616728465       -8.2525141804725338E-002 -0.14782116309092053      -0.29273521801905233      -0.32999114579216648        1.5000000000000000       0.50000000000000000     
           9          33   7.0000000000000000        3.4999999999999996        6.5611953518800146       0.66561257334736212                3 -0.21348817310620610      -0.15479043552426161       -7.6005370534930242E-002 -0.12933495433522094      -0.26147065078236420      -0.30597896497433980        1.7500000000000000       0.43301270189221930     
           9          34   5.0000000000000000        2.4999999999999996        4.7975739214335826       0.84875001268244676                3 -0.19606537601346763      -0.15810812370682090       -9.4365727771760471E-002 -0.21078413704912818      -0.37910320212306398      -0.39121433843132980        1.2500000000000000       0.43301270189221930     
           9          35   5.0000000000000000        2.4999999999999996        4.5943935248251133       0.62361898636747326                3 -0.20247422033062007      -0.14759179830086089       -7.5306137434654072E-002 -0.17037403208984095      -0.34009567519420786      -0.38896692744973427        1.2500000000000000       0.43301270189221930     
           9          36   6.0000000000000000        2.9999999999999996        5.6481040304898871       0.69296777833259982                3 -0.21381058478639794      -0.15469367070275791       -8.4561823155054172E-002 -0.16080776227660823      -0.28749971212763881      -0.33284218640521751        1.5000000000000000       0.50000000000000000     
           9          37   5.0000000000000000        2.4999999999999996        4.7975739214335809       0.84875000931809774                3 -0.19606537173538074      -0.15810811619179607       -9.4365717376846139E-002 -0.21078414889551786      -0.37910321658886659      -0.39121434338508171        1.2500000000000000       0.43301270189221930     
           9          38   6.0000000000000000        2.9999999999999996        5.8703222080667707       0.91752410225912695                3 -0.18730540904354956      -0.15998013354092547       -9.4459026046228883E-002 -0.18369772571580884      -0.30146799673884822      -0.31607433302671434        1.5000000000000000       0.50000000000000000     
           9          39   8.0000000000000000        3.9999999999999996        7.5456335170102342       0.81131442578093238                3 -0.20367796299430338      -0.16509763648493619       -9.1529305186830404E-002  0.88040419673640669      -0.23211240549526571       0.74574244244426269        2.0000000000000000        0.0000000000000000     
           9          40   5.0000000000000000        2.4999999999999996        4.5943935248251160       0.62361900133725234                3 -0.20247422779478322      -0.14759180098362437       -7.5306138833916222E-002 -0.17037405867358499      -0.34009569476495594      -0.38896693295485330        1.2500000000000000       0.43301270189221930     
           9          41   7.0000000000000000        3.4999999999999996        6.7249865047938044       0.81622286472782934                3 -0.19612373514090367      -0.16463079480785078       -9.9990333842748566E-002 -0.13925124469473454      -0.25597650201960043      -0.26566047798000803        1.7500000000000000       0.43301270189221930     
           9          42   6.0000000000000000        2.9999999999999996        5.6108446860180887       0.69261415974948415                3 -0.19080860973938357      -0.14662835684505121       -8.2525141368483879E-002 -0.14782116484453575      -0.29273522360665211      -0.32999114880600017        1.5000000000000000       0.50000000000000000     
           9          43   6.0000000000000000        2.9999999999999996        5.6481040304898871       0.69296779644001616                3 -0.21381058891593779      -0.15469367100674053       -8.4561832625165853E-002 -0.16080777920106715      -0.28749972695075449      -0.33284221283333243        1.5000000000000000       0.50000000000000000     
           9          44   6.0000000000000000        2.9999999999999996        5.6481040304898862       0.69296782540476709                3 -0.21381059300509381      -0.15469368931688926       -8.4561835051085235E-002 -0.16080780332776334      -0.28749973991415712      -0.33284222640178607        1.5000000000000000       0.50000000000000000     
           9          45   4.0000000000000000        1.9999999999999998        3.7728167585051162       0.81131442570977375                3 -0.20367796051092293      -0.16509763593932164       -9.1529304253021221E-002 -0.23919160220708982      -0.46422479885204676      -0.50851509610099865        1.0000000000000000        0.0000000000000000     
           9          46   6.0000000000000000        2.9999999999999996        5.6108446860180869       0.69261416168908696                3 -0.19080860876828379      -0.14662835464837357       -8.2525143320791375E-002 -0.14782116331502768      -0.29273522093212084      -0.32999113868010038        1.5000000000000000       0.50000000000000000     
           9          47   5.0000000000000000        2.4999999999999996        4.5943935248251142       0.62361899231587614                3 -0.20247422562498207      -0.14759179659270744       -7.5306134913650388E-002 -0.17037405472200648      -0.34009570459406285      -0.38896694593512171        1.2500000000000000       0.43301270189221930     
           9          48   4.0000000000000000        1.9999999999999998        3.7728167585051162       0.81131442737487292                3 -0.20367795992495386      -0.16509763541477360       -9.1529302588647374E-002 -0.23919160598571657      -0.46422479840624037      -0.50851508583197291        1.0000000000000000        0.0000000000000000     
           9          49   6.0000000000000000        2.9999999999999996        5.6108446860180905       0.69261415053566266                3 -0.19080861585530029      -0.14662836597426759       -8.2525151139854716E-002 -0.14782114590390438      -0.29273521657915669      -0.32999117407332434        1.5000000000000000       0.50000000000000000     
           9          50   8.0000000000000000        3.9999999999999996        7.5456335170102307       0.81131442147014543                3 -0.20367795712914274      -0.16509763377901074       -9.1529302130284179E-002  0.88040420254927554       0.76788760277254009      -0.25425754340842688        2.0000000000000000        0.0000000000000000     
