           5           1   6.0000000000000000        2.9999999999999996        5.6500120828185416       0.85178781683198879                3 -0.18828023728279902      -0.14160275155016067       -9.0112588232109547E-002 -0.15158619747714253      -0.27193085964249020      -0.27997782307131647        1.2000000000000002       0.39999999999999963     
           5           2   8.0000000000000000        3.9999999999999996        7.7304686252262007       0.90579306147685346                3 -0.17537680216380241      -0.13171038466495746       -8.2366505764114931E-002 -0.10452820704529736      -0.19260439827006545      -0.18553155992173342        1.6000000000000001       0.48989794855663493     
           5           3   8.0000000000000000        3.9999999999999996        7.7548953761301478       0.80383519306241480                3 -0.19842566567570061      -0.17536027229140075       -8.8311193549040490E-002 -0.11230117501488279      -0.20739979889428531      -0.23173122206439928        1.6000000000000001       0.48989794855663582     
           5           4   8.0000000000000000        3.9999999999999996        7.5438321257920444       0.82841527908452350                3 -0.18998557305497429      -0.14754478037264868       -8.3613049579512530E-002 -0.10765605644267914      -0.20569719601055036      -0.22223390119501152        1.6000000000000001       0.48989794855663493     
           5           5   8.0000000000000000        3.9999999999999996        7.7250604571728214       0.79783281612243417                3 -0.18033817124419296      -0.15644503983950761       -7.8760614924592798E-002 -0.10097323250167285      -0.19099452214584989      -0.20020861489731273        1.5999999999999999       0.48989794855663626     
           5           6   7.0000000000000000        3.4999999999999996        6.6029027303955674       0.84041780000635202                3 -0.19187487293791053      -0.15820289414628744       -9.8066797926731716E-002 -0.13136494918516081      -0.24292954652519785      -0.26555530138483446        1.3999999999999999       0.48989794855663604     
           5           7   7.0000000000000000        3.4999999999999996        6.7286285984342982       0.79795551875152348                3 -0.20724708672530659      -0.17643164569737765       -8.8925422080077268E-002 -0.13950906313452488      -0.24550158951070991      -0.28329673021496987        1.3999999999999999       0.48989794855663604     
           5           8   8.0000000000000000        3.9999999999999996        7.5739997981103677       0.82862347267743286                3 -0.20017273370046945      -0.16919274350702737       -9.5549388206655025E-002 -0.11249266808541566      -0.21962572640787353      -0.24515142469821469        1.6000000000000001       0.48989794855663493     
           5           9   9.0000000000000000        4.4999999999999991        8.6697793615948715       0.90166840132087389                3 -0.17849220134718768      -0.14421688041643693       -8.4000713896147092E-002  -9.6963318060475714E-002 -0.17585543942309076      -0.17840343101099018        1.7999999999999998       0.40000000000000130     
           5          10   8.0000000000000000        3.9999999999999996        7.5438321257920409       0.82841527337094134                3 -0.18998556439136222      -0.14754478843328250       -8.3613053928087266E-002 -0.10765605000587938      -0.20569720756894158      -0.22223389370277152        1.6000000000000001       0.48989794855663493     
           5          11   6.0000000000000000        2.9999999999999996        5.7919894388219655       0.87690678226377083                3 -0.17937118600182264      -0.14873934399646860       -7.8592653872839494E-002 -0.14496334271899336      -0.26516099945854310      -0.27104709971222396        1.2000000000000000       0.39999999999999991     
           5          12   8.0000000000000000        3.9999999999999996        7.5739997981103659       0.82862349010760850                3 -0.20017276042328541      -0.16919277686236225       -9.5549409055835977E-002 -0.11249266564415815      -0.21962576668937323      -0.24515147277075569        1.6000000000000001       0.48989794855663493     
           5          13   7.0000000000000000        3.4999999999999996        6.7712918312917392       0.83803012864791593                3 -0.16820091324143993      -0.14101350588897857       -7.3138882355811827E-002 -0.11560155237900373      -0.20895643455867927      -0.20604133063353069        1.4000000000000001       0.48989794855663538     
           5          14   7.0000000000000000        3.4999999999999996        6.6525893683367032       0.86043246880711999                3 -0.18114034125504525      -0.13536271232895619       -7.9236595136934027E-002 -0.12059641869609472      -0.22558193538999691      -0.22646544970357838        1.3999999999999999       0.48989794855663604     
           5          15   9.0000000000000000        4.4999999999999991        8.6697793615948680       0.90166840368352463                3 -0.17849220082194203      -0.14421687576711820       -8.4000711936445538E-002  -9.6963326579661932E-002 -0.17585543850705726      -0.17840342711500834        1.7999999999999998       0.40000000000000130     
           5          16   8.0000000000000000        3.9999999999999996        7.5739997981103633       0.82862348181088008                3 -0.20017274393660275      -0.16919276409818024       -9.5549397134640821E-002 -0.11249266639479391      -0.21962574679440525      -0.24515144138807643        1.6000000000000001       0.48989794855663493     
           5          17   8.0000000000000000        3.9999999999999996        7.7548953761301398       0.80383516387135445                3 -0.19842564749241143      -0.17536025348628695       -8.8311181711346151E-002 -0.11230115650607277      -0.20739977516931871      -0.23173119799326805        1.6000000000000001       0.48989794855663582     
           5          18   8.0000000000000000        3.9999999999999996        7.5438321257920427       0.82841530092009030                3 -0.18998557259910426      -0.14754479659564917       -8.3613040401377375E-002 -0.10765607006063334      -0.20569719007739931      -0.22223389449222153        1.6000000000000001       0.48989794855663493     
           5          19   10.000000000000000        4.9999999999999991        9.6625895882893218       0.89061354042526841                3 -0.18180835033360315      -0.15859004988697850       -8.6580022630239228E-002  -8.6782407171245426E-002  0.83940307920800039      -0.16979420871310194        2.0000000000000000        0.0000000000000000     
           5          20   8.0000000000000000        3.9999999999999996        7.7548953761301407       0.80383518223378825                3 -0.19842565731802186      -0.17536026749432365       -8.8311190347695606E-002 -0.11230116668363249      -0.20739978964682704      -0.23173121365981617        1.6000000000000001       0.48989794855663582     
           5          21   8.0000000000000000        3.9999999999999996        7.7142287134141405       0.91267694394857868                3 -0.18393303924024240      -0.15506483255595999       -9.1851322693525278E-002 -0.11308894342449183      -0.20845953218338245      -0.21527736796203192        1.6000000000000001       0.48989794855663493     
           5          22   7.0000000000000000        3.4999999999999996        6.6939931506760946       0.81224411789298256                3 -0.19697437241690713      -0.16797973172997363       -9.5216349265382583E-002 -0.13097536250507555      -0.23896337125045430      -0.26217387275177295        1.3999999999999999       0.48989794855663604     
           5          23   8.0000000000000000        3.9999999999999996        7.5739997981103695       0.82862347864705022                3 -0.20017274372323698      -0.16919276684105142       -9.5549400185412789E-002 -0.11249266020889770      -0.21962574884245389      -0.24515145126352580        1.6000000000000001       0.48989794855663493     
           5          24   6.0000000000000000        2.9999999999999996        5.7695481262869954       0.83692622855123489                3 -0.19558840510953113      -0.17130085059563888       -9.6309601775226072E-002 -0.15154233561359698      -0.28470190230744286      -0.31054270203690160        1.2000000000000000       0.40000000000000019     
           5          25   8.0000000000000000        3.9999999999999996        7.7250604571728188       0.79783282821712387                3 -0.18033815948753948      -0.15644504550731417       -7.8760627804897551E-002 -0.10097324055770218      -0.19099452658130811      -0.20020860526061160        1.5999999999999999       0.48989794855663626     
           5          26   9.0000000000000000        4.4999999999999991        8.6697793615948804       0.90166840637023382                3 -0.17849220097139776      -0.14421686912529508       -8.4000717657688642E-002  -9.6963326005099118E-002 -0.17585544115397772      -0.17840343256600835        1.7999999999999998       0.40000000000000130     
           5          27   6.0000000000000000        2.9999999999999996        5.7695481262869857       0.83692623358972340                3 -0.19558840395391011      -0.17130084710314869       -9.6309598312342093E-002 -0.15154233083152008      -0.28470189817953773      -0.31054272837173263        1.2000000000000000       0.40000000000000019     
           5          28   7.0000000000000000        3.4999999999999996        6.7994223019226530       0.84867640217655549                3 -0.18565269429895931      -0.16348371922472160       -8.0039414794295535E-002 -0.12499283204024127      -0.23287042538499930      -0.24700964257367922        1.4000000000000001       0.48989794855663538     
           5          29   8.0000000000000000        3.9999999999999996        7.7250604571728179       0.79783281635848780                3 -0.18033817801788257      -0.15644503844160271       -7.8760609096996115E-002 -0.10097323973668167      -0.19099452346493745      -0.20020861734323778        1.5999999999999999       0.48989794855663626     
           5          30   7.0000000000000000        3.4999999999999996        6.6939931506760972       0.81224412024230486                3 -0.19697437629907874      -0.16797974899911558       -9.5216363913785865E-002 -0.13097536888184794      -0.23896336582511601      -0.26217386526091291        1.3999999999999999       0.48989794855663604     
           5          31   8.0000000000000000        3.9999999999999996        7.7142287134141476       0.91267695106913216                3 -0.18393302148583074      -0.15506482722941495       -9.1851318984246658E-002 -0.11308893262310572      -0.20845953330458469      -0.21527738021183349        1.6000000000000001       0.48989794855663493     
           5          32   6.0000000000000000        2.9999999999999996        5.7919894388219664       0.87690679839104602                3 -0.17937117455750901      -0.14873932256375744       -7.8592646130429392E-002 -0.14496336329190912      -0.26516102929322133      -0.27104710031449525        1.2000000000000000       0.40000000000000019     
           5          33   7.0000000000000000        3.4999999999999996        6.6029027303955736       0.84041780305302682                3 -0.19187488070417433      -0.15820290071326462       -9.8066802659205241E-002 -0.13136494982873259      -0.24292955582053030      -0.26555531997532744        1.3999999999999999       0.48989794855663604     
           5          34   7.0000000000000000        3.4999999999999996        6.6525893683367094       0.86043246744768953                3 -0.18114033419303929      -0.13536269503436169       -7.9236578299949706E-002 -0.12059643012442722      -0.22558191474098982      -0.22646545060776296        1.3999999999999999       0.48989794855663604     
           5          35   5.0000000000000000        2.4999999999999996        4.8312947941446618       0.89061353938904264                3 -0.18180834869151816      -0.15859004785743816       -8.6580022646261093E-002 -0.17356481385040629      -0.32119383748790015      -0.33958841368012888        1.0000000000000000        0.0000000000000000     
           5          36   8.0000000000000000        3.9999999999999996        7.5438321257920409       0.82841528005451648                3 -0.18998556875018777      -0.14754478759817979       -8.3613048736895360E-002 -0.10765605924967436      -0.20569721013513037      -0.22223389623897266        1.6000000000000001       0.48989794855663493     
           5          37   5.0000000000000000        2.4999999999999996        4.8312947941446627       0.89061354031614137                3 -0.18180835080701513      -0.15859004772009022       -8.6580023557018548E-002 -0.17356481167028745      -0.32119384809004803      -0.33958841677141433        1.0000000000000000        0.0000000000000000     
           5          38   9.0000000000000000        4.4999999999999991        8.6463942876890894       0.88787803279658217                3 -0.19190027773650420      -0.16729769164162622       -9.4205671334900612E-002 -0.10108872067517367      -0.19087744214526833      -0.20718591087876098        1.8000000000000003       0.39999999999999908     
           5          39   8.0000000000000000        3.9999999999999996        7.7250604571728223       0.79783281696018338                3 -0.18033818852345643      -0.15644504252593089       -7.8760619007468127E-002 -0.10097323935394664      -0.19099452318229851      -0.20020862291645780        1.5999999999999999       0.48989794855663626     
           5          40   7.0000000000000000        3.4999999999999996        6.7712918312917374       0.83803012726173953                3 -0.16820091522525052      -0.14101350746928651       -7.3138881218966265E-002 -0.11560155358786178      -0.20895643391950650      -0.20604132997729133        1.4000000000000001       0.48989794855663538     
           5          41   9.0000000000000000        4.4999999999999991        8.6463942876890929       0.88787803397121356                3 -0.19190028056303865      -0.16729769153393362       -9.4205673886947006E-002 -0.10108871996182596      -0.19087744014669294      -0.20718591421880775        1.8000000000000003       0.39999999999999908     
           5          42   8.0000000000000000        3.9999999999999996        7.5438321257920444       0.82841527321676556                3 -0.18998557269438474      -0.14754479257358549       -8.3613063510607613E-002 -0.10765604658821244      -0.20569722181525996      -0.22223389662141702        1.6000000000000001       0.48989794855663493     
           5          43   6.0000000000000000        2.9999999999999996        5.7919894388219699       0.87690679776724489                3 -0.17937117469672939      -0.14873932127934356       -7.8592648518610433E-002 -0.14496336350800221      -0.26516102581182172      -0.27104709546691302        1.2000000000000000       0.39999999999999991     
           5          44   9.0000000000000000        4.4999999999999991        8.6463942876890965       0.88787803232655393                3 -0.19190027598758780      -0.16729769034470968       -9.4205669405519707E-002 -0.10108871996635217      -0.19087744271663004      -0.20718591334188516        1.8000000000000003       0.39999999999999908     
           5          45   8.0000000000000000        3.9999999999999996        7.5739997981103544       0.82862347332610276                3 -0.20017273739952160      -0.16919275773528514       -9.5549394749753755E-002 -0.11249266025614645      -0.21962573925613518      -0.24515144195138378        1.6000000000000001       0.48989794855663493     
           5          46   6.0000000000000000        2.9999999999999996        5.6500120828185381       0.85178781955330052                3 -0.18828023454541251      -0.14160275994219315       -9.0112587219867979E-002  0.84841380097398045      -0.27193086540108768      -0.27997782978643987        1.2000000000000002       0.39999999999999963     
           5          47   8.0000000000000000        3.9999999999999996        7.7548953761301433       0.80383518159098233                3 -0.19842565678129637      -0.17536026610121058       -8.8311187937800142E-002 -0.11230116781248031      -0.20739978975510873      -0.23173121224182031        1.6000000000000001       0.48989794855663582     
           5          48   5.0000000000000000        2.4999999999999996        4.8312947941446636       0.89061354080623201                3 -0.18180835145267144      -0.15859004932911777       -8.6580024698229452E-002 -0.17356481398061235      -0.32119384066911710      -0.33958841804780782        1.0000000000000000        0.0000000000000000     
           5          49   7.0000000000000000        3.4999999999999996        6.6939931506761035       0.81224409026534083                3 -0.19697438224715691      -0.16797974252140241       -9.5216358947529639E-002 -0.13097533380346862      -0.23896335008259934      -0.26217385710545177        1.4000000000000001       0.48989794855663538     
           5          50   7.0000000000000000        3.4999999999999996        6.6939931506761026       0.81224409784117668                3 -0.19697438732495121      -0.16797974032218821       -9.5216361249705853E-002 -0.13097534186329104      -0.23896336096005311      -0.26217386510975210        1.4000000000000001       0.48989794855663538     
