           6           1   8.0000000000000000        4.9999999999999991        7.9010796416502327       0.95324778403658927                3 -0.17832572803959723        7.2045117058715649E-002  0.12229200541044369      -0.21875822824173305       0.98692257360608637      -0.47945684534406663        1.6666666666666665       0.47140452079103179     
           6           2   7.0000000000000000        3.9999999999999996        6.4729004391733875       0.63737979524722299                3 -0.12231037156555227      -0.23990031447826829        7.4435902820444544E-002  0.24390636678372485      -0.11079268614743566       0.31338751537527321        1.3333333333333333       0.47140452079103179     
           6           3   7.0000000000000000        4.4999999999999991        6.6335963732312591       0.72510535229619633                3 -0.13633978134153624       -8.2412087972845202E-002  -5.0478950869747935E-002 -0.10230588771457433      -0.19939575021733827      -0.24782114474404401        1.5000000000000000       0.50000000000000000     
           6           4   7.0000000000000000        3.9999999999999996        6.4336839355334492       0.55611331934550690                3 -0.12554692013503974      -0.22296318780953539        6.8158128798858214E-002  0.21604338803332238       -9.6490212613307480E-002  0.34386982904918217        1.3333333333333335       0.47140452079103129     
           6           5   8.0000000000000000        4.4999999999999991        7.2466642071912615       0.67223410835558972                3 -0.12410730626408034      -0.22846882409398153        8.1750308552988926E-002  0.19719297601873445       -8.5295472428800034E-002  0.27717119457971151        1.5000000000000000       0.50000000000000000     
           6           6   7.0000000000000000        3.9999999999999996        6.4036161204815709       0.57846046988503241                3 -0.11250129357726371      -0.24409672830682877        8.7319936344431248E-002  0.22458507385547014      -0.10381273759749640       0.30145992864021598        1.3333333333333333       0.47140452079103157     
           6           7   9.0000000000000000        5.4999999999999991        8.2783653438491545       0.42891030008866177                3 -0.14631156137846640       -8.5664062483098477E-002  -5.1759688266252511E-002  -7.2242535472392996E-002 -0.15664255364142352      -0.18226437589044667        1.8333333333333330       0.37267799624996606     
           6           8   5.0000000000000000        3.4999999999999996        4.8904194390453934       0.91735992369549224                3 -0.13389435809245051       0.15268195781207908      -0.19718605115577925      -0.12908369729695210      -0.38961169924954447        8.1679418263325920E-002   1.1666666666666665       0.37267799624996550     
           6           9   8.0000000000000000        4.4999999999999991        7.3863393562404758       0.57829926303335288                3 -0.10991703675706584      -0.23329799296492004        7.4350710593680563E-002  0.19036960936685601       -8.4555344137176414E-002  0.28384994139589514        1.5000000000000000       0.49999999999999956     
           6          10   8.0000000000000000        4.9999999999999991        7.6181499253061213       0.70506484269900271                3 -0.14618743310706564       -8.2996535604698052E-002  -5.0255344757234366E-002  -7.8949247771753064E-002 -0.15993292098503792      -0.18460177962685922        1.6666666666666665       0.47140452079103179     
           6          11   10.000000000000000        5.4999999999999991        9.5067642574842441       0.81375154283181483                3 -0.17647847461542929       0.12972979239704113       0.22575459699298936        8.9611050340735202E-002  0.17677627155129291       0.96357891559092679        1.8333333333333333       0.37267799624996489     
           6          12   6.0000000000000000        3.9999999999999996        5.8506164141808013       0.89562676121031903                3 -0.12429051337333194       -6.9498492935651732E-002  -5.5076839131086450E-002 -0.12625663657620459      -0.24583436561547034      -0.27835887189125075        1.3333333333333333       0.47140452079103179     
           6          13   9.0000000000000000        5.4999999999999991        8.2783653438491562       0.42891030803020402                3 -0.14631155546282135       -8.5664053074692478E-002  -5.1759687117914462E-002  -7.2242551280690917E-002 -0.15664256807647250      -0.18226438180578070        1.8333333333333330       0.37267799624996606     
           6          14   9.0000000000000000        5.4999999999999991        8.2783653438491616       0.42891030619734788                3 -0.14631156141750287       -8.5664062345376657E-002  -5.1759692196673028E-002  -7.2242538330190481E-002 -0.15664255302426078      -0.18226438023196154        1.8333333333333330       0.37267799624996606     
           6          15   10.000000000000000        5.9999999999999991        9.0079597122677946       0.54324609679689229                3 -0.14341624891648683       0.16033046854071717      -0.23784199743278980       -7.3733935082474902E-002 -0.20796020242721530        5.0850504364319662E-002   1.9999999999999998        2.1073424255447017E-008
           6          16   9.0000000000000000        4.9999999999999991        8.2149176642628667       0.71175592240769492                3 -0.11969528584442451      -0.22295117332416353        9.1713618956164367E-002  0.17879683378288042       -7.8820227584158006E-002  0.24588445234870610        1.6666666666666665       0.47140452079103179     
           6          17   8.0000000000000000        4.4999999999999991        7.5037967604683082       0.73994687258036596                3 -0.14665087136460328      -0.13061552135076945       -8.4161162147851215E-002 -0.10199829537933618      -0.19066018400541024      -0.20328932780219208        1.5000000000000000       0.49999999999999956     
           6          18   8.0000000000000000        4.4999999999999991        7.5037967604683065       0.73994687779365520                3 -0.14665086360135432      -0.13061552255296888       -8.4161167593913455E-002 -0.10199829439816716      -0.19066018176685096      -0.20328933108933264        1.5000000000000000       0.49999999999999956     
           6          19   6.0000000000000000        3.4999999999999996        5.7825563088882648       0.86782412642646312                3 -0.15231318994477408       0.19998031699425284       0.15411764475911011       0.12640797997171990      -0.76863139487130572      -0.93916569886973433        1.1666666666666667       0.37267799624996456     
           6          20   7.0000000000000000        4.4999999999999991        6.3315704327578288       0.41111629942672478                3 -0.12646035859048863       -8.0955190989939182E-002  -6.1655978030181767E-002 -0.10357640061753291      -0.21603439076769906      -0.21555609936949477        1.4999999999999998       0.50000000000000044     
           6          21   10.000000000000000        5.9999999999999991        9.0079597122677963       0.54324609857637884                3 -0.14341624869912745       0.16033046717842142      -0.23784199627443689       0.92626606461876160       0.79203979674291070        5.0850505575415240E-002   1.9999999999999998        2.1073424255447017E-008
           6          22   9.0000000000000000        4.9999999999999991        8.2774639969377368       0.73017194533597529                3 -0.15254268576211991      -0.11330712612718116       -7.4096613734892749E-002  -9.0221057691251189E-002 -0.16204519203284748      -0.17773455350479672        1.6666666666666665       0.47140452079103179     
           6          23   8.0000000000000000        4.9999999999999991        7.3204834301034989       0.51688759825668007                3 -0.12707567701652042       0.10373520371762635        9.1285866579538119E-002 -0.10711845541990504       0.82483862859290935      -0.25897138079754856        1.6666666666666665       0.47140452079103179     
           6          24   8.0000000000000000        4.9999999999999991        7.6020642080343848       0.74576574085272163                3 -0.16699944848510578       -9.4634686493786022E-002   5.9043983573777110E-002  0.85502766036395483       0.94231737367024015       0.34305480510186592        1.6666666666666665       0.47140452079103223     
           6          25   7.0000000000000000        4.4999999999999991        6.3315704327578297       0.41111630993393411                3 -0.12646035988660945       -8.0955192022074837E-002  -6.1655981846513996E-002 -0.10357641092453006      -0.21603440915943703      -0.21555608457340114        1.5000000000000000       0.50000000000000000     
           6          26   7.0000000000000000        3.9999999999999996        6.4729004391733858       0.63737977321528483                3 -0.12231037496055004      -0.23990031562360228        7.4435900570097496E-002  0.24390635243449729      -0.11079267809290459       0.31338751561796407        1.3333333333333333       0.47140452079103179     
           6          27   7.0000000000000000        4.4999999999999991        6.3315704327578350       0.41111629910853764                3 -0.12646035777047798       -8.0955192502037726E-002  -6.1655977976134438E-002 -0.10357639840904913      -0.21603439354696782      -0.21555609867094885        1.5000000000000000       0.50000000000000000     
           6          28   8.0000000000000000        4.4999999999999991        7.3863393562404829       0.57829922610517059                3 -0.10991703552376395      -0.23329800228263889        7.4350711139998971E-002  0.19036958672558590       -8.4555315865396358E-002  0.28384992481598081        1.5000000000000000       0.50000000000000000     
           6          29   8.0000000000000000        4.4999999999999991        7.3863393562404758       0.57829926424292377                3 -0.10991704192190256      -0.23329799167692011        7.4350702510988700E-002  0.19036961369125216       -8.4555347362580233E-002  0.28384994730350144        1.5000000000000000       0.49999999999999956     
           6          30   6.0000000000000000        3.9999999999999996        5.8506164141807977       0.89562675689771376                3 -0.12429052612272057       -6.9498499033646480E-002  -5.5076836240749348E-002 -0.12625663474368468      -0.24583434695607115      -0.27835887783688446        1.3333333333333333       0.47140452079103179     
           6          31   8.0000000000000000        4.9999999999999991        7.3472069820793831       0.44980960650991408                3 -0.13611242528367337       -8.8224431522856542E-002  -6.3750786211118834E-002  -9.7045142898560505E-002 -0.18950467065284121      -0.21412857399022683        1.6666666666666665       0.47140452079103179     
           6          32   6.0000000000000000        3.9999999999999996        5.7553089362342185       0.82035670252463344                3 -0.13785180110424161       -7.9296862837323567E-002  -5.4468822365370574E-002 -0.10821530829501895      -0.21001267237233437      -0.21582202721565316        1.3333333333333333       0.47140452079103179     
           6          33   7.0000000000000000        4.4999999999999991        6.8626955703115922       0.90870979086849024                3 -0.12701472554448426       -6.1423524554269401E-002  -7.7212121715000415E-002 -0.13227693933054821      -0.20690103028279405      -0.26978097676990509        1.4999999999999998       0.50000000000000044     
           6          34   7.0000000000000000        3.9999999999999996        6.5235855994373457       0.73482301966102626                3 -0.14426784851302632      -0.12920196477337642       -8.7992648909588286E-002 -0.11098566373797443      -0.23038563182020641      -0.23042576205819848        1.3333333333333333       0.47140452079103179     
           6          35   7.0000000000000000        4.4999999999999991        6.8207388196742063       0.86923260655970325                3 -0.14245040881083251       -8.0465785059466888E-002  -5.4964626525554963E-002  -8.9134010934207406E-002 -0.17402843463376214      -0.17282758772615928        1.4999999999999998       0.50000000000000000     
           6          36   7.0000000000000000        4.4999999999999991        6.6335963732312608       0.72510532892751933                3 -0.13633979163856266       -8.2412093098399891E-002  -5.0478954012245204E-002 -0.10230587812186415      -0.19939573442826328      -0.24782113126887487        1.4999999999999998       0.50000000000000044     
           6          37   8.0000000000000000        4.4999999999999991        7.4232481981188183       0.64823772785105327                3 -0.15524996183853976      -0.13503542038787530       -7.8875632827240874E-002  -9.7557730436632725E-002 -0.19371243326620344      -0.21565488996956814        1.5000000000000000       0.49999999999999956     
           6          38   7.0000000000000000        3.9999999999999996        6.4189393671947208       0.51712081385279607                3 -0.10245151778861745      -0.24235753995315329        6.2203741007686879E-002  0.20920710783465923       -9.4629221444745337E-002  0.31499989954085011        1.3333333333333333       0.47140452079103157     
           6          39   8.0000000000000000        4.4999999999999991        7.4232481981188201       0.64823772283682546                3 -0.15524995486849033      -0.13503542161658733       -7.8875648181455871E-002  -9.7557715630907565E-002 -0.19371243732043159      -0.21565488217129800        1.5000000000000000       0.49999999999999956     
           6          40   8.0000000000000000        4.4999999999999991        7.4232481981188148       0.64823772733987872                3 -0.15524995577585890      -0.13503542740881286       -7.8875653023546072E-002  -9.7557710144392504E-002 -0.19371243975999725      -0.21565489210167976        1.5000000000000002       0.49999999999999867     
           6          41   8.0000000000000000        4.4999999999999991        7.4163377246167288       0.60456651858121191                3 -0.14720238652269133      -0.10278305726199358       -7.2076654943306923E-002  -9.8063038721960080E-002 -0.17137743246913650      -0.16866669619011812        1.5000000000000000       0.49999999999999956     
           6          42   6.0000000000000000        3.4999999999999996        5.5061120748997396       0.59244112906924218                3 -0.13580337713985019       -9.9838674739964758E-002  -7.0801506688177640E-002 -0.13170901060511880      -0.23593523965340316      -0.25015066099393940        1.1666666666666665       0.37267799624996550     
           6          43   10.000000000000000        5.4999999999999991        9.5067642574842388       0.81375154201321609                3 -0.17647844408394495       0.12972981679204926       0.22575457410853719        8.9611045776327544E-002  0.17677627958560069       0.96357893007534812        1.8333333333333333       0.37267799624996489     
           6          44   7.0000000000000000        3.9999999999999996        6.4189393671947190       0.51712082493574663                3 -0.10245148775526339      -0.24235755730210692        6.2203753752090134E-002  0.20920712237844533       -9.4629228094942869E-002  0.31499986961547960        1.3333333333333333       0.47140452079103179     
           6          45   7.0000000000000000        3.9999999999999996        6.5235855994373528       0.73482302188104931                3 -0.14426784390269470      -0.12920196725570451       -8.7992650522591448E-002 -0.11098566518523845      -0.23038563595835262      -0.23042575559207257        1.3333333333333335       0.47140452079103129     
           6          46   8.0000000000000000        4.4999999999999991        7.4163377246167279       0.60456652591077564                3 -0.14720238698755916      -0.10278305491237782       -7.2076671344771553E-002  -9.8063034842225269E-002 -0.17137742891912955      -0.16866669253730859        1.5000000000000000       0.49999999999999956     
           6          47   8.0000000000000000        4.9999999999999991        7.7473478182300983       0.82290725806691467                3 -0.15325561519534522       -8.2690019927587052E-002  -4.9986811794297446E-002  -8.1172381817973524E-002 -0.17675526174685277      -0.20910163149769384        1.6666666666666665       0.47140452079103223     
           6          48   8.0000000000000000        4.9999999999999991        7.6020642080343910       0.74576572358064197                3 -0.16699946294512771       -9.4634687945391871E-002   5.9043977475701490E-002  0.85502767014141301       0.94231738112626495       0.34305477980865151        1.6666666666666665       0.47140452079103223     
           6          49   9.0000000000000000        5.4999999999999991        8.2783653438491633       0.42891030171905670                3 -0.14631156388478744       -8.5664065113831581E-002  -5.1759684446984068E-002  -7.2242538543282400E-002 -0.15664256530009837      -0.18226438089485780        1.8333333333333330       0.37267799624996606     
           6          50   7.0000000000000000        4.4999999999999991        6.8053213437177380       0.86210589418440509                3 -0.11347948481231392       0.24798194010043570        5.6208681986806924E-002  0.17541950008768123       -7.7207550595229990E-002  0.28133174318023363        1.4999999999999998       0.50000000000000044     
