           1           1   6.0000000000000000        2.9999999999999996        5.7137825451303108       0.78759148432514214                3 -0.15492654213387227      -0.10624042278279426       -7.2341413828370948E-002 -0.10878229699492489      -0.21616690664232191      -0.18881850433556388        1.5000000000000000       0.50000000000000000     
           1           2   8.0000000000000000        3.9999999999999996        8.0000000000000142        1.0000000000000018                3 -0.12500004448859134       0.12499995382363437        9.1256417034456027E-008 -0.24999990754802720       0.49999999757187280       0.75180969712230328        2.0000000000000000        0.0000000000000000     
           1           3   8.0000000000000000        3.9999999999999996        8.0000000000000142       0.99999999999995870                3 -0.12499998816596841       0.12499998103095716       -4.7639782378442904E-008 -0.25000006141962783      -0.49999997155893555      -0.42695741414101984        2.0000000000000000        0.0000000000000000     
           1           4   8.0000000000000000        3.9999999999999996        8.0000000000000107       0.99999999999995948                3 -0.12499998490165531       -1.0336277940239126E-008  0.12499999515886628       0.74999998863735795      -0.33049441138982039      -0.16950558740763344        2.0000000000000000        0.0000000000000000     
           1           5   5.0000000000000000        2.4999999999999996        4.8060214139263016       0.91884878508809598                3 -0.11950308375305860      -0.10470190055523967        7.7818333001428874E-002 -0.14350358008832872      -0.31209646597523188       0.77731601651275728        1.2500000000000000       0.43301270189221930     
           1           6   5.0000000000000000        2.4999999999999996        4.8060214139263042       0.91884878014724958                3 -0.11950307838221957      -0.10470189141220095        7.7818330364793492E-002 -0.14350356949537449      -0.31209648935840045       0.77731601373692394        1.2500000000000000       0.43301270189221930     
           1           7   7.0000000000000000        3.4999999999999996        6.7827402947265618       0.85102824763604046                3 -0.15636948621428215       0.12103737315368722      -0.20413727147287561      -0.20401596738363276      -0.21095314079690766        8.5779485680104295E-002   1.7500000000000000       0.43301270189221930     
           1           8   8.0000000000000000        3.9999999999999996        8.0000000000000124        1.0000000000000011                3 -0.12499998698997966       0.12500000263532915        1.3579974177776798E-008  0.74999999066281087      -0.49999999906976866       0.13674175359527807        2.0000000000000000        0.0000000000000000     
           1           9   6.0000000000000000        2.9999999999999996        5.7137825451303099       0.78759149778667226                3 -0.15492653722159877      -0.10624042882693821       -7.2341427095214017E-002 -0.10878228676755759      -0.21616692197568449      -0.18881848066310911        1.5000000000000000       0.50000000000000000     
           1          10   6.0000000000000000        2.9999999999999996        5.7137825451303099       0.78759146384224221                3 -0.15492653558718678      -0.10624043443574176       -7.2341394120118932E-002 -0.10878229185698182      -0.21616690903968624      -0.18881848937522647        1.5000000000000000       0.50000000000000000     
           1          11   6.0000000000000000        2.9999999999999996        5.7137825451303019       0.78759149156430908                3 -0.15492654638390016      -0.10624042158576703       -7.2341415331080447E-002 -0.10878230659275288      -0.21616691313075412      -0.18881850272266024        1.5000000000000000       0.50000000000000000     
           1          12   6.0000000000000000        2.9999999999999996        5.7137825451303126       0.78759148648098209                3 -0.15492655525862062      -0.10624041888552009       -7.2341413281344510E-002 -0.10878230432933121      -0.21616691542513458      -0.18881850438636233        1.5000000000000000       0.50000000000000000     
           1          13   6.0000000000000000        2.9999999999999996        5.7137825451303081       0.78759149973327613                3 -0.15492654497277139      -0.10624041607223242       -7.2341427588387686E-002 -0.10878229117561720      -0.21616691167241694      -0.18881851158819113        1.5000000000000000       0.50000000000000000     
           1          14   5.0000000000000000        2.4999999999999996        4.8060214139263016       0.91884878221179145                3 -0.11950308405259198      -0.10470189842492995        7.7818332511778873E-002 -0.14350357442027176      -0.31209647138602525       0.77731601846388698        1.2500000000000000       0.43301270189221930     
           1          15   7.0000000000000000        3.4999999999999996        6.7827402947265583       0.85102824172901825                3 -0.15636949674539533       0.12103737012515013      -0.20413726719101713      -0.20401595930494021      -0.21095314621634287        8.5779492639316501E-002   1.7500000000000000       0.43301270189221930     
           1          16   6.0000000000000000        2.9999999999999996        5.7137825451303081       0.78759148801235812                3 -0.15492654839344039      -0.10624042031828969       -7.2341412236020863E-002 -0.10878230591733123      -0.21616691281353251      -0.18881850454708204        1.5000000000000000       0.50000000000000000     
           1          17   7.0000000000000000        3.4999999999999996        6.7827402947265618       0.85102824885848039                3 -0.15636948446900115       0.12103737758356861      -0.20413727768062154      -0.20401596585010737      -0.21095313571385196        8.5779483670107973E-002   1.7500000000000000       0.43301270189221930     
           1          18   5.0000000000000000        2.4999999999999996        4.8060214139263060       0.91884876542367855                3 -0.11950308671765819      -0.10470192542942064        7.7818316855392394E-002 -0.14350356172854717      -0.31209641135083527       0.77731600652156496        1.2500000000000000       0.43301270189221930     
           1          19   5.0000000000000000        2.4999999999999996        4.8060214139263024       0.91884879531903318                3 -0.11950308549344495      -0.10470191142912734        7.7818340609998787E-002 -0.14350356623189395      -0.31209647384548739       0.77731602586512960        1.2500000000000000       0.43301270189221930     
           1          20   7.0000000000000000        3.4999999999999996        6.7827402947265618       0.85102824867216231                3 -0.15636948515509735       0.12103737309585297      -0.20413727166419932      -0.20401596873933431      -0.21095313991831766        8.5779483121563777E-002   1.7500000000000000       0.43301270189221930     
           1          21   7.0000000000000000        3.4999999999999996        6.7827402947265645       0.85102824567761171                3 -0.15636948377559193       0.12103736774504419      -0.20413725977371136      -0.20401596364949773      -0.21095314633376819        8.5779486843425345E-002   1.7500000000000000       0.43301270189221930     
           1          22   7.0000000000000000        3.4999999999999996        6.7827402947265645       0.85102824757985407                3 -0.15636948336388523       0.12103737574791763      -0.20413727819527269      -0.20401596645394959      -0.21095313897815637        8.5779487213296646E-002   1.7500000000000000       0.43301270189221930     
           1          23   6.0000000000000000        2.9999999999999996        5.7137825451303099       0.78759148255016198                3 -0.15492655806833047      -0.10624042039618764       -7.2341425798758560E-002 -0.10878227674083972      -0.21616690395234076      -0.18881852622966008        1.5000000000000000       0.50000000000000000     
           1          24   6.0000000000000000        2.9999999999999996        5.7137825451303073       0.78759149174801424                3 -0.15492654696048408      -0.10624041959224598       -7.2341413638996072E-002 -0.10878230793174939      -0.21616691466033833      -0.18881850237799908        1.5000000000000000       0.50000000000000000     
           1          25   6.0000000000000000        2.9999999999999996        5.7137825451303099       0.78759148189741668                3 -0.15492654960009569      -0.10624042109377009       -7.2341410940810952E-002 -0.10878230267192975      -0.21616690927260254      -0.18881850399983718        1.5000000000000000       0.50000000000000000     
           1          26   6.0000000000000000        2.9999999999999996        5.7137825451303126       0.78759149799645956                3 -0.15492655518104390      -0.10624042336205859       -7.2341412640525377E-002 -0.10878231218645286      -0.21616692563004497      -0.18881851143843448        1.5000000000000000       0.50000000000000000     
           1          27   6.0000000000000000        2.9999999999999996        5.7137825451303073       0.78759149404373918                3 -0.15492653974486806      -0.10624042931677988       -7.2341424613351052E-002 -0.10878229791759988      -0.21616690816276862      -0.18881850041036302        1.5000000000000000       0.50000000000000000     
           1          28   6.0000000000000000        2.9999999999999996        5.7137825451302993       0.78759147719903688                3 -0.15492653584280303      -0.10624042352438350       -7.2341397874357810E-002 -0.10878232264140170      -0.21616689860082960      -0.18881850161720640        1.5000000000000000       0.50000000000000000     
           1          29   5.0000000000000000        2.4999999999999996        4.8060214139263016       0.91884879397879082                3 -0.11950308813977026      -0.10470189760457595        7.7818337856863262E-002 -0.14350357684763912      -0.31209650349537960       0.77731600649644650        1.2500000000000000       0.43301270189221930     
           1          30   8.0000000000000000        3.9999999999999996        8.0000000000000107       0.99999999999999878                3 -0.12500000313580448       0.20208842411026262       -7.7088426075975200E-002  0.75000000566398128      -0.49999999380237242        9.6768258428469469E-009   2.0000000000000000        0.0000000000000000     
           1          31   7.0000000000000000        3.4999999999999996        6.7827402947265654       0.85102824713312608                3 -0.15636948507755663       0.12103736913571635      -0.20413727353678143      -0.20401596658634102      -0.21095314123083897        8.5779485263528188E-002   1.7500000000000000       0.43301270189221930     
           1          32   5.0000000000000000        2.4999999999999996        4.8060214139263060       0.91884879139157882                3 -0.11950306457220521      -0.10470188666541672        7.7818343342220042E-002 -0.14350357495973939      -0.31209646840699518       0.77731601434041997        1.2500000000000000       0.43301270189221930     
           1          33   6.0000000000000000        2.9999999999999996        5.7137825451303090       0.78759150290836588                3 -0.15492654894865349      -0.10624042611570959       -7.2341414823406225E-002 -0.10878231461403505      -0.21616692584333783      -0.18881850754951132        1.5000000000000000       0.50000000000000000     
           1          34   7.0000000000000000        3.4999999999999996        6.7827402947265583       0.85102824667406196                3 -0.15636948518883950       0.12103737241828655      -0.20413727243201316      -0.20401596484136014      -0.21095314163568640        8.5779482517137989E-002   1.7500000000000000       0.43301270189221930     
           1          35   7.0000000000000000        3.4999999999999996        6.7827402947265618       0.85102824691088241                3 -0.15636948613165938       0.12103737306621515      -0.20413727147193683      -0.20401596568257271      -0.21095314139046734        8.5779484799861430E-002   1.7500000000000000       0.43301270189221930     
           1          36   5.0000000000000000        2.4999999999999996        4.8060214139263033       0.91884879078871529                3 -0.11950306378474164      -0.10470190142737391        7.7818331924144835E-002 -0.14350357877959141      -0.31209646401795960       0.77731603874955579        1.2500000000000000       0.43301270189221930     
           1          37   6.0000000000000000        2.9999999999999996        5.7137825451303126       0.78759149085211133                3 -0.15492654975417061      -0.10624042198160276       -7.2341413750405967E-002 -0.10878230749283282      -0.21616691569377175      -0.18881850414103790        1.5000000000000000       0.50000000000000000     
           1          38   7.0000000000000000        3.4999999999999996        6.7827402947265645       0.85102824463080873                3 -0.15636949666775657       0.12103737031837154      -0.20413727944850377      -0.20401596180782572      -0.21095313865146884        8.5779486635477381E-002   1.7500000000000000       0.43301270189221930     
           1          39   6.0000000000000000        2.9999999999999996        5.7137825451303064       0.78759148259876455                3 -0.15492654555819166      -0.10624042330600716       -7.2341409922521735E-002 -0.10878231163423073      -0.21616690918300868      -0.18881849162502085        1.5000000000000000       0.50000000000000000     
           1          40   4.0000000000000000        1.9999999999999998        4.0000000000000062        1.0000000000000011                3 -0.12500000027835889       0.12499995864316903        4.1584985939802275E-008 -0.49999999946687007      -0.99999999637049852       -7.4856909396772749E-003   1.0000000000000000        0.0000000000000000     
           1          41   6.0000000000000000        2.9999999999999996        5.7137825451303099       0.78759148740508733                3 -0.15492654726268795      -0.10624042055117836       -7.2341413472948632E-002 -0.10878230419027675      -0.21616691173206662      -0.18881850192971331        1.5000000000000000       0.50000000000000000     
           1          42   7.0000000000000000        3.4999999999999996        6.7827402947265600       0.85102824795277920                3 -0.15636949011004753       0.12103737496227220      -0.20413727522059996      -0.20401596494187080      -0.21095313670866581        8.5779480918888110E-002   1.7500000000000000       0.43301270189221930     
           1          43   6.0000000000000000        2.9999999999999996        5.7137825451303117       0.78759148401338863                3 -0.15492654380496082      -0.10624042382313686       -7.2341413379508238E-002 -0.10878230047475396      -0.21616691203448740      -0.18881849073034976        1.5000000000000000       0.50000000000000000     
           1          44   4.0000000000000000        1.9999999999999998        4.0000000000000071       0.99999999999999700                3 -0.24999999743090720      -0.12500000598596558      -0.12500000065866493       0.50000000148926615       0.49999999834123754      -0.99999999242801785        1.0000000000000000        0.0000000000000000     
           1          45   6.0000000000000000        2.9999999999999996        5.7137825451303037       0.78759148017258784                3 -0.15492654505756839      -0.10624042053955148       -7.2341410460678088E-002 -0.10878230677030716      -0.21616690270380848      -0.18881850156779678        1.5000000000000000       0.50000000000000000     
           1          46   6.0000000000000000        2.9999999999999996        5.7137825451303099       0.78759149031676967                3 -0.15492655206075218      -0.10624039606998863       -7.2341426046886426E-002 -0.10878228840781706      -0.21616689829872232      -0.18881852175959801        1.5000000000000000       0.50000000000000000     
           1          47   5.0000000000000000        2.4999999999999996        4.8060214139263016       0.91884879397940256                3 -0.11950308612016396      -0.10470190193041232        7.7818338181294328E-002 -0.14350359394704529      -0.31209645994785162       0.77731600588282435        1.2500000000000000       0.43301270189221930     
           1          48   7.0000000000000000        3.4999999999999996        6.7827402947265583       0.85102824663615362                3 -0.15636948570718179       0.12103737333844779      -0.20413727217206412      -0.20401596637157768      -0.21095314220300157        8.5779487109318306E-002   1.7500000000000000       0.43301270189221930     
           1          49   6.0000000000000000        2.9999999999999996        5.7137825451303073       0.78759148710359039                3 -0.15492654889540844      -0.10624042001167011       -7.2341412469251229E-002 -0.10878230846189214      -0.21616691127889603      -0.18881850218900678        1.5000000000000000       0.50000000000000000     
           1          50   7.0000000000000000        3.4999999999999996        6.7827402947265583       0.85102825989615682                3 -0.15636948459339325       0.12103739212893941      -0.20413729154844990      -0.20401599391352457      -0.21095312833803390        8.5779472507146126E-002   1.7500000000000000       0.43301270189221930     
