          20           1   9.0000000000000000        5.9999999999999991        8.2810117753110202       0.47108407556247289                3 -0.12730907436882308       -9.4506810801458785E-002  -6.9114462500310031E-002  -8.4928662081152601E-002 -0.16753920064239253      -0.19653753619687095        1.3333333333333335       0.47140452079103129     
          20           2   11.000000000000000        7.4999999999999991        10.128520329451014       0.42113021896792191                3 -0.12092474021723425       0.18314118858341683       0.24043413653725831       -7.6162831019282659E-002 -0.19948752722116550        2.9915611337362851E-002   1.6666666666666670       0.47140452079103085     
          20           3   10.000000000000000        6.9999999999999991        9.2176072272020964       0.31937414801122765                3 -0.12467658403502832       0.18238898193651640      -0.24895747270573881       -7.4505341405862319E-002 -0.20443581100228700        2.5740568365943052E-002   1.5555555555555558       0.49690399499995214     
          20           4   10.000000000000000        6.9999999999999991        9.2982533349822898       0.64205378975542282                3 -0.24965848007233274       0.12801666406473461      -0.22347308812572758       0.21444726960639796       0.59155298642721177      -0.85927201755301641        1.5555555555555558       0.49690399499995169     
          20           5   9.0000000000000000        6.4999999999999991        8.8835025419015494       0.90963719957244737                3 -0.11915328400883031      -0.19881778080618562      -0.18558652548349214       0.55426818125824184      -0.36516560565893019       0.41175431156789544        1.4444444444444446       0.49690399499995258     
          20           6   10.000000000000000        6.9999999999999991        9.4184215425345350       0.55969501641707586                3 -0.10328539223110929      -0.19897399187442494      -0.19708587769401109       0.46097865721450443      -0.34627723033316032       -5.5224740656477929E-002   1.5555555555555558       0.49690399499995258     
          20           7   10.000000000000000        6.9999999999999991        9.9499022101728034       0.98751114313775146                3 -0.19740398189878122       0.12294876836463012      -0.23816032747483035        7.9659386056167764E-002  0.16531021112597541       0.94583615202208604        1.5555555555555558       0.49690399499995214     
          20           8   12.000000000000000        8.4999999999999982        11.162076524111747       0.39191461720252535                3 -0.22292563392953840      -0.22872546697934013       0.19944982670567299      -0.10216746850836375      -0.23507500018171021       0.19378750734532194        1.8888888888888893       0.31426968052735232     
          20           9   11.000000000000000        7.4999999999999991        10.611780419680944       0.80041382089329438                3 -0.12018354134072302      -0.10949862779315482       -8.5936911997509968E-002  -6.7016622635900441E-002 -0.14145341719018178      -0.14793206491444699        1.6666666666666670       0.47140452079103085     
          20          10   9.0000000000000000        5.9999999999999991        8.2978661807215310       0.68218635797076810                3 -0.13108276208497679      -0.18623251124608395       0.24844279601173874       0.42694096731514014       0.68039491848475053      -0.39199691041424983        1.3333333333333335       0.47140452079103129     
          20          11   11.000000000000000        7.4999999999999991        10.201578607300569       0.52938702796854709                3  -6.9977397778652861E-002 -0.18425828485004894      -0.21148777584774442       0.40707147146906614      -0.28270192638706781       -4.1976077782785476E-002   1.6666666666666670       0.47140452079103085     
          20          12   9.0000000000000000        6.4999999999999991        8.4590910743856451       0.62065145997484117                3  -8.1347150292486597E-002  -9.0961793903947319E-002  -6.6103837439696250E-002  -9.9548000860433583E-002 -0.73810369358791406       0.29622080366438641        1.4444444444444446       0.49690399499995302     
          20          13   9.0000000000000000        5.9999999999999991        8.3761811285386614       0.55860479464298396                3 -0.17354494293956230       -9.8272717653588151E-002   9.7543122333705740E-002 -0.15948455669731654      -0.18924719084350489       0.32381088161519933        1.3333333333333335       0.47140452079103129     
          20          14   9.0000000000000000        5.9999999999999991        8.2810117753110131       0.47108406263867775                3 -0.12730906570265577       -9.4506805763637278E-002  -6.9114462427078971E-002  -8.4928655930083252E-002 -0.16753919623997021      -0.19653754070817034        1.3333333333333335       0.47140452079103129     
          20          15   10.000000000000000        6.4999999999999991        9.3040522779223522       0.79290078246048779                3 -0.14331027019265358      -0.15460718782235833       0.24192342642251649       0.84151234915836881      -0.42459340654081296      -0.15550853506406206        1.4444444444444446       0.49690399499995302     
          20          16   9.0000000000000000        5.9999999999999991        8.2976709220436025       0.42311529742780457                3 -0.12302764816913393       -8.3927272412167964E-002  -6.0088398843006374E-002  -7.8010447598009555E-002 -0.15596528486021935      -0.20768962310046185        1.3333333333333335       0.47140452079103129     
          20          17   9.0000000000000000        6.4999999999999991        8.6619135670612977       0.76731713166380233                3 -0.18653715663721021      -0.24399319503766570        8.3502883654533275E-002  0.20529896405272963       0.78046036866824642       0.39305107294363029        1.4444444444444446       0.49690399499995302     
          20          18   9.0000000000000000        5.9999999999999991        8.4719013822659672       0.55669123336319348                3 -0.11504209380104770       -7.8348565938084397E-002  -9.1583838152663966E-002 -0.14314055953058522      -0.48847779546757736       0.23289612433465784        1.3333333333333333       0.47140452079103179     
          20          19   11.000000000000000        7.4999999999999991        10.369257239940632       0.61697115447856010                3 -0.19184504892415180      -0.11870584710355986      -0.12524298552025179      -0.49396913648266078      -0.89870153205152081       0.97258889147585093        1.6666666666666670       0.47140452079103085     
          20          20   10.000000000000000        6.9999999999999991        9.7391154141083955       0.90942399231245430                3 -0.12223497067912838       0.16115384097334953      -0.24549441495194788       -8.2359148436254817E-002  0.78586734147021431      -0.96003649477435293        1.5555555555555558       0.49690399499995258     
          20          21   9.0000000000000000        6.4999999999999991        8.7142501389451041       0.75435040899247918                3  -6.3938606795361355E-002 -0.16940795308856690      -0.22503292559788757       0.45161646627111707      -0.30590566441924327       -4.3277985556077120E-002   1.4444444444444446       0.49690399499995258     
          20          22   10.000000000000000        6.4999999999999991        9.3264741685821093       0.48348526256539642                3 -0.12623936824980331       -9.9768714061313477E-002  -7.6413018414041745E-002  -7.2769682024509952E-002 -0.14427284538790250      -0.17481334856668082        1.4444444444444442       0.49690399499995391     
          20          23   11.000000000000000        7.9999999999999991        10.657448203111199       0.77804053345199564                3 -0.19201916909397784       -7.8565219392312258E-002   8.8101923482075739E-002 -0.11005167643000921      -0.14636091743161991       0.23531600639221570        1.7777777777777777       0.41573970964154888     
          20          24   11.000000000000000        7.4999999999999991        10.182972391137371       0.39088016719844104                3 -0.12220486613860107       -8.6354268197308931E-002  -6.5363934740467367E-002  -6.4673137605631689E-002 -0.12684951548536527      -0.16050164242830581        1.6666666666666670       0.47140452079103129     
          20          25   11.000000000000000        7.4999999999999991        10.156347591479049       0.65459539701006320                3 -0.21760917018082454       -9.9100593974392595E-002  0.24924484002343347       0.32662804662702699       0.71988904810135479      -0.33835840450070714        1.6666666666666670       0.47140452079103085     
          20          26   11.000000000000000        7.4999999999999991        10.369257239940632       0.61697119707208836                3 -0.19184503645656759      -0.11870586014227148      -0.12524298438115980      -0.49396915887598736      -0.89870153962624533       0.97258890311181201        1.6666666666666670       0.47140452079103040     
          20          27   8.0000000000000000        5.9999999999999991        7.8725852771511722       0.92840985033754486                3 -0.10910849667815560       0.20676256388539416      -0.17444909224363278       0.16295120782114753       0.83250873337733466       0.95220520503267647        1.3333333333333335       0.47140452079103129     
          20          28   10.000000000000000        6.4999999999999991        9.9355342727666383       0.98115833687286114                3 -0.17680363072927108       0.12375736171077965      -0.23741402207545320        6.7276187745792942E-002  0.16307680339583808       0.94074741754044167        1.4444444444444446       0.49690399499995302     
          20          29   11.000000000000000        7.9999999999999991        10.420388878726772       0.56420573696932519                3 -0.11667986352325799       -5.9385145272748033E-002  -4.6382799158549703E-002  -5.7465156239354845E-002 -0.12471674834055457      -0.18295833488521071        1.7777777777777777       0.41573970964154999     
          20          30   10.000000000000000        6.4999999999999991        9.3485584017837962       0.49074029975488132                3 -0.12877818499713201       0.17921684114501710       0.22999562314970770       -8.4991984971335172E-002 -0.21129051432303206        4.3352236490660695E-002   1.4444444444444446       0.49690399499995302     
          20          31   9.0000000000000000        6.4999999999999991        8.6753095362607180       0.75700767594719831                3 -0.18672971743011488       -8.6472843950648942E-002   8.6929147464628445E-002 -0.13399898452520639      -0.17680772822117932       0.28276388120115176        1.4444444444444442       0.49690399499995391     
          20          32   9.0000000000000000        6.4999999999999991        8.7005542872875523       0.74794550924482339                3 -0.11835552684502357       0.19710494292705460       0.23789756867369799       -8.2951519160907594E-002 -0.22436637913196814        2.9499613280957446E-002   1.4444444444444446       0.49690399499995302     
          20          33   11.000000000000000        7.4999999999999991        10.128520329451002       0.42113021555910524                3 -0.12092474861421287       0.18314116444401796       0.24043415167951096       -7.6162826701740877E-002 -0.19948752782569157        2.9915609759840731E-002   1.6666666666666670       0.47140452079103129     
          20          34   11.000000000000000        7.4999999999999991        10.369257239940641       0.61697117744534402                3 -0.19184502934620395      -0.11870585164187786      -0.12524299559246627      -0.49396915258573459      -0.89870153491593585       0.97258889418482919        1.6666666666666670       0.47140452079103085     
          20          35   10.000000000000000        6.4999999999999991        9.3040522779223647       0.79290077831457795                3 -0.14331026643379241      -0.15460718119690006       0.24192341719343072      -0.15848767085985996       0.57540659121729043      -0.15550855725182253        1.4444444444444446       0.49690399499995302     
          20          36   8.0000000000000000        5.9999999999999991        7.8725852771511642       0.92840983628081475                3 -0.10910845690487128       0.20676254389804377      -0.17444909925648674       0.16295116578961660       0.83250872948760357       0.95220520966582212        1.3333333333333335       0.47140452079103129     
          20          37   10.000000000000000        6.4999999999999991        9.3040522779223593       0.79290076980829283                3 -0.14331027129569407      -0.15460716475428149       0.24192342368747724       0.84151235060055496      -0.42459338948096315       0.84449144514324970        1.4444444444444446       0.49690399499995302     
          20          38   10.000000000000000        6.9999999999999991        9.5920481602465415       0.70321333277122111                3 -0.19022644922462698       -8.1737073222803575E-002   8.7234984094753540E-002 -0.11766931845912071      -0.15611469285089119       0.26146534614427214        1.5555555555555558       0.49690399499995258     
          20          39   8.0000000000000000        5.4999999999999991        7.9637208176769789       0.98441870609572368                3 -0.19154722323063614       0.12480500612204971       0.23604489354019972       0.10192047676953961       0.19844825731896767       0.93403483164068490        1.2222222222222223       0.41573970964154916     
          20          40   9.0000000000000000        6.4999999999999991        8.4590910743856522       0.62065145665041088                3  -8.1347151261476958E-002  -9.0961794483860922E-002  -6.6103835892350402E-002  -9.9547998874549667E-002 -0.73810369442553081       0.29622079853590760        1.4444444444444446       0.49690399499995302     
          20          41   11.000000000000000        7.4999999999999991        10.085891086336527       0.42337542465507860                3 -0.12574734853935218       -7.7471675050060321E-002  -5.8801521483886038E-002  -6.3920653150769696E-002 -0.13559988422703856      -0.16796277820862757        1.6666666666666670       0.47140452079103085     
          20          42   7.0000000000000000        4.9999999999999991        6.7769579914117548       0.81087804320250578                3 -0.11927295550016329       0.18091222615324987       0.24437652461350043      -0.11275785572210173      -0.29182692307050168        4.8771347208862094E-002   1.1111111111111114       0.31426968052735410     
          20          43   10.000000000000000        6.4999999999999991        9.1772234393933427       0.55160614093573745                3 -0.12253525247892720      -0.10016687698202467       -8.0984055557306908E-002  -7.8301954506516599E-002 -0.15163883125591732      -0.17261421392198928        1.4444444444444446       0.49690399499995302     
          20          44   9.0000000000000000        6.4999999999999991        8.8247005247215995       0.88088924902479204                3 -0.12772388355068312       -8.3483038668032875E-002  -5.2622452179409515E-002  -6.8474232377159813E-002 -0.14266530930894400      -0.18511834926834930        1.4444444444444446       0.49690399499995302     
          20          45   9.0000000000000000        5.9999999999999991        8.2978661807215381       0.68218635766214897                3 -0.13108277111722783      -0.18623253077082541       0.24844279538894590       0.42694095496202933       0.68039492203302987      -0.39199688547538447        1.3333333333333335       0.47140452079103129     
          20          46   10.000000000000000        6.4999999999999991        9.5086395005370044       0.80826446789151718                3 -0.13529245395939102       0.10248000557622446      -0.10008844696336300      -0.12305893450969339       0.49797385215871492      -0.73274316912399451        1.4444444444444446       0.49690399499995302     
          20          47   10.000000000000000        6.9999999999999991        9.5571174103736869       0.77462605147556118                3 -0.16905100444092461      -0.23758708782153581       -9.7253641944738081E-002  0.83992357715565480       0.11522238970517273       0.37490846688704832        1.5555555555555558       0.49690399499995258     
          20          48   8.0000000000000000        5.9999999999999991        7.8406633092179234       0.91813669149862043                3  -5.6118539823274041E-002  0.20936798053455158        8.6361347652270035E-002 -0.19466958764763842      -0.91916987584343235      -0.82751455480391500        1.3333333333333335       0.47140452079103129     
          20          49   10.000000000000000        6.9999999999999991        9.4184215425345315       0.55969501719843684                3 -0.10328539233920310      -0.19897398918416118      -0.19708588082819734       0.46097865709188096      -0.34627722951639922       -5.5224741303151643E-002   1.5555555555555558       0.49690399499995258     
          20          50   12.000000000000000        8.4999999999999982        11.338318700525560       0.60004550028309578                3 -0.23001672193364009      -0.11347289309316803      -0.21651858329423707      -0.32786971526200126      -0.23784922838392100        9.5724219665513352E-002   1.8888888888888893       0.31426968052735232     
