           7           1   6.0000000000000000        2.9999999999999996        5.9474217713142892       0.98298844506280725                3 -0.18060173750481071      -0.17357820911982494       -8.8616748837987133E-002 -0.14326736866196965      -0.27656308634024895      -0.29601002565617257       0.99999999999999989        1.0536712127723509E-008
           7           2   8.0000000000000000        3.9999999999999996        7.7961592839916918       0.92704964432900216                3 -0.17608676841341622      -0.15674306675725647       -8.3164809417339794E-002 -0.10477738383198200      -0.19911299456481621      -0.20363539519742099        1.3333333333333335       0.47140452079103129     
           7           3   8.0000000000000000        3.9999999999999996        7.5940352610314257       0.86271779960044326                3 -0.17641388765817276       0.11827738879880915      -0.23622267414753084      -0.11059456372067065      -0.27520437729972941        8.4985730641757101E-002   1.3333333333333333       0.47140452079103179     
           7           4   9.0000000000000000        4.4999999999999991        8.8315552020582935       0.94472098333121146                3 -0.18596439441185073      -0.17198696603785235       -8.6464120848482123E-002  -9.9028743463978441E-002 -0.18603550367493060      -0.20026201226258769        1.5000000000000000       0.49999999999999956     
           7           5   10.000000000000000        4.9999999999999991        9.7750722760395572       0.92445016127131441                3 -0.15813931346743682      -0.15024215106275102       0.10656253791499930       0.15674870139058913       -8.1843728512064909E-002  0.23844393334365485        1.6666666666666665       0.47140452079103179     
           7           6   9.0000000000000000        4.4999999999999991        8.7462544847630745       0.93464944960571250                3 -0.19146780632921803      -0.17243665034137523       -9.5921144976216427E-002  -9.8636143583017297E-002 -0.19086135549737313      -0.20624886043192958        1.4999999999999998       0.50000000000000044     
           7           7   10.000000000000000        4.9999999999999991        9.8111736639752181       0.95732480135082787                3 -0.17578793876660576      -0.16001082692701529       -8.6705968068260253E-002  -8.5311309920839559E-002 -0.16066200584869544      -0.16591574450394916        1.6666666666666667       0.47140452079103085     
           7           8   10.000000000000000        4.9999999999999991        9.8234460676173345       0.96181448753814536                3 -0.19106484857910308      -0.17725841574325887       -9.4237556437800560E-002  -9.0496940727209180E-002 -0.17265196484219461      -0.18846734744732485        1.6666666666666665       0.47140452079103179     
           7           9   6.0000000000000000        2.9999999999999996        5.9474217713142954       0.98298844508221772                3 -0.18060172803601551      -0.17357820121305981       -8.8616756484713954E-002 -0.14326735167764912      -0.27656309102249038      -0.29601001242152075       0.99999999999999989        1.0536712127723509E-008
           7          10   10.000000000000000        4.9999999999999991        9.8111736639752358       0.95732481566618910                3 -0.17578794625980776      -0.16001082634869285       -8.6705948722720402E-002  -8.5311304598969545E-002 -0.16066202010018907      -0.16591577952906783        1.6666666666666665       0.47140452079103179     
           7          11   10.000000000000000        4.9999999999999991        9.8234460676173398       0.96181448890036259                3 -0.19106484439446347      -0.17725841862049554       -9.4237568414825931E-002  -9.0496935466189046E-002 -0.17265197315926395      -0.18846735229821748        1.6666666666666667       0.47140452079103085     
           7          12   7.0000000000000000        3.4999999999999996        6.8645840311067214       0.95706974335572459                3 -0.18575375997372312      -0.17039071422198920       -9.0409938828619751E-002 -0.12638887453476075      -0.24094489833776159      -0.25589962314145165        1.1666666666666667       0.37267799624996456     
           7          13   10.000000000000000        4.9999999999999991        9.8111736639752198       0.95732480019401778                3 -0.17578791845425293      -0.16001083728067000       -8.6705979634846123E-002  -8.5311282084355719E-002 -0.16066201127477850      -0.16591575290640806        1.6666666666666665       0.47140452079103179     
           7          14   11.000000000000000        5.4999999999999991        10.840292335798404       0.96598501827193428                3 -0.18134517799053032      -0.17087749552445974       -8.8452168740796436E-002  -7.8484989252094114E-002 -0.15044407263513998      -0.16042920574193154        1.8333333333333333       0.37267799624996489     
           7          15   11.000000000000000        5.4999999999999991        10.840292335798418       0.96598502291466581                3 -0.18134518883458836      -0.17087748721924423       -8.8452162751226096E-002  -7.8485001263755225E-002 -0.15044407979875035      -0.16042920455429902        1.8333333333333333       0.37267799624996489     
           7          16   8.0000000000000000        3.9999999999999996        7.8177932160190284       0.94690612291862020                3 -0.19536635084326534      -0.17830959650640502      -0.10056207530948953      -0.11620472241812901      -0.21756671594669044      -0.23829758064533260        1.3333333333333333       0.47140452079103157     
           7          17   11.000000000000000        5.4999999999999991        10.840292335798418       0.96598501591494745                3 -0.18134518228561508      -0.17087749684075360       -8.8452161082243644E-002  -7.8484989150253273E-002 -0.15044407540191057      -0.16042920226998855        1.8333333333333333       0.37267799624996489     
           7          18   10.000000000000000        4.9999999999999991        9.8234460676173381       0.96181448949883752                3 -0.19106484624624542      -0.17725841815616633       -9.4237565735529744E-002  -9.0496937061307084E-002 -0.17265197194861526      -0.18846735313772844        1.6666666666666667       0.47140452079103085     
           7          19   8.0000000000000000        3.9999999999999996        7.8177932160190240       0.94690612417090236                3 -0.19536635033169356      -0.17830959832928028      -0.10056207819457164      -0.11620472520339475      -0.21756671889819690      -0.23829758243543442        1.3333333333333333       0.47140452079103179     
           7          20   10.000000000000000        4.9999999999999991        9.8328883322803993       0.93488968967395714                3 -0.18763110478589012      -0.17596359795646710       -8.1141263217843318E-002  -9.1050431901509091E-002 -0.16648097517933580      -0.18394052304902916        1.6666666666666667       0.47140452079103085     
           7          21   10.000000000000000        4.9999999999999991        9.8234460676173434       0.96181449348828219                3 -0.19106484545964708      -0.17725842060307359       -9.4237564345437660E-002  -9.0496942745607420E-002 -0.17265197864588122      -0.18846735786732277        1.6666666666666665       0.47140452079103179     
           7          22   7.0000000000000000        3.4999999999999996        6.8645840311067188       0.95706974677006362                3 -0.18575375352606599      -0.17039071820950100       -9.0409931728878762E-002 -0.12638886817293268      -0.24094491033151694      -0.25589963521867132        1.1666666666666665       0.37267799624996550     
           7          23   7.0000000000000000        3.4999999999999996        6.8645840311067170       0.95706974400383960                3 -0.18575373949562876      -0.17039070834108563       -9.0409929137077585E-002 -0.12638887054883244      -0.24094490396419491      -0.25589961346946377        1.1666666666666665       0.37267799624996578     
           7          24   11.000000000000000        5.4999999999999991        10.686626037854619       0.94392484508224428                3 -0.14431376877416202      -0.16158448505133077       0.10820988172587261       0.14753931619684155       -7.0061758686494585E-002  0.20817092804170209        1.8333333333333330       0.37267799624996606     
           7          25   10.000000000000000        4.9999999999999991        9.8111736639752216       0.95732481459688967                3 -0.17578792687115466      -0.16001084191829412       -8.6705999634983905E-002  -8.5311320416789307E-002 -0.16066201405130937      -0.16591577247449374        1.6666666666666665       0.47140452079103179     
           7          26   6.0000000000000000        2.9999999999999996        5.9474217713142883       0.98298844509344629                3 -0.18060173277760896      -0.17357819857247922       -8.8616758619429248E-002 -0.14326734868884156      -0.27656308267992702      -0.29601002169362145       0.99999999999999989        1.0536712127723509E-008
           7          27   10.000000000000000        4.9999999999999991        9.8234460676173398       0.96181448321420615                3 -0.19106484758916698      -0.17725840805776211       -9.4237573411473249E-002  -9.0496917349177836E-002 -0.17265196497874924      -0.18846734975707036        1.6666666666666665       0.47140452079103179     
           7          28   8.0000000000000000        3.9999999999999996        7.7961592839916856       0.92704964164745240                3 -0.17608676093139752      -0.15674306245449343       -8.3164813555754585E-002 -0.10477737243836392      -0.19911299590860149      -0.20363539411220050        1.3333333333333333       0.47140452079103179     
           7          29   10.000000000000000        4.9999999999999991        9.8234460676173274       0.96181448878667264                3 -0.19106485643492957      -0.17725842867830507       -9.4237577287578742E-002  -9.0496929054612776E-002 -0.17265197781664718      -0.18846736086348012        1.6666666666666665       0.47140452079103179     
           7          30   7.0000000000000000        3.4999999999999996        6.8645840311067188       0.95706974871727346                3 -0.18575374828177815      -0.17039071391902755       -9.0409936673602379E-002 -0.12638887501506255      -0.24094490937511451      -0.25589963000725235        1.1666666666666667       0.37267799624996456     
           7          31   10.000000000000000        4.9999999999999991        9.8234460676173239       0.96181449060772362                3 -0.19106484639776614      -0.17725841637836789       -9.4237564954883571E-002  -9.0496938415243797E-002 -0.17265197310384497      -0.18846735355152341        1.6666666666666665       0.47140452079103223     
           7          32   9.0000000000000000        4.4999999999999991        8.8315552020583024       0.94472098955459771                3 -0.18596440008019460      -0.17198696643248168       -8.6464111386944334E-002  -9.9028749378669512E-002 -0.18603551645633096      -0.20026202169281249        1.5000000000000000       0.49999999999999956     
           7          33   11.000000000000000        5.4999999999999991        10.840292335798416       0.96598501797688185                3 -0.18134518200610916      -0.17087749676850922       -8.8452161963739909E-002  -7.8484989924629503E-002 -0.15044407621785233      -0.16042920589495557        1.8333333333333333       0.37267799624996489     
           7          34   7.0000000000000000        3.4999999999999996        6.8645840311067134       0.95706974400089917                3 -0.18575373678106671      -0.17039070504132212       -9.0409914018435830E-002 -0.12638887504789867      -0.24094491174639723      -0.25589960706561482        1.1666666666666665       0.37267799624996578     
           7          35   10.000000000000000        4.9999999999999991        9.8328883322803993       0.93488969191242832                3 -0.18763110456171977      -0.17596359700911496       -8.1141266620945993E-002  -9.1050431679955926E-002 -0.16648097739862092      -0.18394052097080810        1.6666666666666667       0.47140452079103085     
           7          36   8.0000000000000000        3.9999999999999996        7.8177932160190258       0.94690612304356958                3 -0.19536634827398583      -0.17830959795231069      -0.10056207553406431      -0.11620472108773493      -0.21756671682613363      -0.23829758117950686        1.3333333333333333       0.47140452079103157     
           7          37   10.000000000000000        4.9999999999999991        9.8111736639752252       0.95732480322311875                3 -0.17578792339718952      -0.16001083705432859       -8.6705974118161819E-002  -8.5311290023785638E-002 -0.16066201738621216      -0.16591575620701354        1.6666666666666667       0.47140452079103085     
           7          38   9.0000000000000000        4.4999999999999991        8.8512694768166842       0.96559154877133246                3  -5.4665422080225796E-002 -0.17986575718823400      -0.10891713324891397       0.63054452584731702      -0.76693387128169377      -0.17560843359183967        1.5000000000000000       0.50000000000000000     
           7          39   9.0000000000000000        4.4999999999999991        8.8512694768166948       0.96559154701127914                3  -5.4665424292161757E-002 -0.17986575588075929      -0.10891713557013234       0.63054453016046352      -0.76693387348034281      -0.17560843775951421        1.5000000000000000       0.50000000000000000     
           7          40   9.0000000000000000        4.4999999999999991        8.7462544847630816       0.93464944948281681                3 -0.19146780358082283      -0.17243665166314359       -9.5921146705820637E-002  -9.8636137506475791E-002 -0.19086135430767134      -0.20624886606288523        1.5000000000000000       0.50000000000000000     
           7          41   11.000000000000000        5.4999999999999991        10.686626037854621       0.94392484643004826                3 -0.14431375201933419      -0.16158450302775440       0.10820987777438873       0.14753932319086280       -7.0061768793715298E-002  0.20817093026293046        1.8333333333333330       0.37267799624996606     
           7          42   9.0000000000000000        4.4999999999999991        8.8315552020583095       0.94472098921554604                3 -0.18596440227043054      -0.17198697067988394       -8.6464115276853187E-002  -9.9028746000823870E-002 -0.18603551757178879      -0.20026202589646452        1.5000000000000002       0.49999999999999867     
           7          43   11.000000000000000        5.4999999999999991        10.840292335798411       0.96598501743583776                3 -0.18134518101188971      -0.17087749561056939       -8.8452156198402646E-002  -7.8484989947337824E-002 -0.15044407508901861      -0.16042920504500643        1.8333333333333333       0.37267799624996489     
           7          44   9.0000000000000000        4.4999999999999991        8.7462544847630692       0.93464944145562778                3 -0.19146777801522341      -0.17243661838235566       -9.5921167642019745E-002  -9.8636122172023152E-002 -0.19086132739218903      -0.20624885609347990        1.4999999999999998       0.50000000000000044     
           7          45   10.000000000000000        4.9999999999999991        9.8234460676173398       0.96181448983100259                3 -0.19106483573021224      -0.17725841758338670       -9.4237560290668543E-002  -9.0496936410332546E-002 -0.17265196974730151      -0.18846735584243243        1.6666666666666665       0.47140452079103179     
           7          46   7.0000000000000000        3.4999999999999996        6.8645840311067126       0.95706974263597711                3 -0.18575374474537715      -0.17039071520813170       -9.0409933695331374E-002 -0.12638887429537812      -0.24094489963566101      -0.25589961537628064        1.1666666666666665       0.37267799624996550     
           7          47   7.0000000000000000        3.4999999999999996        6.8645840311067108       0.95706974422690894                3 -0.18575374555814941      -0.17039071427893276       -9.0409933724164060E-002 -0.12638887530470194      -0.24094490629015652      -0.25589961688067547        1.1666666666666665       0.37267799624996550     
           7          48   7.0000000000000000        3.4999999999999996        6.8645840311067179       0.95706972725279060                3 -0.18575375009794795      -0.17039074438639196       -9.0409971616787516E-002 -0.12638882051112149      -0.24094492964097505      -0.25589961177037723        1.1666666666666667       0.37267799624996456     
           7          49   10.000000000000000        4.9999999999999991        9.8328883322803922       0.93488968847661513                3 -0.18763110150693507      -0.17596359639990561       -8.1141267176228646E-002  -9.1050428560540922E-002 -0.16648097640913695      -0.18394051496309471        1.6666666666666665       0.47140452079103179     
           7          50   10.000000000000000        4.9999999999999991        9.8234460676173168       0.96181449000067942                3 -0.19106484871860074      -0.17725841733153036       -9.4237565150957436E-002  -9.0496936567943026E-002 -0.17265197274689725      -0.18846735437291492        1.6666666666666665       0.47140452079103179     
