           2           1   4.0000000000000000        1.9999999999999998        3.7996212120121244       0.85013248688157805                3 -0.17934890478007112      -0.12193835234893827       -7.7927571174534221E-002 -0.21767842525822514      -0.39075254927261488      -0.39470926053148947        1.0000000000000000        0.0000000000000000     
           2           2   6.0000000000000000        2.9999999999999996        5.7105952750267130       0.80135040675735425                3 -0.18392492670371385      -0.14164117251702893       -7.8199908992158326E-002 -0.13692268326228546      -0.26794298425771279      -0.27175276173655377        1.5000000000000000       0.50000000000000000     
           2           3   4.0000000000000000        1.9999999999999998        3.7996212120121227       0.85013249365149568                3 -0.17934891084886173      -0.12193835665922011       -7.7927574523203563E-002 -0.21767844202083136      -0.39075256291261229      -0.39470925668831974        1.0000000000000000        0.0000000000000000     
           2           4   6.0000000000000000        2.9999999999999996        5.7105952750267130       0.80135038735884123                3 -0.18392493133593515      -0.14164117614233421       -7.8199902752306358E-002 -0.13692266293619457      -0.26794297411520368      -0.27175276722582259        1.5000000000000000       0.50000000000000000     
           2           5   6.0000000000000000        2.9999999999999996        5.6862923156609444       0.77604655979355941                3 -0.17313152328120696      -0.11991240516058518       -7.2329348010703745E-002 -0.13032302988726083      -0.24075893875648588      -0.23527302506125622        1.5000000000000000       0.50000000000000000     
           2           6   6.0000000000000000        2.9999999999999996        5.6862923156609417       0.77604657615869443                3 -0.17313152394481951      -0.11991241367152410       -7.2329354362686130E-002 -0.13032303071024728      -0.24075894885816859      -0.23527302725261867        1.5000000000000000       0.50000000000000000     
           2           7   5.0000000000000000        2.4999999999999996        4.6414470431078909       0.71733190836505800                3 -0.18834929315739621      -0.13157512494901630       -7.6619759095568965E-002 -0.16415207628006920      -0.32706127798734080      -0.36219103374042344        1.2500000000000000       0.43301270189221930     
           2           8   4.0000000000000000        1.9999999999999998        3.7996212120121231       0.85013249429125881                3 -0.17934891160000319      -0.12193835534028417       -7.7927573043821100E-002 -0.21767844919330695      -0.39075256705198863      -0.39470925490185743        1.0000000000000000        0.0000000000000000     
           2           9   7.0000000000000000        3.4999999999999996        6.6405298119540266       0.80943442110059360                3 -0.18184979105975468      -0.13571495433665443       -8.2765632558093188E-002 -0.12167016043897487      -0.22528215036991120      -0.22758362838414867        1.7500000000000000       0.43301270189221930     
           2          10   7.0000000000000000        3.4999999999999996        6.6405298119540301       0.80943441917616543                3 -0.18184978880133376      -0.13571495236435133       -8.2765624953861763E-002 -0.12167015610158960      -0.22528214869422575      -0.22758363293120509        1.7500000000000000       0.43301270189221930     
           2          11   6.0000000000000000        2.9999999999999996        5.6862923156609462       0.77604655734169703                3 -0.17313152423875031      -0.11991241029324394       -7.2329346721853913E-002 -0.13032302755791791      -0.24075893880967386      -0.23527302526635263        1.5000000000000000       0.50000000000000000     
           2          12   5.0000000000000000        2.4999999999999996        4.6587684360639541       0.72142964944852439                3 -0.18526799415228246      -0.11207500294859181       -7.1049197303497486E-002 -0.17091853840054563      -0.29964250569573780      -0.31472900409763299        1.2500000000000000       0.43301270189221930     
           2          13   6.0000000000000000        2.9999999999999996        5.6862923156609417       0.77604658269261928                3 -0.17313152533138113      -0.11991240346320865       -7.2329353383843553E-002 -0.13032303964777359      -0.24075894754760715      -0.23527303627063403        1.5000000000000000       0.50000000000000000     
           2          14   6.0000000000000000        2.9999999999999996        5.6154832474136880       0.64498995220828714                3 -0.17968109281649816      -0.11260108391968061       -6.6752774381096586E-002 -0.11030761790764701      -0.23121663625190914      -0.23363201151204924        1.5000000000000000       0.50000000000000000     
           2          15   5.0000000000000000        2.4999999999999996        4.6414470431078936       0.71733189138436038                3 -0.18834930392505569      -0.13157513565610229       -7.6619753603734686E-002 -0.16415206502119142      -0.32706125861613528      -0.36219103132027736        1.2500000000000000       0.43301270189221930     
           2          16   6.0000000000000000        2.9999999999999996        5.7105952750267139       0.80135038972349615                3 -0.18392492926674109      -0.14164116822448433       -7.8199888418983565E-002 -0.13692266984369378      -0.26794297722095844      -0.27175278219955823        1.5000000000000000       0.50000000000000000     
           2          17   5.0000000000000000        2.4999999999999996        4.6587684360639514       0.72142962836769631                3 -0.18526798662575425      -0.11207499874612868       -7.1049193282250137E-002 -0.17091853140538898      -0.29964248533174809      -0.31472897949246387        1.2500000000000000       0.43301270189221930     
           2          18   7.0000000000000000        3.4999999999999996        6.5973629223246633       0.61894255031912371                3 -0.10839234007244739      -0.12624585844638059      -0.12113708510148170      -0.91966289850442329       0.68234507042943271       0.98092679516600212        1.7500000000000000       0.43301270189221930     
           2          19   5.0000000000000000        2.4999999999999996        4.6414470431078936       0.71733189127192598                3 -0.18834930381706100      -0.13157513482868025       -7.6619753709396443E-002 -0.16415206548472705      -0.32706125873016373      -0.36219103131942443        1.2500000000000000       0.43301270189221930     
           2          20   5.0000000000000000        2.4999999999999996        4.8938265909999332       0.94539633595896777                3 -0.15352665367416266      -0.12254022294008064       -7.7025859332252228E-002 -0.17720588906750528      -0.31818009716624673      -0.29115438738945926        1.2500000000000000       0.43301270189221930     
           2          21   5.0000000000000000        2.4999999999999996        4.6587684360639541       0.72142964722008263                3 -0.18526799331598462      -0.11207500356061398       -7.1049196689266875E-002 -0.17091853636272911      -0.29964250430098877      -0.31472900246490254        1.2500000000000000       0.43301270189221930     
           2          22   5.0000000000000000        2.4999999999999996        4.6414470431078936       0.71733188957793936                3 -0.18834930072499517      -0.13157513208905830       -7.6619751138343004E-002 -0.16415206581305922      -0.32706125705676387      -0.36219102493506405        1.2500000000000000       0.43301270189221930     
           2          23   6.0000000000000000        2.9999999999999996        5.5941405113941673       0.68566745747283298                3 -0.18921349356359349      -0.12341114367823641       -7.1829035924980578E-002 -0.14264337404358199      -0.26579003079033309      -0.29829097718844511        1.5000000000000000       0.50000000000000000     
           2          24   7.0000000000000000        3.4999999999999996        6.5973629223246650       0.61894252308602760                3 -0.10839234463467462      -0.12624586391766235      -0.12113707951001393      -0.91966290744417745       0.68234505507461829       0.98092681347935662        1.7500000000000000       0.43301270189221930     
           2          25   6.0000000000000000        2.9999999999999996        5.6862923156609408       0.77604655177776583                3 -0.17313152908839866      -0.11991242282327562       -7.2329340381493468E-002 -0.13032302678290841      -0.24075893891967268      -0.23527302771789693        1.5000000000000000       0.50000000000000000     
           2          26   6.0000000000000000        2.9999999999999996        5.6154832474136924       0.64498994356049444                3 -0.17968108151728077      -0.11260107473927052       -6.6752772911443686E-002 -0.11030760588876730      -0.23121661635913823      -0.23363202980236855        1.5000000000000000       0.50000000000000000     
           2          27   6.0000000000000000        2.9999999999999996        5.5941405113941629       0.68566745269080775                3 -0.18921349197168244      -0.12341113968330601       -7.1829031109933869E-002 -0.14264337350498071      -0.26579003537201457      -0.29829096860658944        1.5000000000000000       0.50000000000000000     
           2          28   7.0000000000000000        3.4999999999999996        6.6405298119540292       0.80943441222737134                3 -0.18184978790111586      -0.13571495258839320       -8.2765620971874176E-002 -0.12167014974014707      -0.22528214024881066      -0.22758363202670573        1.7500000000000000       0.43301270189221930     
           2          29   5.0000000000000000        2.4999999999999996        4.6587684360639532       0.72142964798063614                3 -0.18526799397618746      -0.11207500294543807       -7.1049196468817549E-002 -0.17091853790760014      -0.29964250364800304      -0.31472900409339971        1.2500000000000000       0.43301270189221930     
           2          30   7.0000000000000000        3.4999999999999996        6.5973629223246650       0.61894252854676013                3 -0.10839235113785556      -0.12624585969841820      -0.12113708070592137      -0.91966290599788580       0.68234504820173614       0.98092680742053995        1.7500000000000000       0.43301270189221930     
           2          31   7.0000000000000000        3.4999999999999996        6.7040188192610994       0.77653006042415618                3 -0.18054416397988998      -0.11463860502901291       -8.1312718944371906E-002 -0.10914629013351074      -0.20812479713851886      -0.19958169108809834        1.7500000000000000       0.43301270189221930     
           2          32   7.0000000000000000        3.4999999999999996        6.6405298119540221       0.80943441171855712                3 -0.18184978902300469      -0.13571495481316440       -8.2765621914603918E-002 -0.12167015229435456      -0.22528214124915971      -0.22758362874236643        1.7500000000000000       0.43301270189221930     
           2          33   6.0000000000000000        2.9999999999999996        5.5941405113941665       0.68566745417419162                3 -0.18921349151842806      -0.12341114112889624       -7.1829033991690466E-002 -0.14264337497182264      -0.26579003649493654      -0.29829098444511926        1.5000000000000000       0.50000000000000000     
           2          34   4.0000000000000000        1.9999999999999998        3.7996212120121227       0.85013249233424337                3 -0.17934890394158204      -0.12193835104491824       -7.7927572007781540E-002 -0.21767844707596981      -0.39075255172356205      -0.39470924004337810        1.0000000000000000        0.0000000000000000     
           2          35   8.0000000000000000        3.9999999999999996        7.5992424240242391       0.85013248538676733                3 -0.17934890353732030      -0.12193834965056834       -7.7927566959428804E-002 -0.10883921661179649      -0.19537628380078118      -0.19735461712178295        2.0000000000000000        0.0000000000000000     
           2          36   5.0000000000000000        2.4999999999999996        4.6587684360639532       0.72142962366288377                3 -0.18526799113684467      -0.11207500713335318       -7.1049189228773277E-002 -0.17091851691324705      -0.29964248808964256      -0.31472899060387644        1.2500000000000000       0.43301270189221930     
           2          37   5.0000000000000000        2.4999999999999996        4.8938265909999297       0.94539633701318360                3 -0.15352665721590933      -0.12254022642300327       -7.7025849739561669E-002 -0.17720590679154180      -0.31818010622543474      -0.29115438082783346        1.2500000000000000       0.43301270189221930     
           2          38   7.0000000000000000        3.4999999999999996        6.5973629223246633       0.61894253569537572                3 -0.10839235095770136      -0.12624586310782807      -0.12113708177096073      -0.91966290706696663       0.68234505102524745       0.98092680005216748        1.7500000000000000       0.43301270189221930     
           2          39   5.0000000000000000        2.4999999999999996        4.6587684360639550       0.72142964796672115                3 -0.18526799714494907      -0.11207500222598149       -7.1049194454678388E-002 -0.17091854062693368      -0.29964250631143485      -0.31472900574757434        1.2500000000000000       0.43301270189221930     
           2          40   7.0000000000000000        3.4999999999999996        6.6405298119540284       0.80943441727324739                3 -0.18184978964468537      -0.13571495230336372       -8.2765628098069574E-002 -0.12167014896229467      -0.22528214272618788      -0.22758364221044144        1.7500000000000000       0.43301270189221930     
           2          41   5.0000000000000000        2.4999999999999996        4.6587684360639550       0.72142965353110389                3 -0.18526799228824678      -0.11207500560984873       -7.1049198286007489E-002 -0.17091854367586656      -0.29964250677134358      -0.31472899518618408        1.2500000000000000       0.43301270189221930     
           2          42   7.0000000000000000        3.4999999999999996        6.7040188192611003       0.77653007581301525                3 -0.18054415357002640      -0.11463857915319536       -8.1312723747033314E-002 -0.10914630840220585      -0.20812478382515295      -0.19958170851873294        1.7500000000000000       0.43301270189221930     
           2          43   6.0000000000000000        2.9999999999999996        5.6154832474136853       0.64498995970712181                3 -0.17968109152751693      -0.11260107237527808       -6.6752781349439322E-002 -0.11030762037487792      -0.23121663403203269      -0.23363203560274204        1.5000000000000000       0.50000000000000000     
           2          44   7.0000000000000000        3.4999999999999996        6.6405298119540248       0.80943441335520161                3 -0.18184978836667973      -0.13571495335013520       -8.2765622012660259E-002 -0.12167015279045462      -0.22528214214170211      -0.22758362970841250        1.7500000000000000       0.43301270189221930     
           2          45   6.0000000000000000        2.9999999999999996        5.6154832474136835       0.64498996022941357                3 -0.17968110012386276      -0.11260105949901945       -6.6752777434928592E-002 -0.11030762496033605      -0.23121664435148698      -0.23363204749762212        1.5000000000000000       0.50000000000000000     
           2          46   6.0000000000000000        2.9999999999999996        5.6862923156609444       0.77604657226007157                3 -0.17313152118428882      -0.11991240521615755       -7.2329351811619966E-002 -0.13032303028529540      -0.24075894695309641      -0.23527303180432405        1.5000000000000000       0.50000000000000000     
           2          47   4.0000000000000000        1.9999999999999998        3.7996212120121218       0.85013250868548196                3 -0.17934891307128825      -0.12193835972973703       -7.7927588929180877E-002 -0.21767846737223764      -0.39075255350106480      -0.39470925824825442        1.0000000000000000        0.0000000000000000     
           2          48   7.0000000000000000        3.4999999999999996        6.6405298119540284       0.80943441276939809                3 -0.18184978889377104      -0.13571495090810334       -8.2765625290510195E-002 -0.12167014885152214      -0.22528214078716707      -0.22758362881534383        1.7500000000000000       0.43301270189221930     
           2          49   6.0000000000000000        2.9999999999999996        5.5941405113941665       0.68566743694697807                3 -0.18921348648100689      -0.12341113269391163       -7.1829024386087806E-002 -0.14264337211950912      -0.26579004788352201      -0.29829099868034337        1.5000000000000000       0.50000000000000000     
           2          50   6.0000000000000000        2.9999999999999996        5.5941405113941673       0.68566744854587880                3 -0.18921348387931175      -0.12341113599336613       -7.1829032661953104E-002 -0.14264337448487965      -0.26579002592415174      -0.29829098770919177        1.5000000000000000       0.50000000000000000     
