          17           1   11.000000000000000        6.9999999999999991        10.046217590678136       0.69620619604928713                3  -8.7186389933656058E-002 -0.14232819913118910      -0.11794107132297235      -0.85153466020706059       0.71760925005401277      -0.19654823987234521        1.7500000000000000       0.43301270189221930     
          17           2   8.0000000000000000        5.4999999999999991        7.7890224996629716       0.86707166285907700                3  -5.3607356483329621E-002 -0.15018245789136439       0.21533585481265594      -0.16936515424221579       0.41822587113082549       -6.8497325544802506E-002   1.3750000000000000       0.48412291827592713     
          17           3   10.000000000000000        6.4999999999999991        9.1958661036993341       0.44941237061763389                3 -0.13155886598139371       0.15268317885349780      -0.23181833209695094       -8.1706855903306924E-002 -0.22461711319245117        4.1555590781173803E-002   1.6250000000000000       0.48412291827592713     
          17           4   10.000000000000000        6.4999999999999991        9.2239861633680835       0.42956691118528900                3 -0.19629046615475496       -7.7453490447988271E-002   8.1282364458934359E-002 -0.10240295691320329      -0.15568281924999824       0.24266714935650413        1.6250000000000000       0.48412291827592713     
          17           5   9.0000000000000000        5.4999999999999991        8.2766444349256840       0.70852779887568018                3 -0.13032362141404552       0.18524644537065851       0.22351634498096279      -0.10917643254444509      -0.24635605876711786        6.6176450801690545E-002   1.3750000000000000       0.48412291827592713     
          17           6   10.000000000000000        5.9999999999999991        9.3005455036709890       0.73142734270304233                3 -0.13635761444309469       0.17308244715884311       0.22673892363119202       -9.3039323345348632E-002 -0.22232420475161957        5.9698346484720853E-002   1.5000000000000000       0.50000000000000000     
          17           7   10.000000000000000        6.9999999999999991        9.7432294114461193       0.92498336277333215                3 -0.15528916999343756      -0.14107365954635775       0.20653192525471684       0.22177306957788662      -0.68623633126194283       0.63362869832583901        1.7500000000000000       0.43301270189221930     
          17           8   11.000000000000000        6.9999999999999991        10.120497274933520       0.72950558409634991                3 -0.16529610845796006      -0.12025104692035789      -0.11815556695740172       0.44106585128926701      -0.61794358197384447       0.37124460097275536        1.7500000000000000       0.43301270189221930     
          17           9   9.0000000000000000        5.9999999999999991        8.5584057234361079       0.66670349619373193                3 -0.19693538374585723       -7.6778090014097078E-002   7.8785672933818926E-002 -0.10714642122831676      -0.16587814339024934       0.25404617480023278        1.5000000000000000       0.50000000000000000     
          17          10   9.0000000000000000        5.9999999999999991        8.6239350343572294       0.78822449474629908                3 -0.12768074223657935       -7.3526119464118009E-002  -6.1993020117329031E-002  -7.4627743453400300E-002 -0.15365596658573025      -0.19330729078457343        1.5000000000000000       0.50000000000000000     
          17          11   11.000000000000000        6.4999999999999991        10.347372717954670       0.83444755440015239                3 -0.13894870593514430       0.16631568927184751       0.22102024434383399       -9.1247351218096392E-002 -0.20493130281794431        6.0916720616856303E-002   1.6250000000000000       0.48412291827592713     
          17          12   12.000000000000000        7.4999999999999991        11.634674423219575       0.91972480121244971                3  -9.0717419319096104E-002  0.16090965011675490       0.13928497155264680       0.42681292635642115      -0.30795048927786295      -0.34845008755825058        1.8750000000000000       0.33071891388307384     
          17          13   10.000000000000000        6.9999999999999991        9.4465283305041723       0.64199686344475926                3  -7.0546691536151604E-002  0.10923422857088694        6.1222312508373011E-002  0.42794716700437019      -0.36320301650157799       0.17446609552885517        1.7500000000000000       0.43301270189221930     
          17          14   10.000000000000000        6.4999999999999991        9.2441015279635828       0.69604902418778647                3 -0.10289694712117263       0.20921543539982240       0.15871468854442117      -0.39280829431978959      -0.31889171519597298      -0.86245583742235365        1.6250000000000000       0.48412291827592713     
          17          15   8.0000000000000000        4.9999999999999991        7.6730160953219579       0.83681121288506422                3 -0.17920169129637559      -0.10202442248075637       0.15427118093878350      -0.15008655047445116      -0.87336781686157805      -0.60829338850544656        1.2500000000000000       0.43301270189221930     
          17          16   9.0000000000000000        5.9999999999999991        8.2499656926020535       0.63682606714877688                3 -0.22106905760898507       0.13374892602335162       0.22806832425861109       0.63488201203242134       0.64133485872198637      -0.37525728767101230        1.5000000000000000       0.50000000000000000     
          17          17   9.0000000000000000        5.9999999999999991        8.5383809867817479       0.87492273960963451                3 -0.24935519243728216       0.12182715074767902      -0.12091328825021602      -0.51502574174715710       0.29556092414826385       0.98806711701621819        1.5000000000000000       0.50000000000000000     
          17          18   7.0000000000000000        4.4999999999999991        6.4042556238141328       0.52344287104359377                3 -0.13205607029733940       0.17805450713706306       0.24156458021101768      -0.11874448509940495      -0.31603910993282730        6.2523372620331086E-002   1.1250000000000000       0.33071891388307384     
          17          19   10.000000000000000        5.9999999999999991        9.2504334580464658       0.72364604162952018                3 -0.13765635824393357      -0.11231619390877218       -8.5378112525481997E-002  -8.1596534471683857E-002 -0.15429173596556667      -0.17170288361340444        1.5000000000000000       0.50000000000000000     
          17          20   10.000000000000000        6.4999999999999991        9.5733331915320221       0.65441955002048346                3 -0.21303887070793343      -0.13877841801867213      -0.11595965591393892       0.51530790294432061      -0.64271415521940700      -0.96979254049528885        1.6250000000000000       0.48412291827592713     
          17          21   8.0000000000000000        5.4999999999999991        7.5814409511065355       0.75229574882572359                3 -0.24596877537308098      -0.21118299612801206       0.14146405228047138      -0.64506532049190124       0.73701081483673836      -0.63639909409248885        1.3750000000000000       0.48412291827592713     
          17          22   10.000000000000000        6.4999999999999991        9.1419978492425766       0.49835033836746317                3 -0.12757209408467579       0.19660389871979470       0.22933369404196463       -8.6186171333499872E-002 -0.22049537263785698        4.1989999029197290E-002   1.6250000000000000       0.48412291827592713     
          17          23   11.000000000000000        7.4999999999999991        10.201357409070512       0.40069290617860559                3 -0.18536350362759679       -7.4894420368086953E-002   8.9034881675738448E-002 -0.10320274483983691      -0.13546944068090472       0.22948843602456892        1.8750000000000000       0.33071891388307384     
          17          24   9.0000000000000000        6.4999999999999991        8.8539188277673375       0.92098334478784760                3 -0.24303434887170133       0.23858044720276766      -0.15282048373028639      -0.35560801048634688       0.99125322348253397      -0.35884472963302638        1.6250000000000000       0.48412291827592713     
          17          25   11.000000000000000        7.4999999999999991        10.132600643629630       0.41648226077454242                3  -9.3938681775423416E-002   9.9908414020684122E-002   6.6851384863813590E-002  0.40429472897085450      -0.33626690422197414       0.15981828790559757        1.8750000000000000       0.33071891388307384     
          17          26   8.0000000000000000        5.4999999999999991        7.7875499164617095       0.92678358810606976                3 -0.19689111375524954       0.14011297586403951      -0.23522189828982595       0.11071438117631494       0.18869763257378300       0.95616896715651067        1.3750000000000000       0.48412291827592713     
          17          27   8.0000000000000000        5.4999999999999991        7.7420442094317830       0.82163307915966044                3 -0.21286014092575190       -8.9693377545183847E-002  -8.1986638202871123E-002  0.85434769027300017       0.93527349521057290       0.79307898580797997        1.3750000000000000       0.48412291827592713     
          17          28   11.000000000000000        6.9999999999999991        10.140975534623685       0.53585745319761946                3 -0.13854500015667051      -0.11251645933040588       -7.4394916896022345E-002  -6.9082558839545019E-002 -0.14256339864245349      -0.16140450404532158        1.7500000000000000       0.43301270189221930     
          17          29   10.000000000000000        6.4999999999999991        9.1419978492425731       0.49835034057234584                3 -0.12757209542657236       0.19660390006155498       0.22933369023776984       -8.6186167422250243E-002 -0.22049537358881471        4.1990000553422654E-002   1.6250000000000000       0.48412291827592713     
          17          30   9.0000000000000000        5.9999999999999991        8.7746230755123307       0.93235353312078306                3 -0.17657301278824009       0.17723760402777411       0.24422478649404261       0.72533238522118104       0.98609420287945393       0.37316376919542393        1.5000000000000000       0.50000000000000000     
          17          31   9.0000000000000000        5.9999999999999991        8.6730195953287694       0.80938077480152160                3 -0.19055935625681786       -7.9617446345162046E-002   8.4965729522154393E-002 -0.11437960643479157      -0.16434190903372201       0.26910561398646310        1.5000000000000000       0.50000000000000000     
          17          32   10.000000000000000        6.4999999999999991        9.1419978492425784       0.49835033106006632                3 -0.12757209161619470       0.19660389002626030       0.22933370364718597       -8.6186167893816237E-002 -0.22049537378075082        4.1989998453384490E-002   1.6250000000000000       0.48412291827592713     
          17          33   9.0000000000000000        5.9999999999999991        8.5983925306827533       0.66988991267409737                3 -0.14538745808220191       -9.5405291339989221E-002  -5.2871658557750577E-002  -7.0206176927345126E-002 -0.15179643853346725      -0.18945459509276502        1.5000000000000000       0.50000000000000000     
          17          34   9.0000000000000000        5.9999999999999991        8.2461085309988871       0.64763984804788977                3 -0.20347479019535916       0.23258378870589694      -0.10984067887295393      -0.31554304764138769       0.36356200592982413      -0.39828929797159424        1.5000000000000000       0.50000000000000000     
          17          35   7.0000000000000000        4.9999999999999991        6.7723527866318101       0.83578110542557216                3  -7.6781780230951988E-002 -0.17747112229690662      -0.20822725651373336       0.55244287850888019      -0.38909937400978156       -4.9071076006701901E-002   1.2500000000000000       0.43301270189221930     
          17          36   9.0000000000000000        5.9999999999999991        8.6730195953287765       0.80938077748067261                3 -0.19055935471711072       -7.9617447999799432E-002   8.4965730200904324E-002 -0.11437960643667018      -0.16434191023288136       0.26910561482214812        1.5000000000000000       0.50000000000000000     
          17          37   9.0000000000000000        5.4999999999999991        8.3763105430534512       0.65208934773824545                3 -0.13194862530916082      -0.12078956594448494       -8.8571898565381557E-002  -8.3588345268824638E-002 -0.17565105841065287      -0.19774623229185631        1.3750000000000000       0.48412291827592713     
          17          38   8.0000000000000000        5.4999999999999991        7.7714361404758083       0.82794178582587230                3 -0.14262175917060083       -8.6261501557584816E-002  -4.5204631644850640E-002  -7.9126427280873990E-002 -0.17494484198145149      -0.22369332141246945        1.3750000000000000       0.48412291827592713     
          17          39   10.000000000000000        6.9999999999999991        9.6680789768051785       0.79886639399977510                3 -0.12538655787943623      -0.19586319815309974      -0.21574424909346013       -8.2420620630808517E-002  0.80135741302534247        4.3470360900771103E-002   1.7500000000000000       0.43301270189221930     
          17          40   10.000000000000000        6.4999999999999991        9.2359009246332491       0.80042005318733978                3 -0.10921111976830822      -0.20402225470705557       -9.6682452448327461E-002 -0.38320941443217965      -0.31908286484691523       0.61022864711502189        1.6250000000000000       0.48412291827592713     
          17          41   6.0000000000000000        4.4999999999999991        5.9607816507759388       0.96626400493204012                3 -0.13514097171110223       0.22806771675058576       -4.1380220354319729E-002  0.20455354634905212       -4.7963576265384417E-002 -0.54274533101721834        1.1250000000000000       0.33071891388307384     
          17          42   12.000000000000000        7.4999999999999991        11.707317021905210       0.92415714035760577                3 -0.19651025161728183       0.12137708898273426       0.23784228050989917        7.5217957232733626E-002  0.14193169677169795       0.95752418311220067        1.8750000000000000       0.33071891388307384     
          17          43   10.000000000000000        6.4999999999999991        9.1419978492425784       0.49835034909906561                3 -0.12757209019696061       0.19660389628175512       0.22933369909857074       -8.6186173214691936E-002 -0.22049537113517587        4.1990004050328114E-002   1.6250000000000000       0.48412291827592713     
          17          44   8.0000000000000000        5.4999999999999991        8.0000000000000160       0.99999999999999989                3 -0.24694771955692219      -0.24999999724130048      -0.24999999864429506      -0.99999998940331769      -0.49999998585101485       0.50000000330786598        1.3750000000000000       0.48412291827592713     
          17          45   10.000000000000000        6.4999999999999991        9.2239861633680835       0.42956691998007152                3 -0.19629046580380971       -7.7453505259409750E-002   8.1282372103439318E-002 -0.10240295570241773      -0.15568281160146563       0.24266715831199562        1.6250000000000000       0.48412291827592713     
          17          46   8.0000000000000000        4.9999999999999991        7.3491515905861755       0.51934306069162228                3 -0.19506462178230841       -7.9574740974236780E-002   8.1175312118304491E-002 -0.13668485870702807      -0.20879657253590586       0.31732207715204130        1.2500000000000000       0.43301270189221930     
          17          47   9.0000000000000000        5.9999999999999991        8.2317556121504705       0.39383440535247261                3 -0.12297472133045563       0.18982342815782996       0.24440224113076928       -8.3539511880453568E-002 -0.23901600929581271        3.6920477616631968E-002   1.5000000000000000       0.50000000000000000     
          17          48   9.0000000000000000        5.4999999999999991        8.2766444349256805       0.70852779711459668                3 -0.13032360069103249       0.18524648002570346       0.22351630940649539      -0.10917642341774185      -0.24635603697512071        6.6176465872216053E-002   1.3750000000000000       0.48412291827592713     
          17          49   10.000000000000000        6.9999999999999991        9.4789423227487326       0.58938615148224272                3 -0.12806180660678027       0.18345047918012888      -0.24975645048543457       -6.8980292082097869E-002 -0.20430206110515281        2.6706380959149921E-002   1.7500000000000000       0.43301270189221930     
          17          50   10.000000000000000        6.4999999999999991        9.1958661036993412       0.44941237859806882                3 -0.13155885268180870       0.15268317897586173      -0.23181832640849998       -8.1706861960285870E-002 -0.22461713355813454        4.1555596282098574E-002   1.6250000000000000       0.48412291827592713     
