           4           1   7.0000000000000000        3.9999999999999996        6.5759640457845734       0.62671112389352435                3 -0.16313923618956605       -9.2657894799999835E-002  -6.8847723656704232E-002 -0.10721382988349852      -0.20739225646602089      -0.21523356489482073        1.6000000000000001       0.48989794855663493     
           4           2   7.0000000000000000        3.9999999999999996        6.5759640457845849       0.62671111919464328                3 -0.16313924002834096       -9.2657891108660864E-002  -6.8847722812269960E-002 -0.10721382772642050      -0.20739225329417041      -0.21523357193531065        1.6000000000000001       0.48989794855663493     
           4           3   8.0000000000000000        4.4999999999999991        7.5214019483133985       0.61619768660480190                3 -0.17416968513944167       -9.8167477426319191E-002  -6.1977848921741893E-002  -9.6583925152666839E-002 -0.18954069926731507      -0.21999144946297805        1.7999999999999998       0.40000000000000130     
           4           4   6.0000000000000000        3.4999999999999996        5.8039237093363694       0.87287865050667357                3 -0.12487896897560430       -8.0019469570592028E-002   5.0583351820915202E-002 -0.13632755409034025      -0.27494879400681965       0.73138727962084815        1.4000000000000001       0.48989794855663538     
           4           5   8.0000000000000000        4.4999999999999991        7.6151663237450400       0.86911373426167271                3 -0.18898029345461051      -0.12500683283136801       0.13692848212679998       0.30898213326086077      -0.75094076387544151       0.48968946087594312        1.8000000000000000       0.40000000000000019     
           4           6   7.0000000000000000        3.9999999999999996        6.3945317356054288       0.46840518664355840                3 -0.16459298586607357      -0.10529227046417212       -5.0964149506514574E-002  -9.8631055496280776E-002 -0.21065367899279844      -0.24919876791751774        1.6000000000000001       0.48989794855663582     
           4           7   5.0000000000000000        2.9999999999999996        4.8916798128073733       0.90962871294993075                3 -0.16892956320801153       -9.5157426153466035E-002  -4.2834661672172591E-002 -0.12709298528641197      -0.25951990642345613      -0.32555165937715175        1.2000000000000000       0.40000000000000019     
           4           8   7.0000000000000000        3.9999999999999996        6.5759640457845743       0.62671113201962958                3 -0.16313924365094767       -9.2657894153612530E-002  -6.8847727701831479E-002 -0.10721383186362975      -0.20739225821041632      -0.21523356594690715        1.6000000000000001       0.48989794855663493     
           4           9   7.0000000000000000        3.9999999999999996        6.4587622354852643       0.57520706462442650                3 -0.16283826937273735       -9.8135045672457843E-002  -5.5915987191273185E-002 -0.10925732344404844      -0.21583860403665270      -0.25190521661800269        1.6000000000000001       0.48989794855663493     
           4          10   7.0000000000000000        3.9999999999999996        6.4587622354852652       0.57520706699217472                3 -0.16283827104749990       -9.8135045466504367E-002  -5.5915986497605985E-002 -0.10925732543971933      -0.21583860744767264      -0.25190522112789854        1.6000000000000001       0.48989794855663493     
           4          11   6.0000000000000000        3.4999999999999996        5.9643811938572702       0.98706400705017694                3 -0.18395115821892202      -0.10720544169716530       -5.0845582514149730E-002 -0.10340539260813227       0.77248550245636549       0.71237593233717511        1.4000000000000001       0.48989794855663538     
           4          12   6.0000000000000000        3.4999999999999996        5.6123758066862006       0.68548552277592156                3 -0.14255101835238934       -9.2110199929883771E-002  -7.1450167778716364E-002 -0.13265085126182594      -0.27061657809009126      -0.24883176050783187        1.3999999999999999       0.48989794855663604     
           4          13   6.0000000000000000        3.4999999999999996        5.9643811938572666       0.98706400073649658                3 -0.18395113018426851      -0.10720543134943307       -5.0845580551066152E-002 -0.10340537451834830       0.77248551553462041      -0.28762403984254648        1.4000000000000001       0.48989794855663538     
           4          14   6.0000000000000000        3.4999999999999996        5.7276904718216217       0.76499400975250897                3 -0.17178941289472383      -0.10957133395162329       -6.0672893500799102E-002 -0.11572138053357883      -0.22502526536696346      -0.24756909488814002        1.3999999999999999       0.48989794855663604     
           4          15   7.0000000000000000        4.4999999999999991        6.8403332273042965       0.86472076948323129                3 -0.14814946743507337       -8.3341797670298173E-002  -4.8550164832527359E-002  -8.8720912845367012E-002 -0.19234585236425047      -0.21183686667089022        1.7999999999999998       0.40000000000000130     
           4          16   8.0000000000000000        4.4999999999999991        7.6151663237450506       0.86911373381400214                3 -0.18898029783066128      -0.12500683539495813       0.13692847588445389       0.30898213764560484      -0.75094076868760751       0.48968945595807972        1.8000000000000000       0.40000000000000019     
           4          17   7.0000000000000000        3.9999999999999996        6.4587622354852661       0.57520707026691587                3 -0.16283826898756792       -9.8135047849197091E-002  -5.5915986456054882E-002 -0.10925732828681890      -0.21583860285300779      -0.25190521191858001        1.6000000000000001       0.48989794855663493     
           4          18   5.0000000000000000        2.9999999999999996        4.8916798128073697       0.90962871141214663                3 -0.16892957070636064       -9.5157438200626401E-002  -4.2834672731045936E-002 -0.12709296636292192      -0.25951989152744592      -0.32555165377146034        1.2000000000000000       0.40000000000000019     
           4          19   7.0000000000000000        4.4999999999999991        6.8403332273042974       0.86472076854223823                3 -0.14814947087349237       -8.3341801477152172E-002  -4.8550168239686789E-002  -8.8720909268175621E-002 -0.19234584621210599      -0.21183687120373837        1.8000000000000003       0.39999999999999908     
           4          20   7.0000000000000000        3.9999999999999996        6.4587622354852661       0.57520705743366740                3 -0.16283826546205704       -9.8135044803260171E-002  -5.5915990955558242E-002 -0.10925731173935624      -0.21583860173272132      -0.25190521561574714        1.6000000000000001       0.48989794855663493     
           4          21   7.0000000000000000        3.9999999999999996        6.8479427247406575       0.89000442914043987                3 -0.17226837074096329      -0.10065249362441556       -5.0187638899938318E-002  -9.2859720129869330E-002 -0.20482232913130471      -0.24627971182705341        1.5999999999999999       0.48989794855663626     
           4          22   6.0000000000000000        3.4999999999999996        5.9643811938572631       0.98706400753027057                3 -0.18395115963920292      -0.10720544502395188       -5.0845583485110035E-002 -0.10340539268579961       0.77248550135046556      -0.28762407081912666        1.4000000000000001       0.48989794855663538     
           4          23   6.0000000000000000        3.4999999999999996        5.6123758066862015       0.68548551450476036                3 -0.14255100968427215       -9.2110200025109931E-002  -7.1450165010048278E-002 -0.13265085884463101      -0.27061657722545140      -0.24883173326124580        1.3999999999999999       0.48989794855663604     
           4          24   7.0000000000000000        3.9999999999999996        6.5759640457845707       0.62671113061404060                3 -0.16313923780524142       -9.2657891782490454E-002  -6.8847726190414932E-002 -0.10721383792007214      -0.20739225946023074      -0.21523355370609690        1.6000000000000001       0.48989794855663493     
           4          25   7.0000000000000000        3.9999999999999996        6.4587622354852652       0.57520706261385779                3 -0.16283826641564558       -9.8135044011626968E-002  -5.5915983236831633E-002 -0.10925732791218699      -0.21583860538372668      -0.25190521172912850        1.6000000000000001       0.48989794855663493     
           4          26   4.0000000000000000        2.4999999999999996        3.9655469487114452       0.97490794034603900                3 -0.16234849375159677       -8.8116043439001104E-002  -5.2070214638703663E-002 -0.15758128788806122      -0.35235918173831532      -0.41515831977807682        1.0000000000000000        0.0000000000000000     
           4          27   5.0000000000000000        2.9999999999999996        4.8386702328835316       0.87509528254159896                3 -0.15557211411296834      -0.10567533323687206       -7.4637194837988072E-002 -0.16132071726704139      -0.30598523494416213      -0.29673622299974828        1.2000000000000002       0.39999999999999963     
           4          28   5.0000000000000000        2.9999999999999996        4.8916798128073706       0.90962870884872227                3 -0.16892957097889832       -9.5157441757475897E-002  -4.2834672387428843E-002 -0.12709295616167823      -0.25951988441478580      -0.32555165946706116        1.2000000000000000       0.40000000000000019     
           4          29   8.0000000000000000        4.4999999999999991        7.6151663237450427       0.86911373335526299                3 -0.18898029867380239      -0.12500683317203984       0.13692847777997391       0.30898213690727161      -0.75094077290109396       0.48968946796454649        1.8000000000000000       0.40000000000000019     
           4          30   7.0000000000000000        3.9999999999999996        6.8479427247406583       0.89000443761585002                3 -0.17226836984186528      -0.10065249555202553       -5.0187628676030271E-002  -9.2859742581503299E-002 -0.20482233657757529      -0.24627972990103161        1.5999999999999999       0.48989794855663626     
           4          31   7.0000000000000000        4.4999999999999991        6.8403332273042903       0.86472076712590018                3 -0.14814946735487672       -8.3341795934497212E-002  -4.8550163676763534E-002  -8.8720909288841701E-002 -0.19234584697427198      -0.21183687198512477        1.7999999999999998       0.40000000000000130     
           4          32   7.0000000000000000        3.9999999999999996        6.8479427247406601       0.89000442356269116                3 -0.17226836823522132      -0.10065249236347157       -5.0187637612924128E-002  -9.2859715833304768E-002 -0.20482232284260335      -0.24627969908365838        1.5999999999999999       0.48989794855663626     
           4          33   7.0000000000000000        3.9999999999999996        6.8479427247406601       0.89000442240222699                3 -0.17226837296617001      -0.10065249634717059       -5.0187642085054732E-002  -9.2859709801799431E-002 -0.20482232070097234      -0.24627969855550055        1.5999999999999999       0.48989794855663626     
           4          34   7.0000000000000000        3.9999999999999996        6.4587622354852590       0.57520706990273873                3 -0.16283827263872194       -9.8135046032204978E-002  -5.5915987149987870E-002 -0.10925732584397496      -0.21583860921075262      -0.25190522656000497        1.6000000000000001       0.48989794855663493     
           4          35   6.0000000000000000        3.4999999999999996        5.7276904718216297       0.76499400571512921                3 -0.17178942347411691      -0.10957133388219066       -6.0672890694341217E-002 -0.11572138240081757      -0.22502526220703087      -0.24756910040710764        1.3999999999999999       0.48989794855663604     
           4          36   7.0000000000000000        3.9999999999999996        6.8479427247406548       0.89000442374719058                3 -0.17226837329642825      -0.10065250176867782       -5.0187621038865614E-002  -9.2859739011384931E-002 -0.20482232099853018      -0.24627970379631980        1.5999999999999999       0.48989794855663626     
           4          37   7.0000000000000000        3.9999999999999996        6.5759640457845823       0.62671117256426245                3 -0.16313922479114285       -9.2657880483392602E-002  -6.8847742790482752E-002 -0.10721385385622610      -0.20739227226855420      -0.21523357133074311        1.6000000000000001       0.48989794855663493     
           4          38   6.0000000000000000        3.4999999999999996        5.8039237093363640       0.87287864055322650                3 -0.12487897151611689       -8.0019483904335859E-002   5.0583350177897404E-002 -0.13632754725319532      -0.27494878062528433       0.73138729245119605        1.4000000000000001       0.48989794855663538     
           4          39   7.0000000000000000        3.9999999999999996        6.4587622354852652       0.57520706870867266                3 -0.16283826992721884       -9.8135044974730454E-002  -5.5915987084381127E-002 -0.10925732606196670      -0.21583860785253034      -0.25190521822097922        1.6000000000000001       0.48989794855663493     
           4          40   5.0000000000000000        2.9999999999999996        4.8858674419561288       0.90645111898570829                3 -0.14317852174255741       -8.3139798151894484E-002  -5.6948447553759766E-002 -0.13999520743772251      -0.31047557789701269      -0.32480410795669601        1.2000000000000000       0.39999999999999991     
           4          41   6.0000000000000000        3.4999999999999996        5.7276904718216244       0.76499401015763624                3 -0.17178942005877393      -0.10957132959532755       -6.0672892524034593E-002 -0.11572138442898133      -0.22502527109423534      -0.24756911116935107        1.3999999999999999       0.48989794855663604     
           4          42   7.0000000000000000        4.4999999999999991        6.8403332273043009       0.86472077226193456                3 -0.14814945804546184       -8.3341794713485129E-002  -4.8550152884776647E-002  -8.8720929572167762E-002 -0.19234587081195076      -0.21183685947741199        1.8000000000000003       0.39999999999999908     
           4          43   7.0000000000000000        3.9999999999999996        6.7508804306004500       0.82610256548983307                3 -0.18561943600198585      -0.11643807004233779       -6.9722221466538448E-002 -0.11196505718733168      -0.20950324465142905      -0.24150016824832585        1.6000000000000001       0.48989794855663493     
           4          44   7.0000000000000000        3.9999999999999996        6.5759640457845761       0.62671110902001947                3 -0.16313924409631791       -9.2657898191343457E-002  -6.8847721795839173E-002 -0.10721381862335737      -0.20739225581049789      -0.21523355307887537        1.6000000000000001       0.48989794855663493     
           4          45   7.0000000000000000        4.4999999999999991        6.8403332273042974       0.86472076869234282                3 -0.14814946654518826       -8.3341796973699533E-002  -4.8550164223072206E-002  -8.8720909336807346E-002 -0.19234584860111612      -0.21183687247377067        1.7999999999999998       0.40000000000000130     
           4          46   6.0000000000000000        3.4999999999999996        5.9643811938572666       0.98706400921269732                3 -0.18395115283719884      -0.10720543126649652       -5.0845583892362836E-002  0.89659458764907041      -0.22751450847626015      -0.28762406293787640        1.4000000000000001       0.48989794855663538     
           4          47   5.0000000000000000        2.9999999999999996        4.8916798128073706       0.90962871301332349                3 -0.16892956913182092       -9.5157436769726128E-002  -4.2834671939348500E-002 -0.12709296404664000      -0.25951989132523456      -0.32555166142177488        1.2000000000000000       0.40000000000000019     
           4          48   6.0000000000000000        3.4999999999999996        5.6650538828661068       0.79262755262515405                3 -0.22898874305524872       0.20331192305246537       0.10560945623784632       0.77345417686681950      -0.51988307974586789       0.51836633189960302        1.3999999999999999       0.48989794855663604     
           4          49   5.0000000000000000        2.9999999999999996        4.8858674419561288       0.90645111866797257                3 -0.14317852581964211       -8.3139804838802123E-002  -5.6948452378027946E-002 -0.13999519899199023      -0.31047557821718225      -0.32480408674224043        1.2000000000000000       0.39999999999999991     
           4          50   5.0000000000000000        2.9999999999999996        4.8386702328835307       0.87509530040266692                3 -0.15557211090405981      -0.10567534502589872       -7.4637208811145481E-002 -0.16132071498121323      -0.30598520586604144      -0.29673620586853050        1.2000000000000002       0.39999999999999963     
