          15           1   7.0000000000000000        3.9999999999999996        6.5082603452308234       0.58535400492460832                3 -0.16943730571493487      -0.12354522923980146       -6.3979766131281895E-002 -0.11485390340924916      -0.24171986379072158      -0.28168139779445872        1.3333333333333335       0.47140452079103129     
          15           2   7.0000000000000000        3.9999999999999996        6.8608395143495491       0.91487341322083404                3 -0.18442653691830488      -0.14858667116084232       -7.0285068568772285E-002 -0.11210491702174952      -0.22292273326335960      -0.24987132175273480        1.3333333333333335       0.47140452079103129     
          15           3   8.0000000000000000        4.4999999999999991        7.6064943823495224       0.78239927865272985                3 -0.16161461412721009      -0.11510636388704820       -7.8809367501508062E-002 -0.10680741430457751      -0.19945487476226065      -0.19403090926947678        1.5000000000000002       0.49999999999999867     
          15           4   9.0000000000000000        4.9999999999999991        8.4660068682934853       0.68287143736902711                3 -0.17523357468236855      -0.12522120527020913       -7.1346895913707561E-002  -8.9248310801121056E-002 -0.17543190506856352      -0.18860678584876966        1.6666666666666667       0.47140452079103085     
          15           5   8.0000000000000000        4.4999999999999991        7.6064943823495188       0.78239927400479381                3 -0.16161460905789779      -0.11510636109111892       -7.8809364973731255E-002 -0.10680741363011864      -0.19945487115654903      -0.19403091026848687        1.5000000000000002       0.49999999999999867     
          15           6   7.0000000000000000        3.9999999999999996        6.7588415416931085       0.82490703039735214                3 -0.19433795361929074      -0.14049628311950454       -7.0228468266957181E-002 -0.11150033380492529      -0.21967142432440884      -0.27145017032179397        1.3333333333333333       0.47140452079103157     
          15           7   8.0000000000000000        4.4999999999999991        7.6064943823495206       0.78239927314956037                3 -0.16161459581764975      -0.11510635836424059       -7.8809360670449552E-002 -0.10680742131024995      -0.19945487632751777      -0.19403089656326228        1.4999999999999998       0.50000000000000044     
          15           8   9.0000000000000000        4.9999999999999991        8.5971288375629111       0.77959179891717056                3 -0.16517977904133105      -0.13096774280697249       -8.0164090223258405E-002  -9.7846065609457841E-002 -0.17913848621108847      -0.17898203423246933        1.6666666666666667       0.47140452079103085     
          15           9   9.0000000000000000        4.9999999999999991        8.4627431789257734       0.75613059637544777                3 -0.16759077069527376      -0.11877401144594006      -0.11349417677148331      -0.56237803165861799       0.39900991142012460      -0.60558434754225432        1.6666666666666665       0.47140452079103179     
          15          10   9.0000000000000000        4.9999999999999991        8.5971288375629022       0.77959180414850449                3 -0.16517977953562660      -0.13096773047797466       -8.0164083564685282E-002  -9.7846067542194756E-002 -0.17913849147545133      -0.17898204457694630        1.6666666666666667       0.47140452079103085     
          15          11   8.0000000000000000        4.9999999999999991        7.8122542805347788       0.88431514435100467                3 -0.16710982003745617        9.0137626357666506E-002  0.21687729189750279       0.29243274954496645       0.51020774152194215      -0.62513801789890977        1.6666666666666665       0.47140452079103179     
          15          12   9.0000000000000000        4.9999999999999991        8.4660068682934799       0.68287144863947069                3 -0.17523358085878862      -0.12522121109807402       -7.1346896001874119E-002  -8.9248318065013363E-002 -0.17543190665513983      -0.18860679242434858        1.6666666666666665       0.47140452079103223     
          15          13   8.0000000000000000        4.9999999999999991        7.8885436820636947       0.94247708151112342                3 -0.19951784117205798       0.11148356715458145      -0.20457860673152628      -0.93612230028652554       0.79429332318995371        8.3443297269829575E-002   1.6666666666666665       0.47140452079103223     
          15          14   7.0000000000000000        4.4999999999999991        6.8066533467278694       0.91697759643461474                3 -0.16179411870617047      -0.21439213739078158      -0.17053337042892364       0.60025953235416230      -0.39661401158527526      -0.87093122619207719        1.4999999999999998       0.50000000000000044     
          15          15   7.0000000000000000        4.4999999999999991        6.9420249756353991       0.97528887037860357                3  -5.1096842023566125E-002   7.8317782551090578E-002  0.15946098709687739       0.29611279748633051      -0.83452531301585042       0.68463659666178334        1.5000000000000000       0.50000000000000000     
          15          16   9.0000000000000000        4.9999999999999991        8.5971288375629111       0.77959179946786794                3 -0.16517978146793613      -0.13096772489915262       -8.0164077284129831E-002  -9.7846068265223879E-002 -0.17913849246230515      -0.17898203967786033        1.6666666666666665       0.47140452079103179     
          15          17   7.0000000000000000        3.9999999999999996        6.5082603452308243       0.58535396985550059                3 -0.16943731602333417      -0.12354522456689725       -6.3979755563535051E-002 -0.11485388199071037      -0.24171986101414361      -0.28168139074175413        1.3333333333333335       0.47140452079103129     
          15          18   8.0000000000000000        4.4999999999999991        7.5164276995904791       0.67979043046481791                3 -0.17725638660463280      -0.13467814737519859       -6.9228932401516383E-002 -0.10718736906700869      -0.20373344560073114      -0.23141535616770281        1.5000000000000000       0.49999999999999956     
          15          19   7.0000000000000000        3.9999999999999996        6.5082603452308208       0.58535394348469894                3 -0.16943728401405078      -0.12354521051030651       -6.3979751355100714E-002 -0.11485386611587976      -0.24171985515221889      -0.28168141459256479        1.3333333333333333       0.47140452079103179     
          15          20   8.0000000000000000        4.9999999999999991        7.8122542805347726       0.88431514440877868                3 -0.16710981898509153        9.0137633884648960E-002  0.21687729433681741       0.29243275558033016       0.51020775931020568      -0.62513802485239500        1.6666666666666665       0.47140452079103179     
          15          21   7.0000000000000000        4.4999999999999991        6.9420249756353956       0.97528886927020730                3  -5.1096847952508954E-002   7.8317775962121527E-002  0.15946098741945081       0.29611279942150137      -0.83452533035869703       0.68463661740932902        1.5000000000000000       0.50000000000000000     
          15          22   7.0000000000000000        3.9999999999999996        6.5251895296899667       0.60263122301734773                3 -0.16678907316598063      -0.11103340352413364       -5.3955282766553696E-002 -0.11322411764877899      -0.21513739075193178      -0.24460237543628055        1.3333333333333333       0.47140452079103179     
          15          23   8.0000000000000000        4.4999999999999991        7.9118162502785943       0.97519197257622758                3 -0.17083904560363336      -0.14612375859940957       -7.7876205832217507E-002  -9.7042248181759314E-002 -0.18499713695176168      -0.19159492718932217        1.5000000000000000       0.49999999999999956     
          15          24   8.0000000000000000        4.4999999999999991        7.4504230012223411       0.55102099259573756                3 -0.17925957966044506      -0.11842406529278796       -5.2682329250964041E-002  -9.1568736341977555E-002 -0.19309366335446676      -0.23696869332743128        1.5000000000000000       0.50000000000000000     
          15          25   8.0000000000000000        4.4999999999999991        7.5164276995904800       0.67979043990077237                3 -0.17725638425747564      -0.13467814537060838       -6.9228932639877463E-002 -0.10718737429781360      -0.20373344803598803      -0.23141535525132667        1.5000000000000000       0.49999999999999956     
          15          26   8.0000000000000000        4.4999999999999991        7.8357958399954457       0.93454805072821823                3 -0.18004687915634213      -0.14298214677531015       -7.4424823853014022E-002  -9.3666803025372170E-002 -0.18560533595890083      -0.19950984955289203        1.5000000000000000       0.50000000000000000     
          15          27   8.0000000000000000        4.4999999999999991        7.4519974130803561       0.66535616322020341                3 -0.16940174310484363      -0.12592875710493570       -7.3335755465561411E-002 -0.10573561410715160      -0.20246062796089973      -0.21753976074408565        1.5000000000000000       0.50000000000000000     
          15          28   8.0000000000000000        4.4999999999999991        7.4879957834781088       0.58879060394722638                3 -0.15508546074253762      -0.18690311108012372        8.3878456837892384E-002  0.18282956576386702       -8.9890494821691980E-002  0.33604738640901460        1.5000000000000000       0.49999999999999956     
          15          29   8.0000000000000000        4.4999999999999991        7.8357958399954475       0.93454804762219457                3 -0.18004686379033377      -0.14298215085161775       -7.4424815311647421E-002  -9.3666799584230520E-002 -0.18560534156981284      -0.19950985033520760        1.5000000000000000       0.50000000000000000     
          15          30   7.0000000000000000        4.4999999999999991        6.9324487359913478       0.94877456817453520                3 -0.16666430609938307      -0.10653383067985056       -4.1402990417681980E-002  -8.8050086548351406E-002 -0.18729564239619817      -0.22448453049743500        1.4999999999999998       0.50000000000000044     
          15          31   10.000000000000000        5.9999999999999991        9.6523837766095664       0.85043108792325561                3 -0.17016696996733899      -0.12766430445260693       -6.5070926122045111E-002  0.92457040031301663      -0.15028861688270700       0.83355208201694542        1.9999999999999998        2.1073424255447017E-008
          15          32   7.0000000000000000        3.9999999999999996        6.5251895296899720       0.60263121284644372                3 -0.16678907636277610      -0.11103340151163077       -5.3955276278365126E-002 -0.11322411951798281      -0.21513738483011505      -0.24460239149906884        1.3333333333333333       0.47140452079103179     
          15          33   8.0000000000000000        4.4999999999999991        7.4477435380782584       0.68681643150402150                3 -0.16649876249631465      -0.12682167945467845       -7.7742785458628116E-002 -0.10343831065519976      -0.20545953011527912      -0.21403669506198125        1.5000000000000000       0.50000000000000000     
          15          34   7.0000000000000000        4.4999999999999991        6.9324487359913425       0.94877458104179901                3 -0.16666430555486281      -0.10653383757318489       -4.1402997594170696E-002  -8.8050088953437591E-002 -0.18729565644941792      -0.22448456571970790        1.4999999999999998       0.50000000000000044     
          15          35   7.0000000000000000        4.4999999999999991        6.9324487359913451       0.94877456950778116                3 -0.16666430420806899      -0.10653382610871256       -4.1402987382223908E-002  -8.8050085339053480E-002 -0.18729564973404017      -0.22448453213736114        1.4999999999999998       0.50000000000000044     
          15          36   8.0000000000000000        4.4999999999999991        7.4519974130803641       0.66535616065734016                3 -0.16940174491351317      -0.12592876683535481       -7.3335755226425686E-002 -0.10573560300373813      -0.20246064283617662      -0.21753974189277889        1.4999999999999998       0.50000000000000044     
          15          37   9.0000000000000000        4.9999999999999991        8.4181084989813009       0.66061714643227920                3 -0.19166174992061510      -0.14679347943148130       -7.5314466141777628E-002 -0.10055593124691803      -0.19010029202720566      -0.23127830669995372        1.6666666666666665       0.47140452079103179     
          15          38   8.0000000000000000        4.4999999999999991        7.4519974130803606       0.66535615684371197                3 -0.16940172746257401      -0.12592876898213518       -7.3335765596837174E-002 -0.10573558914545439      -0.20246062016334176      -0.21753974463086925        1.4999999999999998       0.50000000000000044     
          15          39   7.0000000000000000        3.9999999999999996        6.8748014615802182       0.95016834973411146                3 -0.16601140332522329      -0.13426089922546408       -7.3559502531748658E-002 -0.11071928336807262      -0.20887001439648178      -0.21140847153969802        1.3333333333333333       0.47140452079103179     
          15          40   9.0000000000000000        5.4999999999999991        8.7015813239482291       0.80655192573138623                3  -4.2924938657895401E-002 -0.14819970116676881       -9.2860232399539874E-002  0.67627636327783214      -0.77508110306116151      -0.18031857201985774        1.8333333333333333       0.37267799624996489     
          15          41   9.0000000000000000        4.9999999999999991        8.9192125673174996       0.97892715308137646                3 -0.17598629052601772      -0.15375038562927307       -7.5838723293287474E-002  -8.2828525024242455E-002 -0.16316466555343334      -0.17448470829289572        1.6666666666666665       0.47140452079103179     
          15          42   5.0000000000000000        2.9999999999999996        4.8261918883047805       0.85043109116623761                3 -0.17016697103426207      -0.12766430634510759       -6.5070928285524826E-002 -0.15085919972551198      -0.30057723443677270      -0.33289584409499973       0.99999999999999989        1.0536712127723509E-008
          15          43   8.0000000000000000        4.4999999999999991        7.9118162502785960       0.97519197263134982                3 -0.17083903355218338      -0.14612375094731100       -7.7876202913041828E-002  -9.7042257507738108E-002 -0.18499714258651742      -0.19159491139916399        1.5000000000000000       0.49999999999999956     
          15          44   8.0000000000000000        4.4999999999999991        7.4477435380782611       0.68681644476393777                3 -0.16649874023255973      -0.12682165766734857       -7.7742786060109773E-002 -0.10343833017950922      -0.20545955123122189      -0.21403670334936276        1.5000000000000000       0.50000000000000000     
          15          45   6.0000000000000000        3.4999999999999996        5.8407874008492096       0.91842705612234343                3 -0.18621190998378678       0.12104433197581412       0.24532140553498888       0.16932356923780342       0.30919033012979252       0.92140327348181839        1.1666666666666665       0.37267799624996550     
          15          46   6.0000000000000000        3.4999999999999996        5.8834242725598225       0.93774058517833314                3 -0.17626925627043666      -0.14670920410765206       -7.8478200439275420E-002 -0.13765998885078512      -0.27094894637439831      -0.29843109527209544        1.1666666666666665       0.37267799624996550     
          15          47   8.0000000000000000        4.4999999999999991        7.4504230012223385       0.55102098896418672                3 -0.17925956807862284      -0.11842405522170978       -5.2682313714396502E-002  -9.1568749603650287E-002 -0.19309367423044299      -0.23696868514783445        1.5000000000000000       0.50000000000000000     
          15          48   9.0000000000000000        4.9999999999999991        8.5971288375629005       0.77959180177651277                3 -0.16517978535206820      -0.13096773507429790       -8.0164109609946299E-002  -9.7846055953906261E-002 -0.17913849465672432      -0.17898201745830836        1.6666666666666665       0.47140452079103179     
          15          49   7.0000000000000000        3.9999999999999996        6.5530230568880627       0.74339543063846203                3 -0.15457199411706601      -0.11659632672023812       -8.2346092873820831E-002 -0.11708780054117225      -0.23794442730659587      -0.22144822289007274        1.3333333333333333       0.47140452079103179     
          15          50   7.0000000000000000        4.4999999999999991        6.9420249756353982       0.97528886057744624                3  -5.1096835542492634E-002   7.8317799802058816E-002  0.15946095472865468       0.29611281047972848      -0.83452533953335839       0.68463659152600032        1.5000000000000000       0.50000000000000000     
