          18           1   8.0000000000000000        4.4999999999999991        7.7419470670588826       0.90571805629130353                3 -0.14975961527816645      -0.13652149373504457       -9.5542312287308667E-002 -0.10911415256176392      -0.20985597683394699      -0.19694131521263444        1.2857142857142854       0.45175395145262609     
          18           2   8.0000000000000000        4.9999999999999991        7.5485786347566153       0.68094280106866822                3 -0.13428793639459655      -0.11271853368088124       -9.2823166461491663E-002 -0.10616628340948801      -0.22620403857263324      -0.19740891992925533        1.4285714285714284       0.49487165930539379     
          18           3   8.0000000000000000        4.4999999999999991        7.7054477897654063       0.78341557943170093                3 -0.15200189476743589      -0.14451716586828009       -8.6284929903253718E-002 -0.10548848450864250      -0.20105628576296322      -0.20003062511348593        1.2857142857142856       0.45175395145262565     
          18           4   10.000000000000000        5.9999999999999991        9.4419289141968985       0.66916599713254898                3 -0.14980736525332147      -0.12556748769185344       -8.1836152578915924E-002  -8.5161986641898918E-002 -0.16793851097632628      -0.17289304385842752        1.7142857142857140       0.45175395145262637     
          18           5   9.0000000000000000        5.4999999999999991        8.4778473343989003       0.68435068977388092                3 -0.13643797344059083      -0.11897656541611525       -8.7509241926655337E-002  -9.8232864429438474E-002 -0.18728841375317692      -0.18453942345444699        1.5714285714285712       0.49487165930539334     
          18           6   7.0000000000000000        3.9999999999999996        6.7086388791299907       0.83092427400941427                3 -0.17162174432769928      -0.14656174525246077       -8.0226698794308493E-002 -0.13264547711676922      -0.25317349071938700      -0.27737949450615978        1.1428571428571428       0.34992710611188244     
          18           7   7.0000000000000000        4.4999999999999991        6.8779886049252115       0.91420028821373622                3 -0.16481842074510972      -0.11192872013960083       -5.1535173436994042E-002 -0.10011082003142696      -0.21727164062060694      -0.25753667418251991        1.2857142857142856       0.45175395145262587     
          18           8   8.0000000000000000        4.4999999999999991        7.6306480593904835       0.75344653477497681                3 -0.16599648685189822      -0.13940972719645303       -7.7240064348048448E-002 -0.10387205365113390      -0.20452674360259002      -0.21245307295228094        1.2857142857142854       0.45175395145262609     
          18           9   8.0000000000000000        4.9999999999999991        7.7069478205130464       0.79481897175604288                3 -0.16517559069967888      -0.11967457376454683       -6.1574330997153738E-002  -9.5519130813815356E-002 -0.19152238631045448      -0.21612019782992234        1.4285714285714284       0.49487165930539379     
          18          10   11.000000000000000        5.9999999999999991        10.658015898600635       0.89044191351935664                3 -0.16862808804275978      -0.15485848077343448       -8.5417403012728391E-002  -7.8419446548572538E-002 -0.15357789961551138      -0.15988791061669683        1.7142857142857140       0.45175395145262687     
          18          11   10.000000000000000        5.9999999999999991        9.8252501826642398       0.94406280038333090                3 -0.19387914230453895       0.11713676452016121       0.24451270098849001        8.7408995475898685E-002  0.18970787314085685       0.93585659429059276        1.7142857142857140       0.45175395145262637     
          18          12   9.0000000000000000        5.4999999999999991        8.7255695873207397       0.82673692870338744                3 -0.16959384276685419      -0.13211938248047619       -6.5466152850579690E-002  -8.1584210370159949E-002 -0.17197039911770684      -0.19547859566891951        1.5714285714285712       0.49487165930539334     
          18          13   11.000000000000000        5.9999999999999991        10.532788263585603       0.89440316234310402                3  -4.2049407141773229E-002  0.16266778387772318       0.11241702811657125      -0.14761689159793753       0.27065921437112939       0.15720099599546442        1.7142857142857140       0.45175395145262687     
          18          14   9.0000000000000000        5.4999999999999991        8.7454121224780739       0.90484244862999186                3 -0.16016350966446710      -0.12567075081543108       -7.6695272308109491E-002  -8.6909734440585959E-002 -0.17296631737202794      -0.17929889211088865        1.5714285714285712       0.49487165930539423     
          18          15   7.0000000000000000        3.9999999999999996        6.7086388791299960       0.83092429224485809                3 -0.17162173328104890      -0.14656174244530068       -8.0226703151646803E-002 -0.13264547737091714      -0.25317350246201725      -0.27737949738000206        1.1428571428571428       0.34992710611188244     
          18          16   7.0000000000000000        4.4999999999999991        6.7162866666245664       0.74974206697477153                3 -0.14908926226483057      -0.10690300583242533       -6.5463752326838293E-002 -0.10580105934007085      -0.21814570288880936      -0.22637161804265035        1.2857142857142856       0.45175395145262587     
          18          17   6.0000000000000000        3.9999999999999996        5.8971102869769130       0.93356111734693670                3 -0.14724129379081841      -0.10012947795287391       -5.8808218807840894E-002 -0.12559762118556775      -0.26610252518918293      -0.27920022875259359        1.1428571428571428       0.34992710611188244     
          18          18   8.0000000000000000        4.9999999999999991        7.5644935772202029       0.79163348101274911                3 -0.14727809690099314       0.15357390782424277       0.23887133221428980      -0.73697242686484699       0.29587849511701081      -0.43379414858331156        1.4285714285714284       0.49487165930539379     
          18          19   7.0000000000000000        4.4999999999999991        6.7162866666245709       0.74974206833497092                3 -0.14908926309310963      -0.10690300522515124       -6.5463754391334755E-002 -0.10580105796352060      -0.21814570467225511      -0.22637161200169470        1.2857142857142856       0.45175395145262565     
          18          20   7.0000000000000000        3.9999999999999996        6.6339629180172528       0.76738461486401799                3 -0.15805485933260741      -0.13476686658565584       -8.3535640568976346E-002 -0.11919219274704382      -0.23549864619416158      -0.24226983489593781        1.1428571428571426       0.34992710611188310     
          18          21   7.0000000000000000        4.4999999999999991        6.7162866666245682       0.74974206890814599                3 -0.14908926127395300      -0.10690300557398676       -6.5463754818785982E-002 -0.10580105991384808      -0.21814570226177105      -0.22637161557434315        1.2857142857142856       0.45175395145262587     
          18          22   8.0000000000000000        4.4999999999999991        7.5695985486805499       0.77329293445895375                3 -0.17835361706392508      -0.14803022247271086       -8.4443989361751792E-002 -0.10840151024852021      -0.21506440861716561      -0.23914665210199415        1.2857142857142856       0.45175395145262565     
          18          23   8.0000000000000000        4.9999999999999991        7.5485786347566091       0.68094279565853677                3 -0.13428793839957864      -0.11271853492996335       -9.2823164576236433E-002 -0.10616628344469531      -0.22620403830141589      -0.19740891296750210        1.4285714285714284       0.49487165930539379     
          18          24   9.0000000000000000        5.4999999999999991        8.4128715812808181       0.49497075293145643                3 -0.16455491115984280      -0.11558745912357106       -5.4618276684843654E-002  -8.1904716726042895E-002 -0.17209492878970020      -0.20336534802714207        1.5714285714285712       0.49487165930539334     
          18          25   7.0000000000000000        3.9999999999999996        6.7086388791299916       0.83092426928191498                3 -0.17162174310799394      -0.14656174066140357       -8.0226696396595201E-002 -0.13264547456968490      -0.25317349226962138      -0.27737949946484797        1.1428571428571428       0.34992710611188244     
          18          26   11.000000000000000        5.9999999999999991        10.658015898600638       0.89044191139278484                3 -0.16862808582402875      -0.15485847821586640       -8.5417404035680725E-002  -7.8419445132533239E-002 -0.15357789822502171      -0.15988790871846464        1.7142857142857140       0.45175395145262687     
          18          27   10.000000000000000        5.4999999999999991        9.6905878627726985       0.75776993810386728                3 -0.16954393927953973      -0.15577203861311742       -8.0891637998118923E-002  -7.9448177148841503E-002 -0.16011630772531765      -0.16747728955137259        1.5714285714285712       0.49487165930539379     
          18          28   9.0000000000000000        5.4999999999999991        8.4128715812808164       0.49497076336335116                3 -0.16455493131577020      -0.11558746710512645       -5.4618270143936935E-002  -8.1904723506351099E-002 -0.17209494550034984      -0.20336535561134425        1.5714285714285712       0.49487165930539423     
          18          29   8.0000000000000000        4.4999999999999991        7.5695985486805499       0.77329293212688910                3 -0.17835361192743288      -0.14803022016556119       -8.4443980683301806E-002 -0.10840151534372679      -0.21506441192507503      -0.23914663942076603        1.2857142857142856       0.45175395145262587     
          18          30   10.000000000000000        5.9999999999999991        9.4321194546190945       0.66965412503564181                3 -0.15718407209251953      -0.12194015880044273       -7.5137262401176241E-002  -8.2724841135194294E-002 -0.16701554367369195      -0.17518127223640048        1.7142857142857140       0.45175395145262637     
          18          31   9.0000000000000000        4.9999999999999991        8.6530276506777728       0.75914823379286112                3 -0.16803009061666027      -0.14998334210773034       -8.4144057220597451E-002  -9.1866056647238639E-002 -0.18122522542282521      -0.18781169737080702        1.4285714285714284       0.49487165930539379     
          18          32   9.0000000000000000        5.4999999999999991        8.7454121224780756       0.90484246657807055                3 -0.16016351257437092      -0.12567077181676067       -7.6695241496387900E-002  -8.6909754631011429E-002 -0.17296632948454785      -0.17929887794869692        1.5714285714285712       0.49487165930539423     
          18          33   11.000000000000000        5.9999999999999991        10.743969508249030       0.94363017779735237                3 -0.16140040163556360      -0.15522316460928351       -9.2495113836465470E-002  -8.0878245078400052E-002 -0.15438537575349165      -0.15774591473909305        1.7142857142857140       0.45175395145262687     
          18          34   9.0000000000000000        5.4999999999999991        8.4128715812808217       0.49497078180878484                3 -0.16455494509495661      -0.11558748981671370       -5.4618272152366594E-002  -8.1904745731414333E-002 -0.17209491932568216      -0.20336534527614814        1.5714285714285712       0.49487165930539423     
          18          35   9.0000000000000000        4.9999999999999991        8.4919636972388144       0.79708757049081125                3 -0.17504241284664390      -0.14243028506535590       -7.9171941479055319E-002  -9.5681774220951032E-002 -0.19116323436955107      -0.21525944064011779        1.4285714285714284       0.49487165930539379     
          18          36   9.0000000000000000        5.4999999999999991        8.7454121224780614       0.90484244803184644                3 -0.16016350389439202      -0.12567074364636435       -7.6695277090305283E-002  -8.6909738459867658E-002 -0.17296630946593503      -0.17929888870742583        1.5714285714285712       0.49487165930539423     
          18          37   8.0000000000000000        4.9999999999999991        7.7069478205130482       0.79481895056034446                3 -0.16517556011246967      -0.11967457970807205       -6.1574322775704335E-002  -9.5519122284302135E-002 -0.19152237282356835      -0.21612017664692046        1.4285714285714284       0.49487165930539379     
          18          38   8.0000000000000000        4.9999999999999991        7.7251766474300894       0.88580518146427134                3 -0.19711953172937885       0.13097105223720551       0.24638260441501839       0.10129380618001087       0.22266875445579729       0.93591931464095912        1.4285714285714284       0.49487165930539379     
          18          39   11.000000000000000        5.9999999999999991        10.658015898600638       0.89044191239254011                3 -0.16862808758798495      -0.15485847950307594       -8.5417403643536935E-002  -7.8419446711736548E-002 -0.15357789902513980      -0.15988790803699618        1.7142857142857140       0.45175395145262687     
          18          40   7.0000000000000000        3.9999999999999996        6.7086388791299933       0.83092425654138458                3 -0.17162173463359259      -0.14656173942600859       -8.0226691961035310E-002 -0.13264547133259219      -0.25317348632141440      -0.27737948868161655        1.1428571428571428       0.34992710611188244     
          18          41   10.000000000000000        5.9999999999999991        9.5238299476366777       0.88677718815411333                3 -0.24259944359872232       -6.1893578363126492E-002  0.24724008470430675      -0.75337463187145270      -0.88768582544680807       0.70642492982880700        1.7142857142857140       0.45175395145262637     
          18          42   10.000000000000000        5.9999999999999991        9.5238299476366812       0.88677719372926322                3 -0.24259944986700988       -6.1893581397752202E-002  0.24724008003754483      -0.75337462774584085      -0.88768585625413221       0.70642496049207359        1.7142857142857140       0.45175395145262637     
          18          43   7.0000000000000000        4.4999999999999991        6.8779886049252035       0.91420027392334902                3 -0.16481841934579466      -0.11192871723054838       -5.1535164943665834E-002 -0.10011081561073187      -0.21727163904539365      -0.25753666869017894        1.2857142857142856       0.45175395145262587     
          18          44   7.0000000000000000        4.4999999999999991        6.7162866666245717       0.74974207720107189                3 -0.14908927357929552      -0.10690300099405446       -6.5463750614531468E-002 -0.10580106908023097      -0.21814572033265578      -0.22637162106561262        1.2857142857142856       0.45175395145262587     
          18          45   6.0000000000000000        3.9999999999999996        5.8971102869769076       0.93356111897041560                3 -0.14724129961183435      -0.10012947141060885       -5.8808218229676960E-002 -0.12559762293112181      -0.26610253541154061      -0.27920025198369847        1.1428571428571428       0.34992710611188244     
          18          46   8.0000000000000000        4.9999999999999991        7.7251766474300920       0.88580518239774009                3 -0.19711952292652515       0.13097106170882844       0.24638262569957264       0.10129381038294315       0.22266874542233461       0.93591931777244375        1.4285714285714284       0.49487165930539379     
          18          47   9.0000000000000000        4.9999999999999991        8.6556363859074050       0.79197070414022708                3 -0.17662488653499495      -0.15413719598659409       -7.7897685027573993E-002  -9.6214365233624879E-002 -0.18756581322893304      -0.20417809375774465        1.4285714285714284       0.49487165930539379     
          18          48   10.000000000000000        5.9999999999999991        9.4321194546190945       0.66965412433997806                3 -0.15718407460560388      -0.12194015901318947       -7.5137262349084744E-002  -8.2724840462513063E-002 -0.16701554374694788      -0.17518127331156841        1.7142857142857140       0.45175395145262637     
          18          49   9.0000000000000000        5.4999999999999991        8.4778473343989038       0.68435063595716228                3 -0.13643797886895312      -0.11897653803083309       -8.7509208778383696E-002  -9.8232860365654470E-002 -0.18728838327208630      -0.18453941886439004        1.5714285714285712       0.49487165930539334     
          18          50   11.000000000000000        5.9999999999999991        10.658015898600626       0.89044193704469388                3 -0.16862808506122626      -0.15485848039272221       -8.5417380351935371E-002  -7.8419462982747795E-002 -0.15357790188453685      -0.15988793684142047        1.7142857142857140       0.45175395145262687     
