          21           1   10.000000000000000        7.4999999999999991        9.9220957565198429       0.97613912901829059                3 -0.20405304735763308       0.13019100170961634       0.24721198809535008        9.0003088760736913E-002  0.13862556608175361       0.96493989931908641        1.5000000000000002       0.49999999999999911     
          21           2   11.000000000000000        7.9999999999999991        10.414767236998788       0.71941695657471094                3 -0.19443073297377170       0.15617248366626221      -0.17638986143000004      -0.13709212037435745      -0.44150284921406435       0.31149026329559881        1.6000000000000001       0.48989794855663493     
          21           3   9.0000000000000000        6.4999999999999991        8.7966292500226722       0.82941495302478785                3  -9.9991236745301665E-002   9.2438776889839550E-002   8.6122781788680644E-002 -0.10775884196919631       0.82634823255193046      -0.27258061247688753        1.3000000000000003       0.45825756949558372     
          21           4   8.0000000000000000        5.9999999999999991        7.9709397982267740       0.98728507062652859                3 -0.18511329193444251       0.14244016850720428      -0.24452603179653834       0.10232596445183491       0.15311802828311083       0.95893624551387202        1.2000000000000000       0.40000000000000019     
          21           5   9.0000000000000000        6.4999999999999991        8.7721808137239492       0.86620798643518737                3 -0.13272599449965747       0.21914842433286788      -0.10693837589797371      -0.35834469805231689      -0.87755645014563699      -0.48992037665572696        1.2999999999999998       0.45825756949558494     
          21           6   10.000000000000000        7.4999999999999991        9.9708285080772150       0.99208321037414360                3 -0.18840441342759803       0.13791121790274843       0.23893821137898177        8.4810794186914173E-002  0.12240837690623731       0.97318080905562754        1.5000000000000002       0.49999999999999911     
          21           7   8.0000000000000000        5.9999999999999991        7.9709397982267713       0.98728506590015097                3 -0.18511329248920699       0.14244016160643841      -0.24452603478988214       0.10232596797170634       0.15311803780424091       0.95893623506756132        1.2000000000000002       0.40000000000000019     
          21           8   11.000000000000000        7.9999999999999991        10.514845618343527       0.70477903181317458                3 -0.23176612119806556      -0.24170219868777440       0.13114164669740047       0.33929207031105152      -0.45945193691751995       0.36034257167570893        1.6000000000000001       0.48989794855663493     
          21           9   10.000000000000000        7.4999999999999991        9.9708285080772061       0.99208320962987862                3 -0.18840441432057631       0.13791122244855220       0.23893820543733266        8.4810801624376611E-002  0.12240837109209345       0.97318081427231073        1.5000000000000000       0.50000000000000044     
          21          10   10.000000000000000        7.4999999999999991        10.000000000000016       0.99999999999999578                3  -8.1408790046928678E-002 -0.24091797206954663      -0.20483266072915196      -0.12479660740102064      -0.67176719474544777       0.94891296645700240        1.5000000000000002       0.49999999999999911     
          21          11   11.000000000000000        7.9999999999999991        10.414767236998774       0.71941696268951449                3 -0.19443073450877893       0.15617249003511524      -0.17638988140202821      -0.13709211471994570      -0.44150285685784357       0.31149026620329956        1.6000000000000001       0.48989794855663493     
          21          12   11.000000000000000        7.9999999999999991        10.625319149804655       0.86868433145024182                3 -0.22685965910024122       0.24738646381541984       0.11537459870796365       0.64474442530688403       0.67260935314283132      -0.69689936360234805        1.5999999999999999       0.48989794855663626     
          21          13   10.000000000000000        7.4999999999999991        10.000000000000016       0.99999999999999889                3  -8.1408791100874914E-002 -0.24091797513897251      -0.20483265726422964      -0.12479660970822183       0.32823281302876750       0.94891296295588412        1.5000000000000002       0.49999999999999911     
          21          14   10.000000000000000        6.9999999999999991        9.6576188706483439       0.87264912939921868                3 -0.20436617932661313      -0.24886068581420434       0.12453444355167294       0.67337660456107873       0.66687586420546063      -0.63416580557507762        1.4000000000000001       0.48989794855663538     
          21          15   11.000000000000000        8.4999999999999982        10.846514927906339       0.86867827017964583                3  -8.9660013001137961E-002  -7.0143057023632119E-002  -6.5514027416959039E-002  -9.5687397006609956E-002 -0.65681064488472463       0.34695714833207353        1.6999999999999997       0.45825756949558494     
          21          16   7.0000000000000000        5.4999999999999991        6.9881938393389804       0.99107912213186700                3 -0.18112351629393303       -8.7929646057639158E-002   8.6294541121631999E-002 -0.23590558688881189      -0.23571346339491342       0.43952687272487589        1.1000000000000001       0.30000000000000016     
          21          17   11.000000000000000        7.9999999999999991        10.588368138983546       0.69850401698368425                3  -9.2932184978393437E-002  -9.5462391089622844E-002   6.2271106905396327E-002 -0.17231679043542839      -0.25110480927480205       0.72196821631642827        1.6000000000000001       0.48989794855663493     
          21          18   10.000000000000000        7.4999999999999991        9.8728338166568381       0.91795413535258219                3 -0.23210229256906592      -0.23405672927005364       -6.6528105395501524E-002  0.38299033781495090       0.17517357096637945      -0.51533322800021764        1.5000000000000000       0.50000000000000000     
          21          19   8.0000000000000000        5.9999999999999991        8.0000000000000124       0.99999999999998734                3 -0.24999999020193162       0.24999999321042507        1.5432364184356297E-008  0.49999999319771221      -0.75000001270391570       0.67775600367311373        1.2000000000000002       0.39999999999999991     
          21          20   11.000000000000000        7.9999999999999991        10.625319149804641       0.86868432504978266                3 -0.22685965456534660       0.24738646457150668       0.11537460231131270       0.64474442285723077       0.67260935682154999      -0.69689936666149421        1.6000000000000001       0.48989794855663538     
          21          21   11.000000000000000        7.9999999999999991        10.581788940272538       0.71366471990256475                3 -0.15724160433595069      -0.14947828606035826       0.16890731216481503       0.32945652127040981      -0.45020942067210895       0.37727893296577680        1.5999999999999999       0.48989794855663582     
          21          22   8.0000000000000000        6.4999999999999991        7.9985925249441392       0.99933408567693027                3  -6.4799708502195019E-002 -0.15078073507909431       0.19258134159741516      -0.10318939911162044       0.32633812645959842       -1.8262212144275772E-002   1.3000000000000000       0.45825756949558422     
          21          23   11.000000000000000        7.4999999999999991        10.599757606102143       0.85678220390671656                3 -0.21693744052249359       0.24244423353622627      -0.11755611949876071      -0.66325211413774687      -0.63341319870172452       0.64793458908679125        1.5000000000000002       0.49999999999999911     
          21          24   10.000000000000000        7.4999999999999991        9.7694530066801573       0.86126355283530609                3 -0.17156368355235366       0.24135360451156063       0.15454597079104837      -0.44940753397374944      -0.64325513441357896      -0.39411192696512570        1.5000000000000000       0.50000000000000000     
          21          25   11.000000000000000        8.4999999999999982        10.862150767545039       0.91887875287980858                3 -0.22884814151975649       0.22730074315329207      -0.16147800610118104      -0.37146145508037853       0.99461677149472227      -0.36236203042984616        1.7000000000000000       0.45825756949558394     
          21          26   10.000000000000000        7.4999999999999991        9.7364352751214795       0.77591483806835970                3 -0.19606561709604278       0.19910342819411073      -0.18159886512873868       0.28405803623380216      -0.93579598144370180      -0.86223755534693636        1.5000000000000002       0.49999999999999911     
          21          27   9.0000000000000000        6.9999999999999991        8.8502082357589398       0.92196140172502572                3 -0.18308719201172860      -0.14158560272528412      -0.24680295651798090       0.38509648919943323      -0.67929375702202277      -0.87013969119874335        1.3999999999999999       0.48989794855663604     
          21          28   10.000000000000000        7.9999999999999991        9.9992637510419211       0.99976675976341589                3 -0.19499689514906679      -0.24924926560725311       0.20164369216649541      -0.18039605534995581       0.49236192091237607      -0.71967715295271595        1.6000000000000003       0.48989794855663493     
          21          29   9.0000000000000000        6.9999999999999991        8.8192543593520050       0.84066715057322927                3  -6.1925287776686933E-002 -0.20306698715004959      -0.17455778352611948       0.44820803734822362      -0.32965940354353207       -5.5003442488928730E-002   1.4000000000000001       0.48989794855663538     
          21          30   9.0000000000000000        6.4999999999999991        8.7611386279985854       0.80367196298609223                3 -0.20038342192878991      -0.21412566543700215      -0.17806758127542285      -0.34070863824512415      -0.65621059748693222      -0.40199284985718858        1.3000000000000000       0.45825756949558422     
          21          31   9.0000000000000000        6.4999999999999991        8.7721808137239492       0.86620799167891627                3 -0.13272599434978827       0.21914842622068728      -0.10693838005182875      -0.35834469785226153      -0.87755645513778113      -0.48992037361801055        1.2999999999999998       0.45825756949558444     
          21          32   11.000000000000000        7.4999999999999991        10.599757606102150       0.85678219525812971                3 -0.21693744851627614       0.24244426151040685      -0.11755610999783264      -0.66325209335072521      -0.63341316472531095       0.64793463326899092        1.5000000000000000       0.50000000000000000     
          21          33   7.0000000000000000        5.4999999999999991        6.9967978964986681       0.99736937747928378                3 -0.16253520614396677       0.24329785677303506        9.5243061301975768E-002 -0.46080802394400422       0.73419030867148460       0.76545799921907776        1.1000000000000001       0.30000000000000016     
          21          34   10.000000000000000        6.9999999999999991        9.3958055487579379       0.58563502891949026                3 -0.11001151959661658      -0.12146272518109986       -7.9756439963799400E-002 -0.15732700291468937      -0.31059690386932676      -0.24812150568099975        1.3999999999999999       0.48989794855663604     
          21          35   10.000000000000000        7.4999999999999991        9.8094661841498834       0.89619927389572274                3  -7.6976673514685290E-002   6.3134729733480166E-002   9.2746370756228713E-002 -0.16163300703084646       0.42786018365589490       0.25945982000252071        1.5000000000000000       0.50000000000000044     
          21          36   8.0000000000000000        6.4999999999999991        7.9985925249441276       0.99933408571432758                3  -6.4799710076272415E-002 -0.15078074114669779       0.19258134785183059      -0.10318939960761864      -0.67366187128625143       0.98173778787094368        1.3000000000000003       0.45825756949558372     
          21          37   11.000000000000000        7.9999999999999991        10.625319149804646       0.86868433087736463                3 -0.22685966132210375       0.24738646524791208       0.11537458989815914       0.64474442722970793       0.67260934689603757      -0.69689936517002038        1.6000000000000001       0.48989794855663538     
          21          38   11.000000000000000        7.9999999999999991        10.625319149804659       0.86868432838574017                3 -0.22685965784769535       0.24738646412279922       0.11537459990260308       0.64474442358270712       0.67260935585820825      -0.69689936486676352        1.5999999999999999       0.48989794855663582     
          21          39   10.000000000000000        7.4999999999999991        10.000000000000016        1.0000000000000007                3  -8.1408794562724499E-002 -0.24091799101347372      -0.20483264417190344       0.87520338452979174      -0.67176717762176552       -5.1087039112907968E-002   1.5000000000000002       0.49999999999999911     
          21          40   10.000000000000000        7.4999999999999991        9.9220957565198322       0.97613912538536207                3 -0.20405303903248140       0.13019100286269189       0.24721197387400629        9.0003079428464888E-002  0.13862556435783630       0.96493988985869328        1.5000000000000000       0.50000000000000044     
          21          41   9.0000000000000000        6.4999999999999991        8.7611386279985695       0.80367195565875327                3 -0.20038344660079585      -0.21412567463605900      -0.17806755620327605      -0.34070861883358911      -0.65621059214893507      -0.40199286452398875        1.3000000000000003       0.45825756949558372     
          21          42   8.0000000000000000        5.9999999999999991        7.9709397982267749       0.98728506662263193                3 -0.18511328952221803       0.14244016052312833      -0.24452603197396647       0.10232595873747805       0.15311803126284154       0.95893622985246552        1.2000000000000002       0.39999999999999991     
          21          43   9.0000000000000000        6.4999999999999991        8.7966292500226739       0.82941496162654560                3  -9.9991259481651676E-002   9.2438782673749303E-002   8.6122794659301657E-002 -0.10775884408255346       0.82634820881816395      -0.27258061812512396        1.3000000000000005       0.45825756949558299     
          21          44   10.000000000000000        7.4999999999999991        9.9220957565198340       0.97613913281885012                3 -0.20405304564398050       0.13019098600355575       0.24721197000777420        9.0003070057535495E-002  0.13862557485878974       0.96493988758894012        1.5000000000000000       0.50000000000000000     
          21          45   12.000000000000000        8.4999999999999982        11.958432967265587       0.98183575965767433                3 -0.16425005411870205       -9.9840718687555258E-002  0.21094441076682721      -0.58139065305006465      -0.21918052616310740      -0.20607418712160622        1.7000000000000000       0.45825756949558394     
          21          46   9.0000000000000000        6.4999999999999991        8.7966292500226739       0.82941495320707215                3  -9.9991241134129882E-002   9.2438776766397779E-002   8.6122784651492673E-002 -0.10775883752060630       0.82634822904199356      -0.27258061392616700        1.3000000000000000       0.45825756949558422     
          21          47   9.0000000000000000        6.9999999999999991        8.8767442789293227       0.92156899745961152                3 -0.18123182041370794       0.10857855587161366       0.24414236192134367       0.36968524838815020      -0.86960618423748703      -0.71991679629438687        1.4000000000000001       0.48989794855663538     
          21          48   9.0000000000000000        6.4999999999999991        8.7966292500226793       0.82941495744486771                3  -9.9991236631010866E-002   9.2438765090394170E-002   8.6122779163919125E-002 -0.10775883787274207       0.82634822183836010      -0.27258062526411148        1.3000000000000000       0.45825756949558422     
          21          49   10.000000000000000        6.9999999999999991        9.3958055487579433       0.58563507796262693                3 -0.11001151754780555      -0.12146275145786069       -7.9756447522580612E-002 -0.15732700590858104      -0.31059688672861602      -0.24812149629330735        1.4000000000000001       0.48989794855663538     
          21          50   11.000000000000000        8.4999999999999982        10.857716358852722       0.91776136155051491                3 -0.22175880704051462       0.22878606036478841       0.16106265532910963      -0.63141860408089578       0.99820696342193749      -0.63680650828204621        1.7000000000000000       0.45825756949558394     
