           8           1   9.0000000000000000        5.4999999999999991        8.1704487663587351       0.66469839227680738                3 -0.13021130800882577       0.18544320514684973       0.23023345797622977      -0.10086346754327109      -0.24098859623618871        6.7547026978776042E-002   1.5714285714285712       0.49487165930539334     
           8           2   6.0000000000000000        3.4999999999999996        5.8601946951027202       0.95959513865079638                3 -0.11670154778418518       0.19442895881667294       0.19016659204235134      -0.19752567912584360      -0.36090770195368360      -0.83282483462437695       0.99999999999999978        1.4901161193847656E-008
           8           3   8.0000000000000000        4.9999999999999991        7.2729459265698084       0.42166912415104274                3 -0.13396852386568553        9.8606327563522722E-002  -8.5071222039182479E-002 -0.10462770206105609       0.82672075898345943       0.80998850605736372        1.4285714285714284       0.49487165930539379     
           8           4   9.0000000000000000        4.9999999999999991        8.5254572289178530       0.85457662245775479                3 -0.14194145967399546      -0.13800157640448601       -9.7814152547773744E-002  -9.1605267405686447E-002 -0.17112618600984969      -0.18630137301542288        1.4285714285714284       0.49487165930539379     
           8           5   9.0000000000000000        5.4999999999999991        8.1704487663587368       0.66469838692981231                3 -0.13021129542773574       0.18544320642908588       0.23023345967681008      -0.10086347346187785      -0.24098861279285960        6.7547021282447550E-002   1.5714285714285712       0.49487165930539334     
           8           6   9.0000000000000000        5.4999999999999991        8.4732829806180661       0.84067902238003711                3 -0.14251790970024608      -0.11130176774621814       0.24203899434181919       0.42418084364178132      -0.77586011751742923       0.55331624882337804        1.5714285714285712       0.49487165930539423     
           8           7   9.0000000000000000        4.9999999999999991        8.5254572289178459       0.85457662307761373                3 -0.14194146289269940      -0.13800156658964688       -9.7814147830434586E-002  -9.1605274584679722E-002 -0.17112618506157365      -0.18630137388249360        1.4285714285714284       0.49487165930539379     
           8           8   9.0000000000000000        4.9999999999999991        8.5051843943766769       0.81628067484706113                3 -0.14307530681105293       0.17462815672289417       0.22641629542565228       -9.8338972608782715E-002 -0.22980039853221218        7.7519627885485512E-002   1.4285714285714284       0.49487165930539334     
           8           9   12.000000000000000        6.9999999999999991        11.720389390205446       0.95959513829500798                3 -0.11670154842443525       0.19442895687751574       0.19016660146773953      -0.59876283517435247      -0.18045385660258639      -0.41641241831521453        1.9999999999999996        2.9802322387695312E-008
           8          10   10.000000000000000        5.9999999999999991        9.2348918156535742       0.69716356511749233                3  -9.0018480425484215E-002  0.22887523754529079       0.11454347410213997       0.23186626783273614       -9.5629975951780979E-002  0.20627249529736102        1.7142857142857140       0.45175395145262637     
           8          11   10.000000000000000        5.9999999999999991        9.2826962901539538       0.73295287568797940                3 -0.12455390512625734       0.19685466728651910       0.22092764605928278       -9.1662135734420572E-002 -0.21553499848645441        6.8157391474937226E-002   1.7142857142857140       0.45175395145262637     
           8          12   7.0000000000000000        4.4999999999999991        6.4664876632980590       0.60515025917779375                3  -8.3833952571580148E-002 -0.17592489464106326      -0.21229208947810768       0.56401007648248092      -0.34650623755899335       -7.2881149440515006E-002   1.2857142857142856       0.45175395145262587     
           8          13   9.0000000000000000        4.9999999999999991        8.5254572289178512       0.85457662249945632                3 -0.14194146525488588      -0.13800156981231432       -9.7814144988103827E-002  -9.1605272925894141E-002 -0.17112618900992163      -0.18630137227797466        1.4285714285714284       0.49487165930539379     
           8          14   8.0000000000000000        4.4999999999999991        7.5179424737760048       0.80946173648481290                3 -0.11784299253263585      -0.22060392878994675       0.11193829238931444       0.22832477200238246       -8.6336309874559147E-002  0.27111016671829619        1.2857142857142856       0.45175395145262565     
           8          15   10.000000000000000        5.4999999999999991        9.5112927553630406       0.85986771349941327                3 -0.14286998611996410       0.17242294604823813       0.21737089403641432       -8.9817904113008870E-002 -0.20426887611649963        7.1544665901773385E-002   1.5714285714285712       0.49487165930539379     
           8          16   9.0000000000000000        4.9999999999999991        8.5254572289178494       0.85457662770518461                3 -0.14194147051468534      -0.13800157763678117       -9.7814151858392845E-002  -9.1605267475868751E-002 -0.17112619253246317      -0.18630137727563714        1.4285714285714284       0.49487165930539379     
           8          17   6.0000000000000000        3.9999999999999996        5.9707056271573942       0.97745298156703386                3 -0.14534509306349333      -0.13334120795759632      -0.20840186626578405       0.19684609172662237      -0.30853344431681595       0.99136692305698404        1.1428571428571428       0.34992710611188244     
           8          18   12.000000000000000        6.9999999999999991        11.720389390205446       0.95959513721939593                3 -0.11670154943895734       0.19442895730791315       0.19016659765209290       0.40123716263018316      -0.68045385480743992      -0.41641242000489509        1.9999999999999996        2.9802322387695312E-008
           8          19   8.0000000000000000        4.4999999999999991        7.4733268599910527       0.78551961448439034                3 -0.14683763791911786       0.17884621130220399       0.22366577162326515      -0.10718963122065273      -0.25830849567209924        7.8451527396661072E-002   1.2857142857142856       0.45175395145262587     
           8          20   9.0000000000000000        4.9999999999999991        8.5254572289178494       0.85457661929545292                3 -0.14194146359187060      -0.13800156738179759       -9.7814143448862301E-002  -9.1605272918755143E-002 -0.17112618296728233      -0.18630137029728017        1.4285714285714284       0.49487165930539379     
           8          21   10.000000000000000        5.9999999999999991        9.2826962901539698       0.73295287848877189                3 -0.12455390330759389       0.19685466645168526       0.22092765148653784       -9.1662134381039567E-002 -0.21553500111843055        6.8157393879807834E-002   1.7142857142857140       0.45175395145262637     
           8          22   9.0000000000000000        4.9999999999999991        8.5051843943766876       0.81628067212402555                3 -0.14307530013314515       0.17462815116631525       0.22641630373775656       -9.8338969519930347E-002 -0.22980040033568219        7.7519630321415914E-002   1.4285714285714284       0.49487165930539379     
           8          23   10.000000000000000        5.4999999999999991        9.6710038253149335       0.89359082877521712                3 -0.14126746278846578      -0.15115398963551460      -0.10512059543737320       -8.0680642396423918E-002 -0.15767152383927155       0.83343908572937031        1.5714285714285712       0.49487165930539379     
           8          24   11.000000000000000        6.4999999999999991        10.365100961900959       0.83485613322822116                3 -0.12577086641496665       0.19286884315477559       0.20672835223487496       -9.4175786316389357E-002 -0.19615040381746629        7.3140528948553066E-002   1.8571428571428568       0.34992710611188405     
           8          25   7.0000000000000000        3.9999999999999996        6.5368932834428151       0.79847581149049673                3 -0.13800845292950270       0.17884853458432998       0.21937219205591740      -0.13377012127364540      -0.29734160727325415        9.8977060273963399E-002   1.1428571428571426       0.34992710611188310     
           8          26   8.0000000000000000        4.9999999999999991        7.5430796725729357       0.82617674567510946                3 -0.23171860719573251      -0.24209732952923063      -0.16561137649218183       0.16973021189833370       0.65813496983320252       0.45109763988033480        1.4285714285714284       0.49487165930539379     
           8          27   8.0000000000000000        4.4999999999999991        7.4733268599910554       0.78551961162023698                3 -0.14683763836642685       0.17884620632305037       0.22366577858280762      -0.10718962914446654      -0.25830849511997628        7.8451526486095824E-002   1.2857142857142854       0.45175395145262609     
           8          28   11.000000000000000        6.4999999999999991        10.365100961900964       0.83485614223707483                3 -0.12577088472326503       0.19286885758180203       0.20672833511337083       -9.4175805098547269E-002 -0.19615041201450381        7.3140523091241749E-002   1.8571428571428568       0.34992710611188405     
           8          29   10.000000000000000        5.9999999999999991        9.2348918156535671       0.69716355098065685                3  -9.0018464436669693E-002  0.22887523045225952       0.11454346283653534       0.23186625802205424       -9.5629972384251513E-002  0.20627250374026948        1.7142857142857140       0.45175395145262637     
           8          30   11.000000000000000        5.9999999999999991        10.595708165123641       0.90366519695179037                3 -0.14532645221506088       0.16216393774823104       0.21517565492783039       -8.5856981691860568E-002 -0.18866512351000186        6.6926960572917263E-002   1.7142857142857140       0.45175395145262687     
           8          31   9.0000000000000000        5.4999999999999991        8.1704487663587368       0.66469840495137444                3 -0.13021128450381259       0.18544320987303897       0.23023346865001604      -0.10086347761667988      -0.24098861583698153        6.7547033971567222E-002   1.5714285714285712       0.49487165930539423     
           8          32   7.0000000000000000        4.4999999999999991        6.4664876632980599       0.60515027789117548                3  -8.3833967771363982E-002 -0.17592488365789252      -0.21229211666431924       0.56401010543933661      -0.34650621286622946       -7.2881163492116749E-002   1.2857142857142856       0.45175395145262587     
           8          33   10.000000000000000        5.4999999999999991        9.5112927553630371       0.85986771130487805                3 -0.14287001494866960       0.17242293999312391       0.21737090492618019       -8.9817889298736908E-002 -0.20426888099989496        7.1544657737374201E-002   1.5714285714285712       0.49487165930539379     
           8          34   11.000000000000000        6.4999999999999991        10.365100961900962       0.83485612901053974                3 -0.12577087844093512       0.19286886812374313       0.20672833434013191       -9.4175786586180615E-002 -0.19615041541139441        7.3140518251341186E-002   1.8571428571428568       0.34992710611188405     
           8          35   9.0000000000000000        4.9999999999999991        8.5254572289178441       0.85457664680896961                3 -0.14194147852863517      -0.13800157865287724       -9.7814147145707284E-002  -9.1605281520891590E-002 -0.17112619445266114      -0.18630138727512199        1.4285714285714284       0.49487165930539379     
           8          36   10.000000000000000        5.4999999999999991        9.5112927553630389       0.85986771316940569                3 -0.14286999660203986       0.17242290997178011       0.21737090813022469       -8.9817891834447702E-002 -0.20426889830289580        7.1544670338426486E-002   1.5714285714285712       0.49487165930539379     
           8          37   10.000000000000000        5.4999999999999991        9.5096386272238416       0.87878451901821264                3 -0.14291494779542102      -0.13048170921950258       -9.6226763164759171E-002  -8.6348823473341829E-002 -0.14830026976678240      -0.16223811538936558        1.5714285714285712       0.49487165930539379     
           8          38   9.0000000000000000        4.9999999999999991        8.5051843943766823       0.81628071406488534                3 -0.14307530847198743       0.17462814517445660       0.22641629074681524       -9.8338997417206239E-002 -0.22980039335920024        7.7519641140919818E-002   1.4285714285714284       0.49487165930539334     
           8          39   8.0000000000000000        4.9999999999999991        7.2729459265698075       0.42166912692520342                3 -0.13396852191139708        9.8606327764883706E-002  -8.5071223052177458E-002 -0.10462770354473198       0.82672075993139649       0.80998850198554539        1.4285714285714284       0.49487165930539379     
           8          40   10.000000000000000        5.4999999999999991        9.6710038253149424       0.89359083233406988                3 -0.14126746849613370      -0.15115398943558281      -0.10512059366962924       -8.0680645243084811E-002  0.84232847025829616      -0.16656091337310755        1.5714285714285712       0.49487165930539379     
           8          41   9.0000000000000000        4.9999999999999991        8.5254572289178530       0.85457662276920132                3 -0.14194146532690266      -0.13800156965663180       -9.7814144375499623E-002  -9.1605274042845825E-002 -0.17112618799373930      -0.18630137069693709        1.4285714285714284       0.49487165930539379     
           8          42   8.0000000000000000        4.9999999999999991        7.5620600405709828       0.85329191893162615                3 -0.10510790440932812       0.16741120312828509       0.19439878013436623      -0.16248514298768524      -0.52691177778929998      -0.79902759357576314        1.4285714285714284       0.49487165930539379     
           8          43   9.0000000000000000        5.4999999999999991        8.1704487663587386       0.66469839616444149                3 -0.13021130649256976       0.18544322097508592       0.23023346105695047      -0.10086346383303155      -0.24098863304101145        6.7547026134089014E-002   1.5714285714285712       0.49487165930539334     
           8          44   10.000000000000000        5.4999999999999991        9.5112927553630389       0.85986770857576666                3 -0.14287001579227934       0.17242293706677075       0.21737089465250661       -8.9817896270319414E-002 -0.20426888459019615        7.1544651400668222E-002   1.5714285714285712       0.49487165930539379     
           8          45   9.0000000000000000        5.4999999999999991        8.4732829806180678       0.84067902058418698                3 -0.14251791894314814      -0.11130177625618690       0.24203901420677490       0.42418084597117295      -0.77586012128185600       0.55331624741925922        1.5714285714285712       0.49487165930539334     
           8          46   10.000000000000000        5.9999999999999991        9.2826962901539627       0.73295286945521865                3 -0.12455390191584563       0.19685466625615766       0.22092765133673495       -9.1662137417153719E-002 -0.21553500123681685        6.8157389643102140E-002   1.7142857142857140       0.45175395145262637     
           8          47   8.0000000000000000        4.4999999999999991        7.4733268599910527       0.78551961166972251                3 -0.14683763463369706       0.17884620223989428       0.22366578410702043      -0.10718962804945896      -0.25830849342171308        7.8451528230704295E-002   1.2857142857142856       0.45175395145262565     
           8          48   9.0000000000000000        4.9999999999999991        8.5254572289178494       0.85457661520762129                3 -0.14194146127788479      -0.13800156509002515       -9.7814134028968477E-002  -9.1605275960296370E-002 -0.17112617898397647      -0.18630136544301804        1.4285714285714284       0.49487165930539334     
           8          49   7.0000000000000000        4.4999999999999991        6.4664876632980572       0.60515025424543367                3  -8.3833947709896370E-002 -0.17592487316594954      -0.21229211889536531       0.56401010067831348      -0.34650624197260199       -7.2881156455437565E-002   1.2857142857142856       0.45175395145262587     
           8          50   7.0000000000000000        3.9999999999999996        6.5368932834428151       0.79847580292612297                3 -0.13800845012530155       0.17884853389924832       0.21937219412272566      -0.13377011203784261      -0.29734160146713629        9.8977057736464383E-002   1.1428571428571426       0.34992710611188310     
