          19           1   8.0000000000000000        4.9999999999999991        7.4411090558813537       0.55905275802644461                3 -0.14784436571799592      -0.10793420454663434       -6.1233927164658988E-002  -8.8108765225621138E-002 -0.19560882303553573      -0.23185825956138839        1.2500000000000000       0.43301270189221930     
          19           2   10.000000000000000        5.9999999999999991        9.5617757244592188       0.73931589102515471                3 -0.15033357657395044      -0.13388021595270530       -8.7758726064080292E-002  -8.1003794079019226E-002 -0.16964874745804467      -0.16516806929194555        1.5000000000000000       0.50000000000000000     
          19           3   10.000000000000000        5.9999999999999991        9.5617757244592276       0.73931586161405094                3 -0.15033356394866371      -0.13388021696809196       -8.7758733353723750E-002  -8.1003784884275273E-002 -0.16964873423746726      -0.16516804456045614        1.5000000000000000       0.50000000000000000     
          19           4   11.000000000000000        6.9999999999999991        10.232040581463862       0.60958064796665290                3 -0.19663769613890866       -9.4518964661427743E-002   8.9095010033368283E-002 -0.10669244555813061      -0.16261971490188379       0.26014286918481250        1.7500000000000000       0.43301270189221930     
          19           5   10.000000000000000        5.9999999999999991        9.4309277317500992       0.79185272708420407                3 -0.14784814451341260      -0.12259598882457458       -7.8549381159575063E-002  -8.1780259592711443E-002 -0.17100352737489027      -0.17426988784564562        1.5000000000000000       0.50000000000000000     
          19           6   9.0000000000000000        6.4999999999999991        8.8463214008651114       0.93824415596839394                3 -0.23977350132439337       0.24847184018065041       0.15046650651636817       0.35471971964357291      -0.98521603244619005       0.35832903198806548        1.6250000000000000       0.48412291827592713     
          19           7   8.0000000000000000        5.4999999999999991        7.8217580869240768       0.94274533895774804                3 -0.20747221638197355       0.11906855106385222       0.24459618075533834       0.11900071931491937       0.20220664652052181       0.95674304291444334        1.3750000000000000       0.48412291827592713     
          19           8   10.000000000000000        6.4999999999999991        9.6445729983534818       0.72583167324642683                3 -0.14869841552623583      -0.11732724431961732       -6.4767223438981808E-002  -6.2240318536029828E-002 -0.14060383095684875      -0.16432714464172726        1.6250000000000000       0.48412291827592713     
          19           9   8.0000000000000000        5.4999999999999991        7.9128457027169299       0.96362166973616303                3 -0.13602638489617586       -9.3803522683681265E-002  -5.4799957427401402E-002  0.92533436559102455      -0.16323804711614592       0.79840327183864979        1.3750000000000000       0.48412291827592713     
          19          10   9.0000000000000000        5.9999999999999991        8.2393663147126670       0.45200742006818118                3 -0.12875040712200303       -8.7486387874400190E-002  -5.7694516227160313E-002  -7.8890758755835247E-002 -0.16236809324896245      -0.18160089497368717        1.5000000000000000       0.50000000000000000     
          19          11   8.0000000000000000        5.4999999999999991        7.7588174009171205       0.88711695447420758                3 -0.19303921774356042       0.24622410174183545       0.14310829568640759       0.13087025775887701      -0.84985390020503160      -0.98046182881126875        1.3750000000000000       0.48412291827592713     
          19          12   8.0000000000000000        4.9999999999999991        7.5131330800848390       0.67259395127257304                3 -0.15845222447150595       0.21693382247753118      -0.13998223000263385      -0.82664986502910165      -0.29462893311326455       0.43323156357854292        1.2500000000000000       0.43301270189221930     
          19          13   10.000000000000000        5.9999999999999991        9.4421978920165284       0.65818842001121691                3 -0.15666424520030103      -0.13348952719098214       -7.7935081849465460E-002  -7.5204240119077836E-002 -0.16450416342252944      -0.17712159989029477        1.5000000000000000       0.50000000000000000     
          19          14   8.0000000000000000        5.4999999999999991        7.8217580869240839       0.94274533798163451                3 -0.20747220279912593       0.11906856027964215       0.24459619935875535       0.11900067102961483       0.20220664785765968       0.95674301069181655        1.3750000000000000       0.48412291827592713     
          19          15   10.000000000000000        6.4999999999999991        9.8603654847427933       0.94564815114501255                3 -0.20012083661312374       0.11803134474597811      -0.24944451752906630        8.8779508960693268E-002  0.17592122687776943       0.94739619060953295        1.6250000000000000       0.48412291827592713     
          19          16   9.0000000000000000        5.4999999999999991        8.4187752695055966       0.71858209780207916                3 -0.13776569832948657      -0.12457027514130234       -8.5453315148955933E-002  -9.0179621627850828E-002 -0.18445183244704011      -0.18692495328500144        1.3750000000000000       0.48412291827592713     
          19          17   9.0000000000000000        5.4999999999999991        8.6174528234600913       0.76416646763887663                3 -0.14332157965506709      -0.12602325717800636       -8.9984230557612607E-002  -9.5835196489152938E-002 -0.19300172446472910      -0.17786875396121571        1.3750000000000000       0.48412291827592713     
          19          18   11.000000000000000        6.4999999999999991        10.528033012013967       0.84916330719502020                3 -0.14808296552496136      -0.14010778148049707       -9.0674330708194431E-002  -7.6738917094455392E-002 -0.15875105214411953      -0.15727670414900879        1.6250000000000000       0.48412291827592713     
          19          19   9.0000000000000000        5.9999999999999991        8.5051867425619427       0.65725521657885033                3 -0.13384573883403367       -9.3436036349513168E-002  -5.9587649661122649E-002  -7.4276784078238997E-002 -0.15244881963650123      -0.17714700699977748        1.5000000000000000       0.50000000000000000     
          19          20   9.0000000000000000        5.4999999999999991        8.4187752695055948       0.71858209730928135                3 -0.13776570466438981      -0.12457028101295864       -8.5453316157748260E-002  -9.0179613644305545E-002 -0.18445183212437100      -0.18692496498352196        1.3750000000000000       0.48412291827592713     
          19          21   10.000000000000000        6.4999999999999991        9.3486995115028382       0.70215871300219879                3  -9.6990858803098434E-002 -0.16001823247047339      -0.11538626653060539      -0.45593635268808891       0.33329446107349736      -0.54885643465629141        1.6250000000000000       0.48412291827592713     
          19          22   9.0000000000000000        5.4999999999999991        8.3886262623965671       0.67148600010849291                3 -0.15011569152836915      -0.12247686961876686       -7.9516910936984653E-002  -8.7280336525774313E-002 -0.18736651270409482      -0.20286171628503946        1.3750000000000000       0.48412291827592713     
          19          23   7.0000000000000000        4.4999999999999991        6.4879570489328096       0.60875342204302996                3 -0.12140156720717610       -9.8391007812440673E-002  -7.1627582539724802E-002 -0.10851847493511600      -0.23378629949242505      -0.24585052511272440        1.1250000000000000       0.33071891388307384     
          19          24   7.0000000000000000        4.4999999999999991        6.4879570489328113       0.60875341940992134                3 -0.12140156760914154       -9.8391007746149228E-002  -7.1627581706421264E-002 -0.10851847535781559      -0.23378629680603252      -0.24585052514145134        1.1250000000000000       0.33071891388307384     
          19          25   9.0000000000000000        5.9999999999999991        8.2393663147126599       0.45200748722764295                3 -0.12875040857051273       -8.7486391798509824E-002  -5.7694549336210890E-002  -7.8890784309241027E-002 -0.16236807618049134      -0.18160085091212369        1.5000000000000000       0.50000000000000000     
          19          26   9.0000000000000000        5.4999999999999991        8.3886262623965671       0.67148598398172299                3 -0.15011569367353653      -0.12247687765623574       -7.9516898560123353E-002  -8.7280337896808571E-002 -0.18736650001225844      -0.20286171175908449        1.3750000000000000       0.48412291827592713     
          19          27   8.0000000000000000        5.4999999999999991        7.9128457027169246       0.96362166476361866                3 -0.13602635097175797       -9.3803514075936387E-002  -5.4799949574033918E-002  0.92533435262445429       0.83676194601851139       0.79840326321645649        1.3750000000000000       0.48412291827592713     
          19          28   10.000000000000000        5.9999999999999991        9.4421978920165319       0.65818839827280429                3 -0.15666426602167352      -0.13348953888304307       -7.7935093376684056E-002  -7.5204226527967988E-002 -0.16450414936664579      -0.17712156941613943        1.5000000000000000       0.50000000000000000     
          19          29   9.0000000000000000        5.4999999999999991        8.3886262623965617       0.67148595426987057                3 -0.15011567439564433      -0.12247685957565252       -7.9516898188719376E-002  -8.7280333783895311E-002 -0.18736647526722378      -0.20286169261705544        1.3750000000000000       0.48412291827592713     
          19          30   10.000000000000000        5.9999999999999991        9.4421978920165408       0.65818839232617754                3 -0.15666426794302746      -0.13348953309663800       -7.7935089826651288E-002  -7.5204226770271429E-002 -0.16450414367287230      -0.17712156868959572        1.5000000000000000       0.50000000000000000     
          19          31   11.000000000000000        6.9999999999999991        10.360636159057668       0.57291229237522323                3 -0.13808421485548458      -0.11792185334873241       -7.6779730059878953E-002  -6.5928884443982441E-002 -0.14530600149271369      -0.15271015270382390        1.7500000000000000       0.43301270189221930     
          19          32   9.0000000000000000        5.4999999999999991        8.4187752695055984       0.71858210741257866                3 -0.13776570230913041      -0.12457028236057249       -8.5453319511786391E-002  -9.0179617869554696E-002 -0.18445184220138428      -0.18692495726561414        1.3750000000000000       0.48412291827592713     
          19          33   9.0000000000000000        5.4999999999999991        8.4187752695055966       0.71858210431489722                3 -0.13776570154789342      -0.12457027661374381       -8.5453319924850571E-002  -9.0179616032538851E-002 -0.18445184052317679      -0.18692495661160988        1.3750000000000000       0.48412291827592713     
          19          34   6.0000000000000000        3.9999999999999996        5.9150190111349090       0.94859316228585344                3 -0.19742410552254097      -0.11041217978100386      -0.12621726436719435      -0.21145847414674213      -0.31714259587842525      -0.47300883584399012        1.0000000000000000        0.0000000000000000     
          19          35   11.000000000000000        6.9999999999999991        10.360636159057673       0.57291229425143175                3 -0.13808425161490001      -0.11792185894740877       -7.6779722850746496E-002  -6.5928879471274141E-002 -0.14530600586337147      -0.15271017499840553        1.7500000000000000       0.43301270189221930     
          19          36   10.000000000000000        6.4999999999999991        9.5488757580590971       0.60576806560180707                3 -0.23135552800098108       0.13477257687612990       0.11486197618499776      -0.51279898563818338      -0.24052631728627519       0.98663606195043463        1.6250000000000000       0.48412291827592713     
          19          37   8.0000000000000000        5.4999999999999991        7.9128457027169281       0.96362166945454308                3 -0.13602638952885837       -9.3803521718435701E-002  -5.4799953587284948E-002  0.92533437237598370      -0.16323804277980217       0.79840325740421303        1.3750000000000000       0.48412291827592713     
          19          38   11.000000000000000        6.9999999999999991        10.336443686952839       0.67049522940611972                3 -0.13162765686526431      -0.12418542227676210       -8.5531638098135035E-002  -7.3636524497948330E-002 -0.15824514547520188      -0.15157484668707863        1.7500000000000000       0.43301270189221930     
          19          39   9.0000000000000000        5.9999999999999991        8.2393663147126581       0.45200743658511355                3 -0.12875040284355110       -8.7486390598215238E-002  -5.7694522981683524E-002  -7.8890764769151300E-002 -0.16236809005850636      -0.18160087890288837        1.5000000000000000       0.50000000000000000     
          19          40   10.000000000000000        6.4999999999999991        9.3486995115028417       0.70215870975717121                3  -9.6990836621878698E-002 -0.16001823453759284      -0.11538625421101088      -0.45593633933885636       0.33329444171422484      -0.54885645044389397        1.6250000000000000       0.48412291827592713     
          19          41   10.000000000000000        5.9999999999999991        9.4421978920165301       0.65818837996837332                3 -0.15666425277422150      -0.13348952687376164       -7.7935079412067398E-002  -7.5204232251474934E-002 -0.16450411884539282      -0.17712158273034695        1.5000000000000000       0.50000000000000000     
          19          42   10.000000000000000        6.4999999999999991        9.8603654847427702       0.94564815231036314                3 -0.20012084117375623       0.11803134470383060      -0.24944451318385222        8.8779507469235269E-002  0.17592122774566551       0.94739618332296338        1.6250000000000000       0.48412291827592713     
          19          43   10.000000000000000        5.9999999999999991        9.5617757244592259       0.73931586415737849                3 -0.15033356092767444      -0.13388021463575769       -8.7758732554313698E-002  -8.1003787114410128E-002 -0.16964873420813462      -0.16516804466877219        1.5000000000000000       0.50000000000000000     
          19          44   8.0000000000000000        5.4999999999999991        7.9128457027169246       0.96362166952293482                3 -0.13602640093516707       -9.3803514592960519E-002  -5.4799957535420753E-002  0.92533438183332684      -0.16323804225834990      -0.20159673315718929        1.3750000000000000       0.48412291827592713     
          19          45   11.000000000000000        6.4999999999999991        10.528033012013974       0.84916328154626242                3 -0.14808295689651704      -0.14010776569947214       -9.0674332091421575E-002  -7.6738894625746804E-002 -0.15875104197854115      -0.15727670706229563        1.6250000000000000       0.48412291827592713     
          19          46   9.0000000000000000        5.9999999999999991        8.6785660467802899       0.82864682584257676                3 -0.13640335719110175      -0.11351617039638896       -7.6125799118103868E-002  -8.5459791711674005E-002 -0.17809740090189308      -0.17588210019018971        1.5000000000000000       0.50000000000000000     
          19          47   8.0000000000000000        5.4999999999999991        7.6685390443286137       0.80196368358729209                3 -0.13929537777971016      -0.10015568749351769       0.11061084395871269       -9.5839515547301621E-002 -0.22409079407300897       0.78655564698747737        1.3750000000000000       0.48412291827592713     
          19          48   12.000000000000000        7.9999999999999991        11.830038022269811       0.94859313559626968                3 -0.19742414709561393      -0.11041219089763814      -0.12621729140150234       0.89427079855132685       0.84142872970938332      -0.23650441800301858        2.0000000000000000        0.0000000000000000     
          19          49   10.000000000000000        5.9999999999999991        9.8158531563656659       0.93407604845729408                3 -0.19208164132948954       0.12399663062975368      -0.24856276876479971        8.6876551652403766E-002  0.18253984816856511       0.94219196478973999        1.5000000000000000       0.50000000000000000     
          19          50   10.000000000000000        5.9999999999999991        9.4421978920165319       0.65818841704214393                3 -0.15666427217059470      -0.13348953767740601       -7.7935084538532942E-002  -7.5204248632302587E-002 -0.16450414149710918      -0.17712159019750939        1.5000000000000000       0.50000000000000000     
