          12           1   7.0000000000000000        3.9999999999999996        6.7036947530440658       0.83622768209098086                3 -0.15014774695471320      -0.12744559981297204       -9.1076839129936277E-002 -0.12354812187131388      -0.23741337807483898      -0.22101566936852821        1.3333333333333333       0.47140452079103179     
          12           2   8.0000000000000000        4.4999999999999991        7.3909548353345045       0.78653184079552385                3 -0.15539950122410595       0.13787204812916259      -0.22611762228977422      -0.13293280540596883       0.68517490821037597        8.8010502946184163E-002   1.5000000000000000       0.49999999999999956     
          12           3   7.0000000000000000        4.4999999999999991        6.5866707826742372       0.70505441128281376                3 -0.10166263918120393      -0.19033125809542972       0.20902358569269222      -0.47537790244769312      -0.85326758798923685      -0.45841077644378503        1.4999999999999998       0.50000000000000044     
          12           4   5.0000000000000000        2.9999999999999996        4.6442739426392983       0.74047863674461345                3 -0.15894036391264463      -0.11561715283721770       -8.1534388457660242E-002 -0.18339023274539440      -0.33197333664823486      -0.38201134125859260       0.99999999999999989        1.0536712127723509E-008
          12           5   6.0000000000000000        3.9999999999999996        5.9814709744382224       0.99355715374720022                3 -0.16991699836084281       -9.2974079428292666E-002  -3.9687751042171912E-002  0.91347883456192658      -0.20970191146941652       0.72985793712127223        1.3333333333333335       0.47140452079103129     
          12           6   9.0000000000000000        4.9999999999999991        8.4843049340191339       0.80220387023846418                3 -0.16756887786060506      -0.14137479481700804       -9.1135185276790293E-002 -0.10183198436700791      -0.18931886584835364      -0.20693273563327880        1.6666666666666665       0.47140452079103179     
          12           7   8.0000000000000000        4.4999999999999991        7.5581665155403952       0.74071408261014360                3 -0.15169615883701412      -0.14097109883526598       -8.8631184852870165E-002 -0.10468327748459941      -0.20035306306842579      -0.21583330312939672        1.5000000000000000       0.50000000000000000     
          12           8   8.0000000000000000        4.9999999999999991        7.4251695511436298       0.55091624909636217                3  -8.3055482045109888E-002 -0.17740101315505860       0.23540667354479755      -0.18460204351968176       0.43909964056472511       -8.1512717302141588E-002   1.6666666666666665       0.47140452079103223     
          12           9   8.0000000000000000        4.4999999999999991        7.5558618660602974       0.66800120245752093                3 -0.17064658371408920      -0.11455176076108256       -6.8376990342597338E-002 -0.10105900328771660      -0.20433492528016900      -0.23836760597567541        1.5000000000000000       0.50000000000000000     
          12          10   9.0000000000000000        5.4999999999999991        8.4427877116308618       0.57350841220603765                3 -0.16672518644342441       -9.3765578271957181E-002  -6.7719057894529242E-002  -9.2008736630928817E-002 -0.17776704416939054      -0.21987094762610060        1.8333333333333333       0.37267799624996489     
          12          11   6.0000000000000000        3.4999999999999996        5.5422633862033335       0.63782406597648622                3 -0.14966172055463500      -0.10808255279341880       -6.9058670894054638E-002 -0.13478031589587949      -0.27027339366376424      -0.30834252859046574        1.1666666666666665       0.37267799624996550     
          12          12   7.0000000000000000        3.9999999999999996        6.4982342923550274       0.62528719643091013                3 -0.17459796611439307      -0.11730461087302033       -6.9002993189777553E-002 -0.11918637362578996      -0.23900748910968614      -0.28651157568566221        1.3333333333333335       0.47140452079103129     
          12          13   9.0000000000000000        5.4999999999999991        8.4427877116308565       0.57350845313082432                3 -0.16672517875895213       -9.3765588088595073E-002  -6.7719062353136295E-002  -9.2008754208439264E-002 -0.17776704195804852      -0.21987093684768552        1.8333333333333333       0.37267799624996489     
          12          14   6.0000000000000000        3.4999999999999996        5.6142352366707513       0.68355460234903487                3 -0.15659978426709412      -0.11616971355883610       -7.6513688354752668E-002 -0.14610286168036163      -0.26517176272457205      -0.28953799064413099        1.1666666666666665       0.37267799624996550     
          12          15   7.0000000000000000        3.9999999999999996        6.5239709733493250       0.62354874192121834                3 -0.16070791095103185      -0.11267043398957105       -6.5354499789853082E-002 -0.11154941003928820      -0.22087666117568275      -0.27453840893673004        1.3333333333333333       0.47140452079103179     
          12          16   9.0000000000000000        5.4999999999999991        8.4427877116308583       0.57350846005907119                3 -0.16672517993926417       -9.3765590873501295E-002  -6.7719066401335806E-002  -9.2008750300213923E-002 -0.17776704571435592      -0.21987093345878025        1.8333333333333330       0.37267799624996606     
          12          17   9.0000000000000000        5.4999999999999991        8.4427877116308583       0.57350846386588317                3 -0.16672518162360861       -9.3765591432465142E-002  -6.7719066430732916E-002  -9.2008753938619875E-002 -0.17776704562839499      -0.21987093622330742        1.8333333333333333       0.37267799624996489     
          12          18   8.0000000000000000        4.4999999999999991        7.5704181891292741       0.76570968948620477                3 -0.15526030750541800      -0.13421856758141695       -8.3724653137342245E-002 -0.10402986315619590      -0.19893629400145091      -0.20897944145235209        1.4999999999999998       0.50000000000000044     
          12          19   8.0000000000000000        4.4999999999999991        7.5704181891292786       0.76570970245354453                3 -0.15526030634357610      -0.13421856404702159       -8.3724661723934932E-002 -0.10402986888453368      -0.19893629915143488      -0.20897945074280611        1.4999999999999998       0.50000000000000044     
          12          20   9.0000000000000000        5.4999999999999991        8.4669938287800175       0.73700573610628095                3 -0.11981898768735412      -0.13373639829089509      -0.10347532427334646      -0.10269953720525478      -0.18492675748171447      -0.18820270610106701        1.8333333333333333       0.37267799624996489     
          12          21   8.0000000000000000        4.4999999999999991        7.5704181891292830       0.76570970495275814                3 -0.15526032120911060      -0.13421857575738172       -8.3724654068048326E-002 -0.10402987211513612      -0.19893630147775693      -0.20897945929649456        1.4999999999999998       0.50000000000000044     
          12          22   7.0000000000000000        3.9999999999999996        6.5465350222593237       0.72311918533262243                3 -0.14993433390191430      -0.13353346857325757       -9.2531003070907308E-002 -0.11409785236697589      -0.23758344077638949      -0.23755129462188695        1.3333333333333333       0.47140452079103157     
          12          23   7.0000000000000000        3.9999999999999996        6.4982342923550309       0.62528718697089447                3 -0.17459795506729645      -0.11730459955554898       -6.9002988350811742E-002 -0.11918637680912991      -0.23900749977313177      -0.28651158092601370        1.3333333333333335       0.47140452079103129     
          12          24   9.0000000000000000        5.4999999999999991        8.3551126258316550       0.65445012509352629                3  -8.0859084628944630E-002  0.14939715789357891       0.12273233454878829      -0.11834641381804512       0.28652256071238796       0.18641799526385525        1.8333333333333333       0.37267799624996489     
          12          25   9.0000000000000000        5.4999999999999991        8.4427877116308601       0.57350846102305142                3 -0.16672518381592019       -9.3765602756522196E-002  -6.7719047237423502E-002  -9.2008755711638260E-002 -0.17776705382849781      -0.21987093351507581        1.8333333333333333       0.37267799624996489     
          12          26   8.0000000000000000        4.4999999999999991        7.5704181891292857       0.76570969401019073                3 -0.15526031318813119      -0.13421856850809363       -8.3724657622668272E-002 -0.10402986331222010      -0.19893629423917192      -0.20897944943485003        1.4999999999999998       0.50000000000000044     
          12          27   8.0000000000000000        4.9999999999999991        7.3913358259656796       0.53824691345761444                3 -0.14061904343713855       -9.1907367357466005E-002  -6.7573786119439969E-002 -0.10134556670921854      -0.19490071281116134      -0.22092538367328513        1.6666666666666667       0.47140452079103085     
          12          28   9.0000000000000000        5.4999999999999991        8.4427877116308512       0.57350849417730199                3 -0.16672518258206501       -9.3765613273254750E-002  -6.7719070163091352E-002  -9.2008747768375337E-002 -0.17776704568894419      -0.21987090450465874        1.8333333333333330       0.37267799624996606     
          12          29   9.0000000000000000        5.4999999999999991        8.3491874951230205       0.55478697192411008                3 -0.15406718184346777      -0.10639070596775421       -7.0334081072087440E-002  -9.5505304746513128E-002 -0.17931044182795008      -0.20536820141711545        1.8333333333333330       0.37267799624996606     
          12          30   8.0000000000000000        4.4999999999999991        7.5558618660603010       0.66800123976248305                3 -0.17064657655504376      -0.11455177154103806       -6.8377001588396574E-002 -0.10105902871693287      -0.20433494125411247      -0.23836760694010597        1.5000000000000000       0.49999999999999956     
          12          31   8.0000000000000000        4.9999999999999991        7.4251695511436298       0.55091623567559844                3  -8.3055484533123725E-002 -0.17740098756395059       0.23540665480750153      -0.18460204399331773       0.43909963881085712       -8.1512705117077297E-002   1.6666666666666665       0.47140452079103223     
          12          32   6.0000000000000000        3.4999999999999996        5.5422633862033273       0.63782405745349913                3 -0.14966171719649110      -0.10808254794307041       -6.9058667278564065E-002 -0.13478031730041698      -0.27027340097336716      -0.30834254240352360        1.1666666666666665       0.37267799624996550     
          12          33   8.0000000000000000        4.4999999999999991        7.5704181891292679       0.76570969976588166                3 -0.15526030422352347      -0.13421857541434204       -8.3724671225756789E-002 -0.10402985287520418      -0.19893629483976488      -0.20897945933788720        1.4999999999999998       0.50000000000000044     
          12          34   9.0000000000000000        5.4999999999999991        8.4427877116308618       0.57350846903468411                3 -0.16672518280437648       -9.3765595217836492E-002  -6.7719068147607267E-002  -9.2008753036803878E-002 -0.17776704428895512      -0.21987093593147816        1.8333333333333330       0.37267799624996606     
          12          35   8.0000000000000000        4.4999999999999991        7.5704181891292794       0.76570968075808921                3 -0.15526031743295612      -0.13421857424836037       -8.3724654984617786E-002 -0.10402986867516965      -0.19893627111240289      -0.20897942921457316        1.4999999999999998       0.50000000000000044     
          12          36   7.0000000000000000        3.9999999999999996        6.4982342923550327       0.62528718365024250                3 -0.17459796254948204      -0.11730460756945081       -6.9002991481684095E-002 -0.11918636422004714      -0.23900748054599652      -0.28651156537254163        1.3333333333333335       0.47140452079103129     
          12          37   6.0000000000000000        3.9999999999999996        5.9814709744382233       0.99355715315363446                3 -0.16991699483756922       -9.2974080184632532E-002  -3.9687751116334213E-002  0.91347883496003957       0.79029809239433324      -0.27014205231870991        1.3333333333333335       0.47140452079103129     
          12          38   8.0000000000000000        4.9999999999999991        7.4251695511436173       0.55091624346189216                3  -8.3055491411446261E-002 -0.17740100875595510       0.23540666801490240      -0.18460204164895636       0.43909963474958624       -8.1512708366483735E-002   1.6666666666666665       0.47140452079103223     
          12          39   7.0000000000000000        3.9999999999999996        6.5465350222593228       0.72311918241485307                3 -0.14993433041294046      -0.13353347636183430       -9.2531015700353422E-002 -0.11409785460996359      -0.23758343849157376      -0.23755126551034608        1.3333333333333333       0.47140452079103157     
          12          40   8.0000000000000000        4.9999999999999991        7.4251695511436226       0.55091625362739904                3  -8.3055496715528962E-002 -0.17740100475199591       0.23540666534863131      -0.18460204561067764       0.43909964101373861       -8.1512711084404332E-002   1.6666666666666665       0.47140452079103223     
          12          41   7.0000000000000000        4.4999999999999991        6.7407285416019826       0.81470356481537265                3  -7.1021271436754865E-002 -0.15746679128461019       0.22572593759379384      -0.23467398234912920       0.49263806229315599       -9.3242137163770278E-002   1.5000000000000000       0.50000000000000000     
          12          42   8.0000000000000000        4.9999999999999991        7.6743908436745008       0.77832018322588392                3 -0.16889181273278422       -9.8836090022857079E-002  -6.6213024885506330E-002  -9.9516072954424051E-002 -0.18598878375579872      -0.22080082089643419        1.6666666666666667       0.47140452079103085     
          12          43   9.0000000000000000        5.4999999999999991        8.4669938287800299       0.73700572614314974                3 -0.11981898902217285      -0.13373639654234107      -0.10347532482701313      -0.10269952869029927      -0.18492675225873609      -0.18820270299074640        1.8333333333333333       0.37267799624996489     
          12          44   9.0000000000000000        4.9999999999999991        8.5190504323974690       0.83036542878027442                3 -0.17125690259081727      -0.12633017097991522       -8.3898649385224858E-002  -9.9419074655487369E-002 -0.18471680374115787      -0.19673315978309583        1.6666666666666665       0.47140452079103179     
          12          45   7.0000000000000000        4.4999999999999991        6.7407285416019826       0.81470352269415436                3  -7.1021243590201996E-002 -0.15746678953058532       0.22572593563420312      -0.23467397940907858       0.49263804628119201       -9.3242137621918034E-002   1.5000000000000000       0.50000000000000000     
          12          46   8.0000000000000000        4.9999999999999991        7.7271566126809770       0.79652863587484624                3 -0.15897307967159088       -9.9809907863250974E-002  -5.6662166249353274E-002  -9.6885773304339839E-002 -0.19561115533172341      -0.23650863387815366        1.6666666666666665       0.47140452079103179     
          12          47   8.0000000000000000        4.4999999999999991        7.5704181891292741       0.76570969238668218                3 -0.15526031417651345      -0.13421856657347628       -8.3724657521618659E-002 -0.10402986591741661      -0.19893629176491459      -0.20897944324572756        1.4999999999999998       0.50000000000000044     
          12          48   7.0000000000000000        4.4999999999999991        6.7407285416019853       0.81470356799446830                3  -7.1021272904537025E-002 -0.15746679125338447       0.22572593943211877      -0.23467399193920399       0.49263806418507727       -9.3242144797336807E-002   1.5000000000000000       0.50000000000000000     
          12          49   5.0000000000000000        2.9999999999999996        4.6442739426392992       0.74047864139150932                3 -0.15894036447111082      -0.11561715878416014       -8.1534392097911704E-002 -0.18339023077828653      -0.33197333178100275      -0.38201134561125805       0.99999999999999989        1.0536712127723509E-008
          12          50   6.0000000000000000        3.4999999999999996        5.6142352366707504       0.68355461433587039                3 -0.15659979441908706      -0.11616970650736484       -7.6513700832951406E-002 -0.14610284930113607      -0.26517178019280124      -0.28953799706904809        1.1666666666666665       0.37267799624996550     
