          10           1   8.0000000000000000        4.4999999999999991        7.4735558320573512       0.60060652986184182                3 -0.11338246016392656       -8.4378042568061501E-002  0.21306584795781774       0.26545894207413834      -0.53707241779425985       0.43182059329312728        1.8000000000000000       0.40000000000000019     
          10           2   8.0000000000000000        4.4999999999999991        7.6237847871636300       0.81017860297257860                3 -0.16027725745474108      -0.10933595075279759       -7.9942905143338072E-002 -0.11752717584308303      -0.20462243042501743      -0.20200815574207395        1.7999999999999998       0.40000000000000130     
          10           3   7.0000000000000000        3.9999999999999996        6.8004335910088081       0.89976797023858524                3 -0.17059438591696927      -0.12996935741474230       -7.6885934001489617E-002 -0.11936684990083180      -0.21577430119249155      -0.22248080639641313        1.6000000000000001       0.48989794855663493     
          10           4   7.0000000000000000        3.9999999999999996        6.5028335742101779       0.58700434085321751                3  -6.8233179276548928E-002 -0.12957137681177625       0.19510898074699512      -0.22007887827813313       0.53901044013139476      -0.10655855054270126        1.6000000000000001       0.48989794855663582     
          10           5   6.0000000000000000        3.4999999999999996        5.7248164371885046       0.80565392190763330                3 -0.15724772383187963       0.13685775632717351      -0.20021013856756814      -0.12592324381347772      -0.37524563069013306        9.1425682883586420E-002   1.3999999999999999       0.48989794855663604     
          10           6   7.0000000000000000        3.9999999999999996        6.5028335742101762       0.58700431763276462                3  -6.8233194104738576E-002 -0.12957136306656505       0.19510896204368297      -0.22007886006014354       0.53901042872616822      -0.10655852479473749        1.6000000000000001       0.48989794855663582     
          10           7   7.0000000000000000        3.9999999999999996        6.4680320433165885       0.57068690868481731                3 -0.11929884194556260       0.12107406928819017        9.4583056110412247E-002 -0.13094230822963857       0.81160694842060288      -0.28720193086312490        1.6000000000000001       0.48989794855663493     
          10           8   7.0000000000000000        3.9999999999999996        6.8004335910088081       0.89976797586430002                3 -0.17059438108749755      -0.12996936098347989       -7.6885942616496339E-002 -0.11936684501264921      -0.21577429853433924      -0.22248080687840546        1.5999999999999999       0.48989794855663626     
          10           9   6.0000000000000000        3.4999999999999996        5.5204235429296959       0.59403837169471529                3  -9.4728351522237256E-002 -0.13294174912730677       0.20655395930680648      -0.20537062597947778       0.55404427926257871      -0.10881164459612000        1.3999999999999999       0.48989794855663604     
          10          10   6.0000000000000000        3.4999999999999996        5.8134601105843693       0.88760917244569337                3  -9.4957050333054863E-002  0.11566845138608774        9.1707080725088944E-002 -0.20292282387418326       0.40621638688796052       0.25290774609505240        1.4000000000000001       0.48989794855663538     
          10          11   6.0000000000000000        3.4999999999999996        5.8134601105843684       0.88760918816719769                3  -9.4957056223282973E-002  0.11566845302494050        9.1707087223009534E-002 -0.20292282142861834       0.40621638940166838       0.25290774960964368        1.4000000000000001       0.48989794855663538     
          10          12   6.0000000000000000        3.4999999999999996        5.9502992803671964       0.97774577374397786                3 -0.17999121277094227      -0.12871133327633824       -6.4951053051553284E-002  0.88786015315431166       0.76464316812786381       0.74786449310083913        1.4000000000000001       0.48989794855663538     
          10          13   6.0000000000000000        3.4999999999999996        5.9502992803671990       0.97774576972197602                3 -0.17999120974350868      -0.12871132215806444       -6.4951024483118000E-002  0.88786014168464888      -0.23535684562288844       0.74786451985102209        1.4000000000000001       0.48989794855663538     
          10          14   7.0000000000000000        3.9999999999999996        6.8004335910088063       0.89976797393817698                3 -0.17059439681883401      -0.12996937705944805       -7.6885941330584698E-002 -0.11936684498861921      -0.21577429907369738      -0.22248081581743867        1.6000000000000001       0.48989794855663493     
          10          15   8.0000000000000000        4.4999999999999991        7.6237847871636282       0.81017858961800915                3 -0.16027726073031356      -0.10933595160817824       -7.9942904524443817E-002 -0.11752716616053352      -0.20462242817592169      -0.20200815373179573        1.7999999999999998       0.40000000000000130     
          10          16   8.0000000000000000        4.9999999999999991        7.9112946595843043       0.97407087024842876                3  -7.7607453682053004E-002 -0.14034609394350162       0.21140265931460631      -0.19497821060280338       0.45275703239621168       -8.6189251974385983E-002   2.0000000000000000        0.0000000000000000     
          10          17   5.0000000000000000        2.9999999999999996        4.8865884835366487       0.91594795719247313                3 -0.18309652693793854      -0.12939592251826093       -6.7748048616359705E-002 -0.15102708489597519      -0.30550269196589019      -0.34224483794183391        1.2000000000000000       0.40000000000000019     
          10          18   5.0000000000000000        2.9999999999999996        4.7028143401930711       0.74808502947962141                3 -0.14338027516844407       0.14772236118513526      -0.21037789360900791      -0.14136861419324556      -0.41498488999418526       0.11012600037039375        1.2000000000000000       0.39999999999999991     
          10          19   7.0000000000000000        3.9999999999999996        6.5056957673700335       0.61536876189064227                3 -0.15783842564615208       -9.3772708218708256E-002  -5.5859855567625731E-002 -0.12353180181775056      -0.24410548708812971      -0.26935972412846781        1.6000000000000001       0.48989794855663493     
          10          20   6.0000000000000000        3.4999999999999996        5.8820897286645497       0.91393692324573705                3 -0.15803724105030634       0.24774335621719729       -7.1213339796515590E-002  0.25762004697497859       -8.7998920971361597E-002 -0.52953616853844965        1.3999999999999999       0.48989794855663604     
          10          21   6.0000000000000000        3.4999999999999996        5.5204235429296968       0.59403834367522024                3  -9.4728338367213949E-002 -0.13294175901848337       0.20655395543578475      -0.20537060962553874       0.55404425251777278      -0.10881163555526632        1.3999999999999999       0.48989794855663604     
          10          22   8.0000000000000000        4.4999999999999991        7.6237847871636300       0.81017858137693233                3 -0.16027726156841057      -0.10933594615484667       -7.9942900175174442E-002 -0.11752716213484501      -0.20462242945571904      -0.20200816607029848        1.7999999999999998       0.40000000000000130     
          10          23   6.0000000000000000        3.4999999999999996        5.8134601105843702       0.88760920723519554                3  -9.4957062831653019E-002  0.11566844848955971        9.1707090376879727E-002 -0.20292279852154443       0.40621639735491932       0.25290774607617833        1.3999999999999999       0.48989794855663604     
          10          24   7.0000000000000000        3.9999999999999996        6.5028335742101762       0.58700436407271850                3  -6.8233177852700472E-002 -0.12957138377421190       0.19510898751033143      -0.22007888892063138       0.53901044430442535      -0.10655856558245771        1.6000000000000001       0.48989794855663582     
          10          25   7.0000000000000000        3.9999999999999996        6.8004335910088072       0.89976797155786969                3 -0.17059438977260627      -0.12996935802907150       -7.6885937683436906E-002 -0.11936685469872191      -0.21577429912809601      -0.22248080640464618        1.6000000000000001       0.48989794855663493     
          10          26   4.0000000000000000        2.4999999999999996        3.9556473297921539       0.97407086865781944                3  -7.7607451996291821E-002 -0.14034609733085412       0.21140265687574863      -0.38995641046433588       0.90551406221635189      -0.17237850813855979        1.0000000000000000        0.0000000000000000     
          10          27   7.0000000000000000        3.9999999999999996        6.5028335742101779       0.58700433700144128                3  -6.8233178207817533E-002 -0.12957137500533270       0.19510897796696142      -0.22007887722628394       0.53901044098364959      -0.10655855101536045        1.6000000000000001       0.48989794855663493     
          10          28   6.0000000000000000        3.4999999999999996        5.5204235429296959       0.59403840634103688                3  -9.4728356045456957E-002 -0.13294176421700876       0.20655397372580561      -0.20537062907172268       0.55404428937352157      -0.10881166461877813        1.3999999999999999       0.48989794855663604     
          10          29   7.0000000000000000        3.9999999999999996        6.4680320433165877       0.57068690963449442                3 -0.11929884221021197       0.12107406610343002        9.4583055517584613E-002 -0.13094230980979382       0.81160695108463621      -0.28720193433765689        1.6000000000000001       0.48989794855663493     
          10          30   5.0000000000000000        2.9999999999999996        4.8768818420627840       0.90976559626170439                3 -0.15141497931106288       -9.4204893457822916E-002  -4.9655652361724603E-002 -0.15021710251700190      -0.34528950261626767      -0.37433740634574442        1.2000000000000000       0.39999999999999991     
          10          31   6.0000000000000000        3.4999999999999996        5.8134601105843702       0.88760921701774109                3  -9.4957068567341305E-002  0.11566845612803679        9.1707095339540884E-002 -0.20292281628692715       0.40621640454800356       0.25290774655188292        1.3999999999999999       0.48989794855663604     
          10          32   4.0000000000000000        2.4999999999999996        3.9556473297921535       0.97407086809771370                3  -7.7607449640365631E-002 -0.14034610129750555       0.21140265985399237      -0.38995640965430195       0.90551405104790827      -0.17237850488234213        1.0000000000000000        0.0000000000000000     
          10          33   7.0000000000000000        4.4999999999999991        6.7739879537480014       0.81483353208135390                3 -0.14606656253536249       -9.3079094202664511E-002  -5.5544362148079618E-002 -0.10000011412934946      -0.19364095672543211      -0.20473912559304364        1.7999999999999998       0.40000000000000130     
          10          34   6.0000000000000000        3.4999999999999996        5.5204235429296951       0.59403840176487288                3  -9.4728356228985566E-002 -0.13294176092801230       0.20655397052521818      -0.20537062772350753       0.55404428838315556      -0.10881166280200226        1.3999999999999999       0.48989794855663604     
          10          35   6.0000000000000000        3.4999999999999996        5.6008702083520294       0.67625362157233349                3 -0.14194021885780045       -8.8014858732657825E-002  -6.9736153209759011E-002 -0.13625920062330013      -0.27701635737065139      -0.25617215672907950        1.3999999999999999       0.48989794855663604     
          10          36   8.0000000000000000        4.4999999999999991        7.4735558320573503       0.60060652657352320                3 -0.11338245473770500       -8.4378035991844749E-002  0.21306585912932952       0.26545892411286548      -0.53707242604197536       0.43182060335271205        1.7999999999999998       0.40000000000000130     
          10          37   7.0000000000000000        3.9999999999999996        6.5028335742101779       0.58700434173199723                3  -6.8233167884916873E-002 -0.12957137813854089       0.19510899141826565      -0.22007888433961387       0.53901043426795048      -0.10655856246940094        1.6000000000000001       0.48989794855663493     
          10          38   7.0000000000000000        3.9999999999999996        6.5028335742101770       0.58700435111540061                3  -6.8233178125101393E-002 -0.12957138251296810       0.19510898276523334      -0.22007888137610182       0.53901045303266826      -0.10655855778453556        1.6000000000000001       0.48989794855663493     
          10          39   7.0000000000000000        3.9999999999999996        6.4680320433165921       0.57068689315693621                3 -0.11929885059498045       0.12107407303817641        9.4583060959801554E-002 -0.13094229851143097       0.81160696271973076      -0.28720191222389990        1.6000000000000001       0.48989794855663493     
          10          40   6.0000000000000000        3.4999999999999996        5.5204235429296933       0.59403839887001308                3  -9.4728351257706386E-002 -0.13294175604653796       0.20655396604762777      -0.20537063315258347       0.55404430073937905      -0.10881166900018399        1.3999999999999999       0.48989794855663604     
          10          41   6.0000000000000000        3.4999999999999996        5.6008702083520330       0.67625361338191092                3 -0.14194021078484981       -8.8014859375058638E-002  -6.9736146264820553E-002 -0.13625920550578546      -0.27701636940113034      -0.25617216437015261        1.3999999999999999       0.48989794855663604     
          10          42   6.0000000000000000        3.4999999999999996        5.8134601105843684       0.88760918996426552                3  -9.4957056770989631E-002  0.11566845313776286        9.1707088377741997E-002 -0.20292282399683917       0.40621639254834924       0.25290775059788834        1.4000000000000001       0.48989794855663538     
          10          43   7.0000000000000000        3.9999999999999996        6.4680320433165877       0.57068690652847931                3 -0.11929884236916169       0.12107406170592276        9.4583053863119243E-002 -0.13094231108845791       0.81160695003408434      -0.28720193138819766        1.6000000000000001       0.48989794855663493     
          10          44   7.0000000000000000        4.4999999999999991        6.7739879537480032       0.81483355533828128                3 -0.14606654493492069       -9.3079064984832774E-002  -5.5544350933501650E-002 -0.10000014329997135      -0.19364099818419561      -0.20473914477614091        1.7999999999999998       0.40000000000000130     
          10          45   7.0000000000000000        3.9999999999999996        6.4680320433165939       0.57068690078843876                3 -0.11929885615273816       0.12107405995214331        9.4583047535105366E-002 -0.13094230330872350       0.81160695299043972      -0.28720193221364826        1.6000000000000001       0.48989794855663493     
          10          46   6.0000000000000000        3.4999999999999996        5.8134601105843702       0.88760919053503529                3  -9.4957058876757136E-002  0.11566845280041521        9.1707087299969653E-002 -0.20292282484672342       0.40621639337393178       0.25290775073099420        1.3999999999999999       0.48989794855663604     
          10          47   6.0000000000000000        3.4999999999999996        5.9502992803671964       0.97774577287773323                3 -0.17999120187690962      -0.12871133688931091       -6.4951061776888142E-002 -0.11213984451816918      -0.23535682508705510      -0.25213549412700542        1.4000000000000001       0.48989794855663538     
          10          48   6.0000000000000000        3.4999999999999996        5.8820897286645488       0.91393692434251483                3 -0.15803725354536061       0.24774336306455033       -7.1213341433112198E-002  0.25762005403194554       -8.7998914226668098E-002 -0.52953617070413783        1.3999999999999999       0.48989794855663604     
          10          49   7.0000000000000000        3.9999999999999996        6.7189781021412518       0.83749034159641911                3 -0.14766190429631740       -8.2091321777953419E-002  -9.1341936379297661E-002 -0.14147175278264534      -0.22714349937731934      -0.22688578343458243        1.6000000000000001       0.48989794855663493     
          10          50   5.0000000000000000        2.9999999999999996        4.8768818420627849       0.90976559678358759                3 -0.15141497390386904       -9.4204890436602226E-002  -4.9655650793784555E-002 -0.15021710497659477      -0.34528951227730520      -0.37433739702591745        1.2000000000000000       0.39999999999999991     
