           1   2.0000000000000000        2.0000000000000000        1.0000000000000000        1.0000000000000000        1.0000000000000000        1.0000000000000000        1.0000000000000000        1.0000000000000000        2.0000000000000000        2.0000000000000000     
           1   2.0000000000000000        2.0000000000000000        2.0000000000000000        2.0000000000000000        2.0000000000000000        1.0000000000000000        2.0000000000000000        2.0000000000000000        2.0000000000000000        1.0000000000000000     
           1   2.0000000000000000        2.0000000000000000        2.0000000000000000        2.0000000000000000        1.0000000000000000        1.0000000000000000        1.0000000000000000        1.0000000000000000        1.0000000000000000        1.0000000000000000     
           1   2.0000000000000000        2.0000000000000000        2.0000000000000000        2.0000000000000000        2.0000000000000000        1.0000000000000000        2.0000000000000000        1.0000000000000000        1.0000000000000000        1.0000000000000000     
           1   1.0000000000000000        1.0000000000000000        1.0000000000000000        2.0000000000000000        1.0000000000000000        1.0000000000000000        1.0000000000000000        2.0000000000000000        1.0000000000000000        2.0000000000000000     
           1   1.0000000000000000        2.0000000000000000        1.0000000000000000        1.0000000000000000        1.0000000000000000        2.0000000000000000        1.0000000000000000        2.0000000000000000        2.0000000000000000        1.0000000000000000     
           1   2.0000000000000000        1.0000000000000000        2.0000000000000000        2.0000000000000000        1.0000000000000000        2.0000000000000000        1.0000000000000000        1.0000000000000000        1.0000000000000000        1.0000000000000000     
           1   2.0000000000000000        2.0000000000000000        2.0000000000000000        2.0000000000000000        1.0000000000000000        1.0000000000000000        1.0000000000000000        1.0000000000000000        2.0000000000000000        2.0000000000000000     
           1   2.0000000000000000        1.0000000000000000        1.0000000000000000        2.0000000000000000        1.0000000000000000        1.0000000000000000        1.0000000000000000        1.0000000000000000        1.0000000000000000        1.0000000000000000     
           1   1.0000000000000000        2.0000000000000000        2.0000000000000000        1.0000000000000000        1.0000000000000000        2.0000000000000000        2.0000000000000000        2.0000000000000000        2.0000000000000000        2.0000000000000000     
           1   1.0000000000000000        2.0000000000000000        2.0000000000000000        1.0000000000000000        1.0000000000000000        2.0000000000000000        2.0000000000000000        1.0000000000000000        1.0000000000000000        2.0000000000000000     
           1   1.0000000000000000        2.0000000000000000        1.0000000000000000        2.0000000000000000        2.0000000000000000        2.0000000000000000        2.0000000000000000        2.0000000000000000        1.0000000000000000        1.0000000000000000     
           1   1.0000000000000000        2.0000000000000000        1.0000000000000000        2.0000000000000000        1.0000000000000000        2.0000000000000000        2.0000000000000000        1.0000000000000000        1.0000000000000000        1.0000000000000000     
           1   1.0000000000000000        1.0000000000000000        1.0000000000000000        2.0000000000000000        1.0000000000000000        2.0000000000000000        2.0000000000000000        1.0000000000000000        1.0000000000000000        2.0000000000000000     
           1   1.0000000000000000        2.0000000000000000        2.0000000000000000        2.0000000000000000        2.0000000000000000        2.0000000000000000        1.0000000000000000        1.0000000000000000        1.0000000000000000        2.0000000000000000     
           1   1.0000000000000000        1.0000000000000000        2.0000000000000000        2.0000000000000000        1.0000000000000000        2.0000000000000000        1.0000000000000000        2.0000000000000000        1.0000000000000000        1.0000000000000000     
           1   2.0000000000000000        1.0000000000000000        2.0000000000000000        2.0000000000000000        2.0000000000000000        2.0000000000000000        2.0000000000000000        2.0000000000000000        2.0000000000000000        2.0000000000000000     
           1   1.0000000000000000        1.0000000000000000        1.0000000000000000        2.0000000000000000        2.0000000000000000        1.0000000000000000        1.0000000000000000        1.0000000000000000        2.0000000000000000        1.0000000000000000     
           1   1.0000000000000000        1.0000000000000000        1.0000000000000000        2.0000000000000000        1.0000000000000000        1.0000000000000000        2.0000000000000000        1.0000000000000000        1.0000000000000000        2.0000000000000000     
           1   2.0000000000000000        1.0000000000000000        2.0000000000000000        2.0000000000000000        1.0000000000000000        1.0000000000000000        1.0000000000000000        1.0000000000000000        1.0000000000000000        2.0000000000000000     
           1   2.0000000000000000        2.0000000000000000        1.0000000000000000        2.0000000000000000        1.0000000000000000        1.0000000000000000        2.0000000000000000        2.0000000000000000        1.0000000000000000        2.0000000000000000     
           1   2.0000000000000000        2.0000000000000000        2.0000000000000000        1.0000000000000000        1.0000000000000000        2.0000000000000000        1.0000000000000000        1.0000000000000000        2.0000000000000000        2.0000000000000000     
           1   1.0000000000000000        2.0000000000000000        2.0000000000000000        1.0000000000000000        2.0000000000000000        1.0000000000000000        1.0000000000000000        1.0000000000000000        1.0000000000000000        1.0000000000000000     
           1   1.0000000000000000        2.0000000000000000        1.0000000000000000        2.0000000000000000        2.0000000000000000        1.0000000000000000        1.0000000000000000        2.0000000000000000        2.0000000000000000        2.0000000000000000     
           1   2.0000000000000000        1.0000000000000000        2.0000000000000000        1.0000000000000000        1.0000000000000000        2.0000000000000000        1.0000000000000000        2.0000000000000000        2.0000000000000000        2.0000000000000000     
           1   1.0000000000000000        2.0000000000000000        2.0000000000000000        1.0000000000000000        1.0000000000000000        2.0000000000000000        2.0000000000000000        2.0000000000000000        2.0000000000000000        1.0000000000000000     
           1   2.0000000000000000        1.0000000000000000        1.0000000000000000        2.0000000000000000        1.0000000000000000        2.0000000000000000        2.0000000000000000        1.0000000000000000        2.0000000000000000        1.0000000000000000     
           1   1.0000000000000000        2.0000000000000000        1.0000000000000000        2.0000000000000000        2.0000000000000000        2.0000000000000000        2.0000000000000000        2.0000000000000000        1.0000000000000000        2.0000000000000000     
           1   1.0000000000000000        1.0000000000000000        2.0000000000000000        1.0000000000000000        1.0000000000000000        1.0000000000000000        2.0000000000000000        2.0000000000000000        1.0000000000000000        2.0000000000000000     
           1   2.0000000000000000        2.0000000000000000        2.0000000000000000        2.0000000000000000        1.0000000000000000        2.0000000000000000        1.0000000000000000        1.0000000000000000        2.0000000000000000        2.0000000000000000     
           1   2.0000000000000000        1.0000000000000000        2.0000000000000000        2.0000000000000000        1.0000000000000000        2.0000000000000000        2.0000000000000000        1.0000000000000000        1.0000000000000000        2.0000000000000000     
           1   1.0000000000000000        1.0000000000000000        2.0000000000000000        1.0000000000000000        2.0000000000000000        2.0000000000000000        1.0000000000000000        1.0000000000000000        2.0000000000000000        1.0000000000000000     
           1   1.0000000000000000        1.0000000000000000        2.0000000000000000        2.0000000000000000        1.0000000000000000        2.0000000000000000        2.0000000000000000        2.0000000000000000        2.0000000000000000        1.0000000000000000     
           1   2.0000000000000000        1.0000000000000000        2.0000000000000000        2.0000000000000000        2.0000000000000000        1.0000000000000000        2.0000000000000000        2.0000000000000000        1.0000000000000000        2.0000000000000000     
           1   2.0000000000000000        1.0000000000000000        2.0000000000000000        2.0000000000000000        1.0000000000000000        2.0000000000000000        1.0000000000000000        2.0000000000000000        2.0000000000000000        2.0000000000000000     
           1   1.0000000000000000        1.0000000000000000        1.0000000000000000        2.0000000000000000        2.0000000000000000        1.0000000000000000        2.0000000000000000        1.0000000000000000        2.0000000000000000        2.0000000000000000     
           1   1.0000000000000000        2.0000000000000000        2.0000000000000000        1.0000000000000000        2.0000000000000000        2.0000000000000000        1.0000000000000000        2.0000000000000000        1.0000000000000000        2.0000000000000000     
           1   1.0000000000000000        2.0000000000000000        2.0000000000000000        2.0000000000000000        2.0000000000000000        1.0000000000000000        2.0000000000000000        2.0000000000000000        1.0000000000000000        2.0000000000000000     
           1   1.0000000000000000        2.0000000000000000        1.0000000000000000        2.0000000000000000        1.0000000000000000        1.0000000000000000        1.0000000000000000        1.0000000000000000        2.0000000000000000        1.0000000000000000     
           1   1.0000000000000000        1.0000000000000000        1.0000000000000000        1.0000000000000000        1.0000000000000000        2.0000000000000000        1.0000000000000000        1.0000000000000000        2.0000000000000000        2.0000000000000000     
           1   1.0000000000000000        2.0000000000000000        1.0000000000000000        2.0000000000000000        1.0000000000000000        1.0000000000000000        2.0000000000000000        1.0000000000000000        1.0000000000000000        1.0000000000000000     
           1   1.0000000000000000        2.0000000000000000        2.0000000000000000        2.0000000000000000        1.0000000000000000        1.0000000000000000        1.0000000000000000        1.0000000000000000        2.0000000000000000        1.0000000000000000     
           1   1.0000000000000000        1.0000000000000000        2.0000000000000000        2.0000000000000000        2.0000000000000000        2.0000000000000000        1.0000000000000000        1.0000000000000000        1.0000000000000000        1.0000000000000000     
           1   1.0000000000000000        1.0000000000000000        1.0000000000000000        1.0000000000000000        2.0000000000000000        2.0000000000000000        1.0000000000000000        1.0000000000000000        2.0000000000000000        1.0000000000000000     
           1   2.0000000000000000        2.0000000000000000        1.0000000000000000        1.0000000000000000        1.0000000000000000        2.0000000000000000        1.0000000000000000        1.0000000000000000        2.0000000000000000        2.0000000000000000     
           1   2.0000000000000000        2.0000000000000000        1.0000000000000000        1.0000000000000000        1.0000000000000000        2.0000000000000000        1.0000000000000000        1.0000000000000000        2.0000000000000000        1.0000000000000000     
           1   2.0000000000000000        1.0000000000000000        1.0000000000000000        1.0000000000000000        2.0000000000000000        2.0000000000000000        1.0000000000000000        1.0000000000000000        2.0000000000000000        1.0000000000000000     
           1   1.0000000000000000        2.0000000000000000        2.0000000000000000        2.0000000000000000        1.0000000000000000        2.0000000000000000        2.0000000000000000        2.0000000000000000        1.0000000000000000        2.0000000000000000     
           1   2.0000000000000000        1.0000000000000000        2.0000000000000000        1.0000000000000000        1.0000000000000000        1.0000000000000000        1.0000000000000000        2.0000000000000000        1.0000000000000000        1.0000000000000000     
           1   2.0000000000000000        1.0000000000000000        2.0000000000000000        2.0000000000000000        1.0000000000000000        2.0000000000000000        1.0000000000000000        1.0000000000000000        1.0000000000000000        1.0000000000000000     
