          18   2.0000000000000000        1.0000000000000000        2.0000000000000000        1.0000000000000000        1.0000000000000000        1.0000000000000000        1.0000000000000000        2.0000000000000000        1.0000000000000000        2.0000000000000000     
          18   1.0000000000000000        1.0000000000000000        1.0000000000000000        2.0000000000000000        1.0000000000000000        2.0000000000000000        2.0000000000000000        1.0000000000000000        1.0000000000000000        1.0000000000000000     
          18   2.0000000000000000        1.0000000000000000        1.0000000000000000        2.0000000000000000        1.0000000000000000        1.0000000000000000        1.0000000000000000        2.0000000000000000        2.0000000000000000        2.0000000000000000     
          18   2.0000000000000000        1.0000000000000000        2.0000000000000000        2.0000000000000000        2.0000000000000000        1.0000000000000000        2.0000000000000000        1.0000000000000000        1.0000000000000000        2.0000000000000000     
          18   2.0000000000000000        1.0000000000000000        1.0000000000000000        2.0000000000000000        1.0000000000000000        2.0000000000000000        2.0000000000000000        2.0000000000000000        2.0000000000000000        1.0000000000000000     
          18   1.0000000000000000        1.0000000000000000        1.0000000000000000        1.0000000000000000        2.0000000000000000        1.0000000000000000        1.0000000000000000        1.0000000000000000        1.0000000000000000        1.0000000000000000     
          18   1.0000000000000000        1.0000000000000000        1.0000000000000000        1.0000000000000000        2.0000000000000000        1.0000000000000000        2.0000000000000000        2.0000000000000000        2.0000000000000000        2.0000000000000000     
          18   1.0000000000000000        2.0000000000000000        2.0000000000000000        1.0000000000000000        1.0000000000000000        1.0000000000000000        1.0000000000000000        1.0000000000000000        2.0000000000000000        2.0000000000000000     
          18   1.0000000000000000        1.0000000000000000        1.0000000000000000        1.0000000000000000        2.0000000000000000        2.0000000000000000        2.0000000000000000        1.0000000000000000        1.0000000000000000        1.0000000000000000     
          18   1.0000000000000000        2.0000000000000000        2.0000000000000000        2.0000000000000000        2.0000000000000000        2.0000000000000000        1.0000000000000000        2.0000000000000000        1.0000000000000000        2.0000000000000000     
          18   1.0000000000000000        2.0000000000000000        2.0000000000000000        1.0000000000000000        2.0000000000000000        2.0000000000000000        2.0000000000000000        1.0000000000000000        2.0000000000000000        2.0000000000000000     
          18   1.0000000000000000        2.0000000000000000        1.0000000000000000        1.0000000000000000        2.0000000000000000        2.0000000000000000        2.0000000000000000        1.0000000000000000        2.0000000000000000        1.0000000000000000     
          18   2.0000000000000000        2.0000000000000000        2.0000000000000000        2.0000000000000000        1.0000000000000000        2.0000000000000000        1.0000000000000000        1.0000000000000000        2.0000000000000000        2.0000000000000000     
          18   2.0000000000000000        2.0000000000000000        1.0000000000000000        2.0000000000000000        1.0000000000000000        1.0000000000000000        2.0000000000000000        2.0000000000000000        1.0000000000000000        1.0000000000000000     
          18   1.0000000000000000        1.0000000000000000        1.0000000000000000        1.0000000000000000        2.0000000000000000        1.0000000000000000        1.0000000000000000        1.0000000000000000        2.0000000000000000        2.0000000000000000     
          18   1.0000000000000000        1.0000000000000000        1.0000000000000000        1.0000000000000000        1.0000000000000000        2.0000000000000000        2.0000000000000000        2.0000000000000000        2.0000000000000000        2.0000000000000000     
          18   1.0000000000000000        1.0000000000000000        1.0000000000000000        1.0000000000000000        1.0000000000000000        1.0000000000000000        2.0000000000000000        2.0000000000000000        2.0000000000000000        1.0000000000000000     
          18   1.0000000000000000        1.0000000000000000        2.0000000000000000        2.0000000000000000        1.0000000000000000        1.0000000000000000        2.0000000000000000        2.0000000000000000        2.0000000000000000        1.0000000000000000     
          18   2.0000000000000000        1.0000000000000000        1.0000000000000000        1.0000000000000000        1.0000000000000000        1.0000000000000000        2.0000000000000000        1.0000000000000000        2.0000000000000000        2.0000000000000000     
          18   1.0000000000000000        1.0000000000000000        2.0000000000000000        1.0000000000000000        1.0000000000000000        1.0000000000000000        1.0000000000000000        2.0000000000000000        2.0000000000000000        2.0000000000000000     
          18   1.0000000000000000        1.0000000000000000        2.0000000000000000        1.0000000000000000        1.0000000000000000        1.0000000000000000        2.0000000000000000        1.0000000000000000        1.0000000000000000        1.0000000000000000     
          18   2.0000000000000000        1.0000000000000000        1.0000000000000000        1.0000000000000000        2.0000000000000000        1.0000000000000000        1.0000000000000000        2.0000000000000000        2.0000000000000000        2.0000000000000000     
          18   1.0000000000000000        1.0000000000000000        1.0000000000000000        2.0000000000000000        1.0000000000000000        2.0000000000000000        2.0000000000000000        1.0000000000000000        1.0000000000000000        1.0000000000000000     
          18   2.0000000000000000        2.0000000000000000        1.0000000000000000        1.0000000000000000        1.0000000000000000        2.0000000000000000        2.0000000000000000        1.0000000000000000        1.0000000000000000        2.0000000000000000     
          18   1.0000000000000000        1.0000000000000000        1.0000000000000000        1.0000000000000000        2.0000000000000000        1.0000000000000000        1.0000000000000000        2.0000000000000000        1.0000000000000000        2.0000000000000000     
          18   1.0000000000000000        2.0000000000000000        2.0000000000000000        2.0000000000000000        2.0000000000000000        2.0000000000000000        1.0000000000000000        1.0000000000000000        2.0000000000000000        2.0000000000000000     
          18   1.0000000000000000        2.0000000000000000        2.0000000000000000        1.0000000000000000        2.0000000000000000        2.0000000000000000        1.0000000000000000        1.0000000000000000        1.0000000000000000        1.0000000000000000     
          18   1.0000000000000000        1.0000000000000000        2.0000000000000000        2.0000000000000000        2.0000000000000000        1.0000000000000000        2.0000000000000000        2.0000000000000000        2.0000000000000000        2.0000000000000000     
          18   1.0000000000000000        1.0000000000000000        2.0000000000000000        1.0000000000000000        2.0000000000000000        1.0000000000000000        1.0000000000000000        2.0000000000000000        1.0000000000000000        1.0000000000000000     
          18   2.0000000000000000        1.0000000000000000        1.0000000000000000        2.0000000000000000        2.0000000000000000        2.0000000000000000        2.0000000000000000        1.0000000000000000        1.0000000000000000        1.0000000000000000     
          18   2.0000000000000000        1.0000000000000000        1.0000000000000000        2.0000000000000000        2.0000000000000000        1.0000000000000000        1.0000000000000000        2.0000000000000000        1.0000000000000000        1.0000000000000000     
          18   1.0000000000000000        1.0000000000000000        2.0000000000000000        1.0000000000000000        2.0000000000000000        2.0000000000000000        2.0000000000000000        2.0000000000000000        2.0000000000000000        2.0000000000000000     
          18   2.0000000000000000        2.0000000000000000        2.0000000000000000        2.0000000000000000        1.0000000000000000        2.0000000000000000        1.0000000000000000        1.0000000000000000        1.0000000000000000        2.0000000000000000     
          18   1.0000000000000000        1.0000000000000000        2.0000000000000000        2.0000000000000000        2.0000000000000000        1.0000000000000000        2.0000000000000000        2.0000000000000000        1.0000000000000000        2.0000000000000000     
          18   1.0000000000000000        1.0000000000000000        2.0000000000000000        2.0000000000000000        2.0000000000000000        1.0000000000000000        1.0000000000000000        2.0000000000000000        2.0000000000000000        2.0000000000000000     
          18   1.0000000000000000        1.0000000000000000        2.0000000000000000        1.0000000000000000        2.0000000000000000        2.0000000000000000        2.0000000000000000        2.0000000000000000        2.0000000000000000        1.0000000000000000     
          18   1.0000000000000000        1.0000000000000000        1.0000000000000000        1.0000000000000000        2.0000000000000000        2.0000000000000000        2.0000000000000000        1.0000000000000000        1.0000000000000000        2.0000000000000000     
          18   2.0000000000000000        1.0000000000000000        1.0000000000000000        1.0000000000000000        2.0000000000000000        1.0000000000000000        2.0000000000000000        1.0000000000000000        1.0000000000000000        1.0000000000000000     
          18   2.0000000000000000        2.0000000000000000        1.0000000000000000        2.0000000000000000        2.0000000000000000        2.0000000000000000        1.0000000000000000        2.0000000000000000        1.0000000000000000        1.0000000000000000     
          18   1.0000000000000000        1.0000000000000000        1.0000000000000000        1.0000000000000000        2.0000000000000000        1.0000000000000000        1.0000000000000000        1.0000000000000000        2.0000000000000000        2.0000000000000000     
          18   2.0000000000000000        2.0000000000000000        1.0000000000000000        1.0000000000000000        2.0000000000000000        2.0000000000000000        2.0000000000000000        1.0000000000000000        2.0000000000000000        2.0000000000000000     
          18   2.0000000000000000        2.0000000000000000        1.0000000000000000        1.0000000000000000        2.0000000000000000        2.0000000000000000        2.0000000000000000        2.0000000000000000        2.0000000000000000        1.0000000000000000     
          18   1.0000000000000000        1.0000000000000000        1.0000000000000000        1.0000000000000000        2.0000000000000000        1.0000000000000000        2.0000000000000000        2.0000000000000000        2.0000000000000000        2.0000000000000000     
          18   1.0000000000000000        1.0000000000000000        1.0000000000000000        1.0000000000000000        1.0000000000000000        2.0000000000000000        2.0000000000000000        1.0000000000000000        1.0000000000000000        1.0000000000000000     
          18   1.0000000000000000        1.0000000000000000        1.0000000000000000        1.0000000000000000        1.0000000000000000        1.0000000000000000        2.0000000000000000        1.0000000000000000        1.0000000000000000        2.0000000000000000     
          18   2.0000000000000000        1.0000000000000000        1.0000000000000000        1.0000000000000000        2.0000000000000000        1.0000000000000000        2.0000000000000000        1.0000000000000000        2.0000000000000000        2.0000000000000000     
          18   2.0000000000000000        2.0000000000000000        1.0000000000000000        1.0000000000000000        2.0000000000000000        1.0000000000000000        1.0000000000000000        2.0000000000000000        2.0000000000000000        1.0000000000000000     
          18   2.0000000000000000        1.0000000000000000        1.0000000000000000        2.0000000000000000        2.0000000000000000        2.0000000000000000        2.0000000000000000        2.0000000000000000        2.0000000000000000        2.0000000000000000     
          18   2.0000000000000000        1.0000000000000000        1.0000000000000000        2.0000000000000000        1.0000000000000000        2.0000000000000000        2.0000000000000000        1.0000000000000000        2.0000000000000000        1.0000000000000000     
          18   1.0000000000000000        2.0000000000000000        2.0000000000000000        2.0000000000000000        2.0000000000000000        2.0000000000000000        1.0000000000000000        1.0000000000000000        2.0000000000000000        1.0000000000000000     
