
Graph 1, order 7.
000001
00001
0001
001
01
1

Graph 2, order 7.
000011
00001
0001
001
01
0

Graph 3, order 7.
000011
00001
0001
001
01
1

Graph 4, order 7.
000010
00010
0001
001
01
1

Graph 5, order 7.
000011
00010
0001
001
01
0

Graph 6, order 7.
000011
00010
0001
001
01
1

Graph 7, order 7.
000011
00011
0001
001
01
0

Graph 8, order 7.
000011
00011
0001
001
01
1

Graph 9, order 7.
000011
00010
0010
001
01
0

Graph 10, order 7.
000011
00010
0010
001
01
1

Graph 11, order 7.
000011
00011
0010
001
01
0

Graph 12, order 7.
000011
00011
0010
001
01
1

Graph 13, order 7.
000011
00011
0011
001
01
0

Graph 14, order 7.
000011
00011
0011
001
01
1

Graph 15, order 7.
000011
00011
0011
010
01
0

Graph 16, order 7.
000011
00011
0011
010
01
1

Graph 17, order 7.
000011
00011
0011
011
01
0

Graph 18, order 7.
000011
00011
0011
011
01
1

Graph 19, order 7.
000011
00011
0011
011
11
0

Graph 20, order 7.
000011
00011
0011
011
11
1

Graph 21, order 7.
000101
00011
0001
001
00
0

Graph 22, order 7.
000101
00011
0001
001
01
0

Graph 23, order 7.
000101
00011
0001
001
01
1

Graph 24, order 7.
000101
00010
0010
001
00
1

Graph 25, order 7.
000101
00010
0010
001
01
1

Graph 26, order 7.
000101
00011
0010
001
00
0

Graph 27, order 7.
000101
00011
0010
001
00
1

Graph 28, order 7.
000101
00011
0010
001
01
0

Graph 29, order 7.
000101
00011
0010
001
01
1

Graph 30, order 7.
000101
00011
0011
001
00
0

Graph 31, order 7.
000101
00011
0011
001
00
1

Graph 32, order 7.
000101
00011
0011
001
01
0

Graph 33, order 7.
000101
00011
0011
001
01
1

Graph 34, order 7.
000101
00011
0010
010
01
0

Graph 35, order 7.
000101
00011
0010
010
01
1

Graph 36, order 7.
000101
00011
0011
010
00
0

Graph 37, order 7.
000101
00011
0011
010
00
1

Graph 38, order 7.
000101
00011
0011
010
01
0

Graph 39, order 7.
000101
00011
0011
010
01
1

Graph 40, order 7.
000101
00011
0011
011
00
0

Graph 41, order 7.
000101
00011
0011
011
00
1

Graph 42, order 7.
000101
00011
0011
011
01
0

Graph 43, order 7.
000101
00011
0011
011
01
1

Graph 44, order 7.
000111
00001
0001
001
10
0

Graph 45, order 7.
000111
00001
0001
001
11
0

Graph 46, order 7.
000111
00001
0001
001
11
1

Graph 47, order 7.
000110
00011
0001
001
00
0

Graph 48, order 7.
000110
00011
0001
001
01
0

Graph 49, order 7.
000111
00010
0001
001
00
1

Graph 50, order 7.
000111
00010
0001
001
01
0

Graph 51, order 7.
000111
00011
0001
001
00
0

Graph 52, order 7.
000111
00011
0001
001
00
1

Graph 53, order 7.
000111
00011
0001
001
01
0

Graph 54, order 7.
000111
00011
0001
001
01
1

Graph 55, order 7.
000111
00010
0001
001
11
0

Graph 56, order 7.
000111
00010
0001
001
11
1

Graph 57, order 7.
000111
00011
0001
001
10
0

Graph 58, order 7.
000111
00011
0001
001
10
1

Graph 59, order 7.
000111
00011
0001
001
11
0

Graph 60, order 7.
000111
00011
0001
001
11
1

Graph 61, order 7.
000110
00011
0010
001
01
0

Graph 62, order 7.
000110
00011
0010
001
01
1

Graph 63, order 7.
000110
00011
0011
001
01
0

Graph 64, order 7.
000110
00011
0011
001
01
1

Graph 65, order 7.
000111
00010
0010
001
01
1

Graph 66, order 7.
000111
00011
0010
001
00
1

Graph 67, order 7.
000111
00011
0010
001
01
0

Graph 68, order 7.
000111
00011
0010
001
01
1

Graph 69, order 7.
000111
00011
0011
001
00
0

Graph 70, order 7.
000111
00011
0011
001
00
1

Graph 71, order 7.
000111
00011
0011
001
01
0

Graph 72, order 7.
000111
00011
0011
001
01
1

Graph 73, order 7.
000111
00011
0010
001
11
0

Graph 74, order 7.
000111
00011
0010
001
11
1

Graph 75, order 7.
000111
00011
0011
001
11
0

Graph 76, order 7.
000111
00011
0011
001
11
1

Graph 77, order 7.
000110
00011
0011
011
01
0

Graph 78, order 7.
000110
00011
0011
011
01
1

Graph 79, order 7.
000111
00011
0011
010
01
0

Graph 80, order 7.
000111
00011
0011
010
01
1

Graph 81, order 7.
000111
00011
0011
011
00
0

Graph 82, order 7.
000111
00011
0011
011
00
1

Graph 83, order 7.
000111
00011
0011
011
01
0

Graph 84, order 7.
000111
00011
0011
011
01
1

Graph 85, order 7.
000111
00011
0011
011
11
0

Graph 86, order 7.
000111
00011
0011
011
11
1

Graph 87, order 7.
000100
00100
0011
011
01
0

Graph 88, order 7.
000101
00100
0010
010
01
1

Graph 89, order 7.
000101
00100
0011
010
01
0

Graph 90, order 7.
000101
00100
0011
010
01
1

Graph 91, order 7.
000101
00100
0011
011
01
0

Graph 92, order 7.
000101
00101
0010
010
01
1

Graph 93, order 7.
000101
00101
0011
010
00
0

Graph 94, order 7.
000101
00101
0011
010
01
0

Graph 95, order 7.
000101
00101
0011
010
01
1

Graph 96, order 7.
000101
00101
0011
011
00
0

Graph 97, order 7.
000101
00101
0011
011
01
0

Graph 98, order 7.
000101
00101
0011
011
01
1

Graph 99, order 7.
000101
00100
0011
010
11
1

Graph 100, order 7.
000101
00100
0011
011
11
0

Graph 101, order 7.
000101
00101
0010
010
11
1

Graph 102, order 7.
000101
00101
0011
010
11
0

Graph 103, order 7.
000101
00101
0011
010
11
1

Graph 104, order 7.
000101
00101
0011
011
10
0

Graph 105, order 7.
000101
00101
0011
011
11
0

Graph 106, order 7.
000101
00101
0011
011
11
1

Graph 107, order 7.
000110
00100
0010
001
01
1

Graph 108, order 7.
000110
00100
0011
001
01
0

Graph 109, order 7.
000110
00101
0010
001
01
1

Graph 110, order 7.
000110
00101
0011
001
00
0

Graph 111, order 7.
000110
00101
0011
001
01
0

Graph 112, order 7.
000110
00101
0011
001
01
1

Graph 113, order 7.
000111
00100
0010
001
01
1

Graph 114, order 7.
000111
00100
0011
001
01
0

Graph 115, order 7.
000111
00101
0010
001
01
0

Graph 116, order 7.
000111
00101
0010
001
01
1

Graph 117, order 7.
000111
00101
0011
001
00
0

Graph 118, order 7.
000111
00101
0011
001
01
0

Graph 119, order 7.
000111
00101
0011
001
01
1

Graph 120, order 7.
000110
00101
0011
001
11
0

Graph 121, order 7.
000110
00101
0011
001
11
1

Graph 122, order 7.
000111
00100
0010
001
11
1

Graph 123, order 7.
000111
00100
0011
001
11
0

Graph 124, order 7.
000111
00101
0010
001
11
0

Graph 125, order 7.
000111
00101
0010
001
11
1

Graph 126, order 7.
000111
00101
0011
001
10
0

Graph 127, order 7.
000111
00101
0011
001
11
0

Graph 128, order 7.
000111
00101
0011
001
11
1

Graph 129, order 7.
000110
00100
0011
011
01
0

Graph 130, order 7.
000110
00101
0011
010
01
0

Graph 131, order 7.
000110
00101
0011
011
00
0

Graph 132, order 7.
000110
00101
0011
011
00
1

Graph 133, order 7.
000110
00101
0011
011
01
0

Graph 134, order 7.
000110
00101
0011
011
01
1

Graph 135, order 7.
000111
00100
0011
011
00
1

Graph 136, order 7.
000111
00100
0011
011
01
0

Graph 137, order 7.
000111
00100
0011
011
01
1

Graph 138, order 7.
000111
00101
0010
010
01
1

Graph 139, order 7.
000111
00101
0011
010
00
1

Graph 140, order 7.
000111
00101
0011
010
01
0

Graph 141, order 7.
000111
00101
0011
010
01
1

Graph 142, order 7.
000111
00101
0011
011
00
0

Graph 143, order 7.
000111
00101
0011
011
00
1

Graph 144, order 7.
000111
00101
0011
011
01
0

Graph 145, order 7.
000111
00101
0011
011
01
1

Graph 146, order 7.
000110
00101
0011
011
11
1

Graph 147, order 7.
000111
00100
0011
011
11
1

Graph 148, order 7.
000111
00101
0011
010
11
1

Graph 149, order 7.
000111
00101
0011
011
10
0

Graph 150, order 7.
000111
00101
0011
011
10
1

Graph 151, order 7.
000111
00101
0011
011
11
0

Graph 152, order 7.
000111
00101
0011
011
11
1

Graph 153, order 7.
000111
00110
0001
001
01
0

Graph 154, order 7.
000111
00111
0001
001
00
0

Graph 155, order 7.
000111
00111
0001
001
01
0

Graph 156, order 7.
000111
00111
0001
001
01
1

Graph 157, order 7.
000111
00110
0001
001
11
1

Graph 158, order 7.
000111
00111
0001
001
10
0

Graph 159, order 7.
000111
00111
0001
001
11
0

Graph 160, order 7.
000111
00111
0001
001
11
1

Graph 161, order 7.
000111
00110
0011
001
01
0

Graph 162, order 7.
000111
00110
0011
001
01
1

Graph 163, order 7.
000111
00111
0010
001
00
0

Graph 164, order 7.
000111
00111
0010
001
00
1

Graph 165, order 7.
000111
00111
0010
001
01
0

Graph 166, order 7.
000111
00111
0010
001
01
1

Graph 167, order 7.
000111
00111
0011
001
00
0

Graph 168, order 7.
000111
00111
0011
001
00
1

Graph 169, order 7.
000111
00111
0011
001
01
0

Graph 170, order 7.
000111
00111
0011
001
01
1

Graph 171, order 7.
000111
00111
0010
001
11
1

Graph 172, order 7.
000111
00111
0011
001
10
0

Graph 173, order 7.
000111
00111
0011
001
10
1

Graph 174, order 7.
000111
00111
0011
001
11
0

Graph 175, order 7.
000111
00111
0011
001
11
1

Graph 176, order 7.
000111
00111
0011
011
00
0

Graph 177, order 7.
000111
00111
0011
011
00
1

Graph 178, order 7.
000111
00111
0011
011
01
0

Graph 179, order 7.
000111
00111
0011
011
01
1

Graph 180, order 7.
000111
00111
0011
011
11
0

Graph 181, order 7.
000111
00111
0011
011
11
1

Graph 182, order 7.
000110
00110
0101
011
01
1

Graph 183, order 7.
000111
00110
0101
010
01
1

Graph 184, order 7.
000111
00110
0101
011
01
0

Graph 185, order 7.
000111
00110
0101
011
01
1

Graph 186, order 7.
000111
00111
0100
010
01
1

Graph 187, order 7.
000111
00111
0100
011
01
0

Graph 188, order 7.
000111
00111
0101
010
01
0

Graph 189, order 7.
000111
00111
0101
010
01
1

Graph 190, order 7.
000111
00111
0101
011
00
0

Graph 191, order 7.
000111
00111
0101
011
01
0

Graph 192, order 7.
000111
00111
0101
011
01
1

Graph 193, order 7.
000111
00110
0101
011
11
1

Graph 194, order 7.
000111
00111
0101
011
11
0

Graph 195, order 7.
000111
00111
0101
011
11
1

Graph 196, order 7.
000111
00110
0110
001
01
1

Graph 197, order 7.
000111
00111
0110
001
01
1

Graph 198, order 7.
000111
00111
0111
001
00
0

Graph 199, order 7.
000111
00111
0111
001
01
0

Graph 200, order 7.
000111
00111
0111
001
01
1

Graph 201, order 7.
000111
00111
0110
001
11
1

Graph 202, order 7.
000111
00111
0111
001
11
0

Graph 203, order 7.
000111
00111
0111
001
11
1

Graph 204, order 7.
000111
00111
0110
011
01
0

Graph 205, order 7.
000111
00111
0111
010
01
0

Graph 206, order 7.
000111
00111
0111
011
00
0

Graph 207, order 7.
000111
00111
0111
011
00
1

Graph 208, order 7.
000111
00111
0111
011
01
0

Graph 209, order 7.
000111
00111
0111
011
01
1

Graph 210, order 7.
000111
00111
0111
011
11
1

Graph 211, order 7.
000111
00111
0111
110
01
1

Graph 212, order 7.
000111
00111
0111
111
00
0

Graph 213, order 7.
000111
00111
0111
111
01
0

Graph 214, order 7.
000111
00111
0111
111
01
1

Graph 215, order 7.
000111
00111
0111
111
11
1

Graph 216, order 7.
001001
00101
0011
000
00
0

Graph 217, order 7.
001001
00101
0011
001
00
0

Graph 218, order 7.
001001
00101
0011
001
01
0

Graph 219, order 7.
001001
00101
0011
001
01
1

Graph 220, order 7.
001011
00101
0001
010
01
0

Graph 221, order 7.
001011
00101
0001
011
00
0

Graph 222, order 7.
001011
00101
0001
011
00
1

Graph 223, order 7.
001011
00101
0001
011
01
0

Graph 224, order 7.
001011
00101
0001
011
01
1

Graph 225, order 7.
001010
00101
0011
000
00
0

Graph 226, order 7.
001010
00101
0011
000
01
0

Graph 227, order 7.
001010
00101
0011
001
00
0

Graph 228, order 7.
001010
00101
0011
001
01
0

Graph 229, order 7.
001011
00101
0010
000
00
1

Graph 230, order 7.
001011
00101
0010
000
01
0

Graph 231, order 7.
001011
00101
0010
000
01
1

Graph 232, order 7.
001011
00101
0010
001
00
0

Graph 233, order 7.
001011
00101
0010
001
01
0

Graph 234, order 7.
001011
00101
0011
000
00
0

Graph 235, order 7.
001011
00101
0011
000
00
1

Graph 236, order 7.
001011
00101
0011
000
01
0

Graph 237, order 7.
001011
00101
0011
000
01
1

Graph 238, order 7.
001011
00101
0011
001
00
0

Graph 239, order 7.
001011
00101
0011
001
00
1

Graph 240, order 7.
001011
00101
0011
001
01
0

Graph 241, order 7.
001011
00101
0011
001
01
1

Graph 242, order 7.
001010
00101
0011
010
01
0

Graph 243, order 7.
001010
00101
0011
010
01
1

Graph 244, order 7.
001011
00101
0010
010
01
1

Graph 245, order 7.
001011
00101
0010
011
00
1

Graph 246, order 7.
001011
00101
0010
011
01
0

Graph 247, order 7.
001011
00101
0010
011
01
1

Graph 248, order 7.
001011
00101
0011
010
01
0

Graph 249, order 7.
001011
00101
0011
010
01
1

Graph 250, order 7.
001011
00101
0011
011
00
0

Graph 251, order 7.
001011
00101
0011
011
00
1

Graph 252, order 7.
001011
00101
0011
011
01
0

Graph 253, order 7.
001011
00101
0011
011
01
1

Graph 254, order 7.
001011
00110
0001
011
01
0

Graph 255, order 7.
001011
00110
0001
011
01
1

Graph 256, order 7.
001011
00111
0001
010
00
0

Graph 257, order 7.
001011
00111
0001
010
01
0

Graph 258, order 7.
001011
00111
0001
010
01
1

Graph 259, order 7.
001011
00111
0001
011
00
0

Graph 260, order 7.
001011
00111
0001
011
00
1

Graph 261, order 7.
001011
00111
0001
011
01
0

Graph 262, order 7.
001011
00111
0001
011
01
1

Graph 263, order 7.
001011
00111
0001
011
11
0

Graph 264, order 7.
001011
00111
0001
011
11
1

Graph 265, order 7.
001010
00110
0011
001
01
0

Graph 266, order 7.
001010
00110
0011
001
01
1

Graph 267, order 7.
001010
00111
0011
001
00
1

Graph 268, order 7.
001011
00110
0010
001
01
1

Graph 269, order 7.
001011
00110
0011
001
00
1

Graph 270, order 7.
001011
00110
0011
001
01
0

Graph 271, order 7.
001011
00110
0011
001
01
1

Graph 272, order 7.
001011
00111
0010
001
00
1

Graph 273, order 7.
001011
00111
0010
001
01
0

Graph 274, order 7.
001011
00111
0010
001
01
1

Graph 275, order 7.
001011
00111
0011
000
00
1

Graph 276, order 7.
001011
00111
0011
001
00
0

Graph 277, order 7.
001011
00111
0011
001
00
1

Graph 278, order 7.
001011
00111
0011
001
01
0

Graph 279, order 7.
001011
00111
0011
001
01
1

Graph 280, order 7.
001011
00110
0011
011
01
0

Graph 281, order 7.
001011
00110
0011
011
01
1

Graph 282, order 7.
001011
00111
0010
011
01
0

Graph 283, order 7.
001011
00111
0010
011
01
1

Graph 284, order 7.
001011
00111
0011
010
01
0

Graph 285, order 7.
001011
00111
0011
010
01
1

Graph 286, order 7.
001011
00111
0011
011
00
0

Graph 287, order 7.
001011
00111
0011
011
00
1

Graph 288, order 7.
001011
00111
0011
011
01
0

Graph 289, order 7.
001011
00111
0011
011
01
1

Graph 290, order 7.
001011
00111
0011
011
11
0

Graph 291, order 7.
001011
00111
0011
011
11
1

Graph 292, order 7.
001001
00111
0110
001
00
0

Graph 293, order 7.
001001
00111
0110
001
01
0

Graph 294, order 7.
001001
00111
0111
000
00
0

Graph 295, order 7.
001001
00111
0111
000
01
0

Graph 296, order 7.
001001
00111
0111
000
01
1

Graph 297, order 7.
001001
00111
0111
001
00
0

Graph 298, order 7.
001001
00111
0111
001
01
0

Graph 299, order 7.
001001
00111
0111
001
01
1

Graph 300, order 7.
001001
00110
0110
001
11
1

Graph 301, order 7.
001001
00111
0110
000
11
1

Graph 302, order 7.
001001
00111
0110
001
11
0

Graph 303, order 7.
001001
00111
0110
001
11
1

Graph 304, order 7.
001001
00111
0111
000
11
0

Graph 305, order 7.
001001
00111
0111
000
11
1

Graph 306, order 7.
001001
00111
0111
001
10
0

Graph 307, order 7.
001001
00111
0111
001
11
0

Graph 308, order 7.
001001
00111
0111
001
11
1

Graph 309, order 7.
001011
00100
0100
011
11
1

Graph 310, order 7.
001011
00101
0100
011
10
1

Graph 311, order 7.
001011
00101
0100
011
11
0

Graph 312, order 7.
001011
00101
0100
011
11
1

Graph 313, order 7.
001011
00101
0101
010
10
1

Graph 314, order 7.
001011
00101
0101
010
11
0

Graph 315, order 7.
001011
00101
0101
010
11
1

Graph 316, order 7.
001011
00101
0101
011
10
0

Graph 317, order 7.
001011
00101
0101
011
10
1

Graph 318, order 7.
001011
00101
0101
011
11
0

Graph 319, order 7.
001011
00101
0101
011
11
1

Graph 320, order 7.
001010
00110
0101
001
11
1

Graph 321, order 7.
001010
00111
0100
001
11
1

Graph 322, order 7.
001010
00111
0101
001
10
1

Graph 323, order 7.
001010
00111
0101
001
11
0

Graph 324, order 7.
001010
00111
0101
001
11
1

Graph 325, order 7.
001011
00110
0100
001
11
1

Graph 326, order 7.
001011
00110
0101
000
11
1

Graph 327, order 7.
001011
00110
0101
001
10
1

Graph 328, order 7.
001011
00110
0101
001
11
0

Graph 329, order 7.
001011
00110
0101
001
11
1

Graph 330, order 7.
001011
00111
0100
000
11
1

Graph 331, order 7.
001011
00111
0100
001
10
1

Graph 332, order 7.
001011
00111
0100
001
11
0

Graph 333, order 7.
001011
00111
0100
001
11
1

Graph 334, order 7.
001011
00111
0101
000
10
1

Graph 335, order 7.
001011
00111
0101
000
11
1

Graph 336, order 7.
001011
00111
0101
001
10
0

Graph 337, order 7.
001011
00111
0101
001
10
1

Graph 338, order 7.
001011
00111
0101
001
11
0

Graph 339, order 7.
001011
00111
0101
001
11
1

Graph 340, order 7.
001011
00110
0100
011
01
0

Graph 341, order 7.
001011
00110
0101
010
01
0

Graph 342, order 7.
001011
00110
0101
011
00
1

Graph 343, order 7.
001011
00110
0101
011
01
0

Graph 344, order 7.
001011
00110
0101
011
01
1

Graph 345, order 7.
001011
00111
0100
010
01
0

Graph 346, order 7.
001011
00111
0100
011
00
1

Graph 347, order 7.
001011
00111
0100
011
01
0

Graph 348, order 7.
001011
00111
0100
011
01
1

Graph 349, order 7.
001011
00111
0101
010
00
0

Graph 350, order 7.
001011
00111
0101
010
01
0

Graph 351, order 7.
001011
00111
0101
010
01
1

Graph 352, order 7.
001011
00111
0101
011
00
0

Graph 353, order 7.
001011
00111
0101
011
00
1

Graph 354, order 7.
001011
00111
0101
011
01
0

Graph 355, order 7.
001011
00111
0101
011
01
1

Graph 356, order 7.
001011
00110
0101
011
11
1

Graph 357, order 7.
001011
00111
0100
011
11
1

Graph 358, order 7.
001011
00111
0101
011
10
0

Graph 359, order 7.
001011
00111
0101
011
10
1

Graph 360, order 7.
001011
00111
0101
011
11
0

Graph 361, order 7.
001011
00111
0101
011
11
1

Graph 362, order 7.
001010
00111
0111
000
01
0

Graph 363, order 7.
001010
00111
0111
001
00
0

Graph 364, order 7.
001010
00111
0111
001
00
1

Graph 365, order 7.
001010
00111
0111
001
01
0

Graph 366, order 7.
001010
00111
0111
001
01
1

Graph 367, order 7.
001011
00110
0110
001
01
0

Graph 368, order 7.
001011
00111
0110
000
01
0

Graph 369, order 7.
001011
00111
0110
001
00
1

Graph 370, order 7.
001011
00111
0110
001
01
0

Graph 371, order 7.
001011
00111
0110
001
01
1

Graph 372, order 7.
001011
00111
0111
000
00
0

Graph 373, order 7.
001011
00111
0111
000
00
1

Graph 374, order 7.
001011
00111
0111
000
01
0

Graph 375, order 7.
001011
00111
0111
000
01
1

Graph 376, order 7.
001011
00111
0111
001
00
0

Graph 377, order 7.
001011
00111
0111
001
00
1

Graph 378, order 7.
001011
00111
0111
001
01
0

Graph 379, order 7.
001011
00111
0111
001
01
1

Graph 380, order 7.
001010
00111
0111
001
11
1

Graph 381, order 7.
001011
00111
0110
001
11
1

Graph 382, order 7.
001011
00111
0111
000
11
1

Graph 383, order 7.
001011
00111
0111
001
10
0

Graph 384, order 7.
001011
00111
0111
001
10
1

Graph 385, order 7.
001011
00111
0111
001
11
0

Graph 386, order 7.
001011
00111
0111
001
11
1

Graph 387, order 7.
001011
00111
0111
011
00
0

Graph 388, order 7.
001011
00111
0111
011
00
1

Graph 389, order 7.
001011
00111
0111
011
01
0

Graph 390, order 7.
001011
00111
0111
011
01
1

Graph 391, order 7.
001011
00111
0111
011
11
0

Graph 392, order 7.
001011
00111
0111
011
11
1

Graph 393, order 7.
001101
00010
0010
101
00
1

Graph 394, order 7.
001101
00010
0010
101
01
1

Graph 395, order 7.
001101
00011
0010
100
00
1

Graph 396, order 7.
001101
00011
0010
101
00
0

Graph 397, order 7.
001101
00011
0010
101
00
1

Graph 398, order 7.
001101
00011
0010
101
01
0

Graph 399, order 7.
001101
00011
0010
101
01
1

Graph 400, order 7.
001101
00011
0011
100
00
1

Graph 401, order 7.
001101
00011
0011
101
00
0

Graph 402, order 7.
001101
00011
0011
101
00
1

Graph 403, order 7.
001101
00011
0011
101
01
0

Graph 404, order 7.
001101
00011
0011
101
01
1

Graph 405, order 7.
001111
00001
0001
111
11
0

Graph 406, order 7.
001111
00001
0001
111
11
1

Graph 407, order 7.
001111
00010
0001
111
11
1

Graph 408, order 7.
001111
00011
0001
111
11
0

Graph 409, order 7.
001111
00011
0001
111
11
1

Graph 410, order 7.
001111
00011
0010
111
01
1

Graph 411, order 7.
001111
00011
0011
110
01
1

Graph 412, order 7.
001111
00011
0011
111
00
1

Graph 413, order 7.
001111
00011
0011
111
01
0

Graph 414, order 7.
001111
00011
0011
111
01
1

Graph 415, order 7.
001111
00011
0011
111
11
0

Graph 416, order 7.
001111
00011
0011
111
11
1

Graph 417, order 7.
001101
00111
0001
010
00
0

Graph 418, order 7.
001101
00111
0001
010
01
0

Graph 419, order 7.
001101
00111
0001
011
00
0

Graph 420, order 7.
001101
00111
0001
011
01
0

Graph 421, order 7.
001101
00111
0001
011
01
1

Graph 422, order 7.
001100
00110
0011
001
00
0

Graph 423, order 7.
001100
00111
0011
000
01
0

Graph 424, order 7.
001100
00111
0011
001
00
0

Graph 425, order 7.
001100
00111
0011
001
01
0

Graph 426, order 7.
001101
00110
0011
000
00
1

Graph 427, order 7.
001101
00110
0011
000
01
0

Graph 428, order 7.
001101
00110
0011
001
00
0

Graph 429, order 7.
001101
00110
0011
001
00
1

Graph 430, order 7.
001101
00110
0011
001
01
0

Graph 431, order 7.
001101
00111
0010
000
00
1

Graph 432, order 7.
001101
00111
0010
000
01
0

Graph 433, order 7.
001101
00111
0010
000
01
1

Graph 434, order 7.
001101
00111
0010
001
00
0

Graph 435, order 7.
001101
00111
0010
001
00
1

Graph 436, order 7.
001101
00111
0010
001
01
0

Graph 437, order 7.
001101
00111
0011
000
00
0

Graph 438, order 7.
001101
00111
0011
000
00
1

Graph 439, order 7.
001101
00111
0011
000
01
0

Graph 440, order 7.
001101
00111
0011
000
01
1

Graph 441, order 7.
001101
00111
0011
001
00
0

Graph 442, order 7.
001101
00111
0011
001
00
1

Graph 443, order 7.
001101
00111
0011
001
01
0

Graph 444, order 7.
001101
00111
0011
001
01
1

Graph 445, order 7.
001100
00111
0011
011
00
1

Graph 446, order 7.
001101
00110
0011
010
01
0

Graph 447, order 7.
001101
00111
0010
011
00
1

Graph 448, order 7.
001101
00111
0010
011
01
0

Graph 449, order 7.
001101
00111
0010
011
01
1

Graph 450, order 7.
001101
00111
0011
010
00
0

Graph 451, order 7.
001101
00111
0011
010
01
0

Graph 452, order 7.
001101
00111
0011
010
01
1

Graph 453, order 7.
001101
00111
0011
011
00
0

Graph 454, order 7.
001101
00111
0011
011
00
1

Graph 455, order 7.
001101
00111
0011
011
01
0

Graph 456, order 7.
001101
00111
0011
011
01
1

Graph 457, order 7.
001111
00101
0011
000
11
1

Graph 458, order 7.
001111
00101
0011
001
10
0

Graph 459, order 7.
001111
00101
0011
001
11
0

Graph 460, order 7.
001111
00101
0011
001
11
1

Graph 461, order 7.
001110
00110
0001
001
11
1

Graph 462, order 7.
001110
00111
0001
001
11
0

Graph 463, order 7.
001110
00111
0001
001
11
1

Graph 464, order 7.
001111
00110
0001
000
11
1

Graph 465, order 7.
001111
00110
0001
001
11
1

Graph 466, order 7.
001111
00111
0001
000
11
1

Graph 467, order 7.
001111
00111
0001
001
11
0

Graph 468, order 7.
001111
00111
0001
001
11
1

Graph 469, order 7.
001110
00111
0001
011
01
0

Graph 470, order 7.
001111
00111
0001
010
00
1

Graph 471, order 7.
001111
00111
0001
010
01
1

Graph 472, order 7.
001111
00111
0001
011
00
1

Graph 473, order 7.
001111
00111
0001
011
01
0

Graph 474, order 7.
001111
00111
0001
011
01
1

Graph 475, order 7.
001111
00111
0001
011
11
0

Graph 476, order 7.
001111
00111
0001
011
11
1

Graph 477, order 7.
001110
00111
0011
001
01
0

Graph 478, order 7.
001111
00110
0011
001
01
0

Graph 479, order 7.
001111
00111
0010
000
01
1

Graph 480, order 7.
001111
00111
0010
001
01
0

Graph 481, order 7.
001111
00111
0011
000
01
0

Graph 482, order 7.
001111
00111
0011
000
01
1

Graph 483, order 7.
001111
00111
0011
001
00
0

Graph 484, order 7.
001111
00111
0011
001
00
1

Graph 485, order 7.
001111
00111
0011
001
01
0

Graph 486, order 7.
001111
00111
0011
001
01
1

Graph 487, order 7.
001110
00111
0011
001
11
1

Graph 488, order 7.
001111
00110
0011
001
11
1

Graph 489, order 7.
001111
00111
0010
001
11
1

Graph 490, order 7.
001111
00111
0011
000
11
1

Graph 491, order 7.
001111
00111
0011
001
10
1

Graph 492, order 7.
001111
00111
0011
001
11
0

Graph 493, order 7.
001111
00111
0011
001
11
1

Graph 494, order 7.
001110
00111
0011
011
01
0

Graph 495, order 7.
001110
00111
0011
011
01
1

Graph 496, order 7.
001111
00111
0010
011
01
1

Graph 497, order 7.
001111
00111
0011
011
00
1

Graph 498, order 7.
001111
00111
0011
011
01
0

Graph 499, order 7.
001111
00111
0011
011
01
1

Graph 500, order 7.
001111
00111
0011
011
11
0

Graph 501, order 7.
001111
00111
0011
011
11
1

Graph 502, order 7.
001110
00101
0011
110
01
1

Graph 503, order 7.
001111
00100
0010
111
01
1

Graph 504, order 7.
001111
00100
0011
111
01
0

Graph 505, order 7.
001111
00101
0010
110
01
1

Graph 506, order 7.
001111
00101
0010
111
01
1

Graph 507, order 7.
001111
00101
0011
110
01
1

Graph 508, order 7.
001111
00101
0011
111
01
0

Graph 509, order 7.
001111
00101
0011
111
01
1

Graph 510, order 7.
001111
00101
0011
111
11
1

Graph 511, order 7.
001110
00111
0001
110
01
1

Graph 512, order 7.
001111
00110
0001
111
01
1

Graph 513, order 7.
001111
00111
0001
110
01
1

Graph 514, order 7.
001111
00111
0001
111
01
0

Graph 515, order 7.
001111
00111
0001
111
01
1

Graph 516, order 7.
001111
00110
0001
111
11
1

Graph 517, order 7.
001111
00111
0001
111
11
0

Graph 518, order 7.
001111
00111
0001
111
11
1

Graph 519, order 7.
001110
00110
0011
101
01
1

Graph 520, order 7.
001110
00111
0010
101
01
1

Graph 521, order 7.
001110
00111
0011
100
01
1

Graph 522, order 7.
001110
00111
0011
101
00
1

Graph 523, order 7.
001110
00111
0011
101
01
0

Graph 524, order 7.
001110
00111
0011
101
01
1

Graph 525, order 7.
001111
00110
0010
101
01
1

Graph 526, order 7.
001111
00110
0011
100
01
1

Graph 527, order 7.
001111
00110
0011
101
00
1

Graph 528, order 7.
001111
00110
0011
101
01
0

Graph 529, order 7.
001111
00110
0011
101
01
1

Graph 530, order 7.
001111
00111
0010
101
00
1

Graph 531, order 7.
001111
00111
0010
101
01
0

Graph 532, order 7.
001111
00111
0010
101
01
1

Graph 533, order 7.
001111
00111
0011
100
00
1

Graph 534, order 7.
001111
00111
0011
100
01
0

Graph 535, order 7.
001111
00111
0011
100
01
1

Graph 536, order 7.
001111
00111
0011
101
00
1

Graph 537, order 7.
001111
00111
0011
101
01
0

Graph 538, order 7.
001111
00111
0011
101
01
1

Graph 539, order 7.
001111
00110
0011
111
01
1

Graph 540, order 7.
001111
00111
0011
111
00
1

Graph 541, order 7.
001111
00111
0011
111
01
0

Graph 542, order 7.
001111
00111
0011
111
01
1

Graph 543, order 7.
001111
00111
0011
111
11
1

Graph 544, order 7.
001100
00111
0111
010
01
1

Graph 545, order 7.
001101
00110
0110
011
01
1

Graph 546, order 7.
001101
00111
0110
010
01
1

Graph 547, order 7.
001101
00111
0110
011
01
1

Graph 548, order 7.
001101
00111
0111
010
00
0

Graph 549, order 7.
001101
00111
0111
010
01
0

Graph 550, order 7.
001101
00111
0111
010
01
1

Graph 551, order 7.
001101
00111
0111
011
00
0

Graph 552, order 7.
001101
00111
0111
011
01
0

Graph 553, order 7.
001101
00111
0111
011
01
1

Graph 554, order 7.
001101
00111
0110
011
11
1

Graph 555, order 7.
001101
00111
0111
011
11
1

Graph 556, order 7.
001111
00110
0101
011
11
1

Graph 557, order 7.
001111
00111
0100
011
11
1

Graph 558, order 7.
001111
00111
0101
011
10
1

Graph 559, order 7.
001111
00111
0101
011
11
0

Graph 560, order 7.
001111
00111
0101
011
11
1

Graph 561, order 7.
001110
00111
0110
001
01
1

Graph 562, order 7.
001110
00111
0111
000
01
1

Graph 563, order 7.
001110
00111
0111
001
01
0

Graph 564, order 7.
001110
00111
0111
001
01
1

Graph 565, order 7.
001111
00110
0110
001
01
1

Graph 566, order 7.
001111
00111
0110
000
01
1

Graph 567, order 7.
001111
00111
0110
001
01
1

Graph 568, order 7.
001111
00111
0111
000
01
0

Graph 569, order 7.
001111
00111
0111
000
01
1

Graph 570, order 7.
001111
00111
0111
001
00
0

Graph 571, order 7.
001111
00111
0111
001
01
0

Graph 572, order 7.
001111
00111
0111
001
01
1

Graph 573, order 7.
001110
00111
0111
001
11
1

Graph 574, order 7.
001111
00111
0110
001
11
1

Graph 575, order 7.
001111
00111
0111
000
11
1

Graph 576, order 7.
001111
00111
0111
001
11
0

Graph 577, order 7.
001111
00111
0111
001
11
1

Graph 578, order 7.
001110
00111
0111
011
01
0

Graph 579, order 7.
001110
00111
0111
011
01
1

Graph 580, order 7.
001111
00111
0111
011
00
1

Graph 581, order 7.
001111
00111
0111
011
01
0

Graph 582, order 7.
001111
00111
0111
011
01
1

Graph 583, order 7.
001111
00111
0111
011
11
1

Graph 584, order 7.
001111
00111
0110
111
01
1

Graph 585, order 7.
001111
00111
0111
110
01
1

Graph 586, order 7.
001111
00111
0111
111
01
0

Graph 587, order 7.
001111
00111
0111
111
01
1

Graph 588, order 7.
001111
00111
0111
111
11
1

Graph 589, order 7.
001100
01011
0111
001
01
0

Graph 590, order 7.
001101
01010
0111
001
00
0

Graph 591, order 7.
001101
01011
0110
001
00
0

Graph 592, order 7.
001101
01011
0110
001
01
0

Graph 593, order 7.
001101
01011
0111
000
00
0

Graph 594, order 7.
001101
01011
0111
001
00
0

Graph 595, order 7.
001101
01011
0111
001
01
0

Graph 596, order 7.
001101
01011
0111
001
01
1

Graph 597, order 7.
001100
01011
0111
011
01
0

Graph 598, order 7.
001101
01010
0111
011
00
1

Graph 599, order 7.
001101
01010
0111
011
01
0

Graph 600, order 7.
001101
01010
0111
011
01
1

Graph 601, order 7.
001101
01011
0110
010
01
0

Graph 602, order 7.
001101
01011
0110
011
01
0

Graph 603, order 7.
001101
01011
0110
011
01
1

Graph 604, order 7.
001101
01011
0111
010
00
0

Graph 605, order 7.
001101
01011
0111
010
01
0

Graph 606, order 7.
001101
01011
0111
011
00
1

Graph 607, order 7.
001101
01011
0111
011
01
0

Graph 608, order 7.
001101
01011
0111
011
01
1

Graph 609, order 7.
001100
01011
0111
011
11
0

Graph 610, order 7.
001100
01011
0111
011
11
1

Graph 611, order 7.
001101
01011
0110
011
11
0

Graph 612, order 7.
001101
01011
0110
011
11
1

Graph 613, order 7.
001101
01011
0111
011
11
0

Graph 614, order 7.
001101
01011
0111
011
11
1

Graph 615, order 7.
001110
01001
0111
011
01
0

Graph 616, order 7.
001111
01000
0111
010
01
1

Graph 617, order 7.
001111
01000
0111
011
01
1

Graph 618, order 7.
001111
01001
0111
010
01
1

Graph 619, order 7.
001111
01001
0111
011
00
1

Graph 620, order 7.
001111
01001
0111
011
01
0

Graph 621, order 7.
001111
01001
0111
011
01
1

Graph 622, order 7.
001111
01010
0101
011
11
1

Graph 623, order 7.
001111
01011
0100
011
11
1

Graph 624, order 7.
001111
01011
0101
011
11
0

Graph 625, order 7.
001111
01011
0101
011
11
1

Graph 626, order 7.
001110
01011
0111
001
01
0

Graph 627, order 7.
001111
01010
0111
001
00
1

Graph 628, order 7.
001111
01011
0110
001
00
1

Graph 629, order 7.
001111
01011
0110
001
01
0

Graph 630, order 7.
001111
01011
0111
000
00
1

Graph 631, order 7.
001111
01011
0111
001
00
0

Graph 632, order 7.
001111
01011
0111
001
00
1

Graph 633, order 7.
001111
01011
0111
001
01
0

Graph 634, order 7.
001111
01011
0111
001
01
1

Graph 635, order 7.
001110
01011
0111
011
01
1

Graph 636, order 7.
001111
01010
0111
011
01
1

Graph 637, order 7.
001111
01011
0110
011
01
1

Graph 638, order 7.
001111
01011
0111
010
01
1

Graph 639, order 7.
001111
01011
0111
011
00
1

Graph 640, order 7.
001111
01011
0111
011
01
0

Graph 641, order 7.
001111
01011
0111
011
01
1

Graph 642, order 7.
001111
01011
0111
011
11
0

Graph 643, order 7.
001111
01011
0111
011
11
1

Graph 644, order 7.
001101
01011
0110
111
11
1

Graph 645, order 7.
001101
01011
0111
111
11
0

Graph 646, order 7.
001101
01011
0111
111
11
1

Graph 647, order 7.
001110
01011
0110
101
01
1

Graph 648, order 7.
001110
01011
0111
101
00
1

Graph 649, order 7.
001110
01011
0111
101
01
0

Graph 650, order 7.
001110
01011
0111
101
01
1

Graph 651, order 7.
001111
01010
0110
101
01
1

Graph 652, order 7.
001111
01010
0111
101
00
1

Graph 653, order 7.
001111
01011
0110
101
01
1

Graph 654, order 7.
001111
01011
0111
101
00
0

Graph 655, order 7.
001111
01011
0111
101
00
1

Graph 656, order 7.
001111
01011
0111
101
01
0

Graph 657, order 7.
001111
01011
0111
101
01
1

Graph 658, order 7.
001111
01011
0111
110
01
1

Graph 659, order 7.
001111
01011
0111
111
00
1

Graph 660, order 7.
001111
01011
0111
111
01
0

Graph 661, order 7.
001111
01011
0111
111
01
1

Graph 662, order 7.
001111
01011
0111
111
11
1

Graph 663, order 7.
001111
01111
0001
011
11
0

Graph 664, order 7.
001111
01111
0001
011
11
1

Graph 665, order 7.
001111
01110
0011
011
01
1

Graph 666, order 7.
001111
01111
0010
011
01
1

Graph 667, order 7.
001111
01111
0011
010
01
1

Graph 668, order 7.
001111
01111
0011
011
00
1

Graph 669, order 7.
001111
01111
0011
011
01
0

Graph 670, order 7.
001111
01111
0011
011
01
1

Graph 671, order 7.
001111
01111
0011
011
11
0

Graph 672, order 7.
001111
01111
0011
011
11
1

Graph 673, order 7.
001111
01100
0011
111
11
1

Graph 674, order 7.
001111
01101
0011
111
10
1

Graph 675, order 7.
001111
01101
0011
111
11
0

Graph 676, order 7.
001111
01101
0011
111
11
1

Graph 677, order 7.
001111
01110
0001
111
11
1

Graph 678, order 7.
001111
01111
0001
111
11
0

Graph 679, order 7.
001111
01111
0001
111
11
1

Graph 680, order 7.
001111
01111
0011
110
01
1

Graph 681, order 7.
001111
01111
0011
111
00
1

Graph 682, order 7.
001111
01111
0011
111
01
0

Graph 683, order 7.
001111
01111
0011
111
01
1

Graph 684, order 7.
001111
01111
0011
111
11
1

Graph 685, order 7.
001110
01110
0101
011
01
1

Graph 686, order 7.
001111
01110
0100
011
01
1

Graph 687, order 7.
001111
01110
0101
011
00
1

Graph 688, order 7.
001111
01110
0101
011
01
1

Graph 689, order 7.
001111
01111
0100
011
00
1

Graph 690, order 7.
001111
01111
0100
011
01
0

Graph 691, order 7.
001111
01111
0100
011
01
1

Graph 692, order 7.
001111
01111
0101
010
01
0

Graph 693, order 7.
001111
01111
0101
011
00
0

Graph 694, order 7.
001111
01111
0101
011
00
1

Graph 695, order 7.
001111
01111
0101
011
01
0

Graph 696, order 7.
001111
01111
0101
011
01
1

Graph 697, order 7.
001111
01111
0110
000
01
1

Graph 698, order 7.
001111
01111
0111
000
01
0

Graph 699, order 7.
001111
01111
0111
000
01
1

Graph 700, order 7.
001111
01111
0111
001
00
0

Graph 701, order 7.
001111
01111
0111
001
01
0

Graph 702, order 7.
001111
01111
0111
001
01
1

Graph 703, order 7.
001111
01111
0111
000
11
1

Graph 704, order 7.
001111
01111
0111
001
11
0

Graph 705, order 7.
001111
01111
0111
001
11
1

Graph 706, order 7.
001111
01111
0111
010
01
0

Graph 707, order 7.
001111
01111
0111
011
00
1

Graph 708, order 7.
001111
01111
0111
011
01
0

Graph 709, order 7.
001111
01111
0111
011
01
1

Graph 710, order 7.
001111
01111
0111
011
11
1

Graph 711, order 7.
001111
01110
0111
111
01
1

Graph 712, order 7.
001111
01111
0110
111
01
1

Graph 713, order 7.
001111
01111
0111
110
01
1

Graph 714, order 7.
001111
01111
0111
111
01
0

Graph 715, order 7.
001111
01111
0111
111
01
1

Graph 716, order 7.
001111
01111
0111
111
11
1

Graph 717, order 7.
001111
01111
1110
001
01
0

Graph 718, order 7.
001111
01111
1111
001
00
0

Graph 719, order 7.
001111
01111
1111
001
01
0

Graph 720, order 7.
001111
01111
1111
001
01
1

Graph 721, order 7.
001111
01111
1111
010
01
0

Graph 722, order 7.
001111
01111
1111
011
00
1

Graph 723, order 7.
001111
01111
1111
011
01
0

Graph 724, order 7.
001111
01111
1111
011
01
1

Graph 725, order 7.
001111
01111
1111
011
11
0

Graph 726, order 7.
001111
01111
1111
011
11
1

Graph 727, order 7.
001111
01111
1111
111
11
1

Graph 728, order 7.
010101
01011
0101
010
00
0

Graph 729, order 7.
010101
01011
0101
010
01
0

Graph 730, order 7.
010101
01011
0101
011
00
0

Graph 731, order 7.
010101
01011
0101
011
01
0

Graph 732, order 7.
010101
01011
0101
011
01
1

Graph 733, order 7.
010111
01001
0111
000
11
0

Graph 734, order 7.
010111
01001
0111
000
11
1

Graph 735, order 7.
010111
01001
0111
001
11
0

Graph 736, order 7.
010111
01001
0111
001
11
1

Graph 737, order 7.
010110
01011
0101
011
00
0

Graph 738, order 7.
010110
01011
0101
011
01
0

Graph 739, order 7.
010111
01011
0100
011
00
1

Graph 740, order 7.
010111
01011
0101
010
00
1

Graph 741, order 7.
010111
01011
0101
010
01
0

Graph 742, order 7.
010111
01011
0101
011
00
0

Graph 743, order 7.
010111
01011
0101
011
00
1

Graph 744, order 7.
010111
01011
0101
011
01
0

Graph 745, order 7.
010111
01011
0101
011
01
1

Graph 746, order 7.
010111
01010
0111
001
00
1

Graph 747, order 7.
010111
01010
0111
001
01
0

Graph 748, order 7.
010111
01010
0111
001
01
1

Graph 749, order 7.
010111
01011
0110
001
01
1

Graph 750, order 7.
010111
01011
0111
000
00
1

Graph 751, order 7.
010111
01011
0111
000
01
1

Graph 752, order 7.
010111
01011
0111
001
00
1

Graph 753, order 7.
010111
01011
0111
001
01
0

Graph 754, order 7.
010111
01011
0111
001
01
1

Graph 755, order 7.
010111
01010
0111
001
11
1

Graph 756, order 7.
010111
01011
0111
000
11
1

Graph 757, order 7.
010111
01011
0111
001
11
0

Graph 758, order 7.
010111
01011
0111
001
11
1

Graph 759, order 7.
010111
01011
0110
011
01
1

Graph 760, order 7.
010111
01011
0111
010
01
1

Graph 761, order 7.
010111
01011
0111
011
00
1

Graph 762, order 7.
010111
01011
0111
011
01
0

Graph 763, order 7.
010111
01011
0111
011
01
1

Graph 764, order 7.
010111
01011
0111
011
11
0

Graph 765, order 7.
010111
01011
0111
011
11
1

Graph 766, order 7.
010110
01101
0110
011
01
1

Graph 767, order 7.
010111
01100
0111
010
01
1

Graph 768, order 7.
010111
01101
0110
010
01
1

Graph 769, order 7.
010111
01101
0110
011
01
0

Graph 770, order 7.
010111
01101
0110
011
01
1

Graph 771, order 7.
010111
01101
0111
010
01
0

Graph 772, order 7.
010111
01101
0111
010
01
1

Graph 773, order 7.
010111
01101
0111
011
00
0

Graph 774, order 7.
010111
01101
0111
011
01
0

Graph 775, order 7.
010111
01101
0111
011
01
1

Graph 776, order 7.
010111
01101
0110
011
11
1

Graph 777, order 7.
010111
01101
0111
011
11
0

Graph 778, order 7.
010111
01101
0111
011
11
1

Graph 779, order 7.
010111
01110
0101
011
01
0

Graph 780, order 7.
010111
01111
0100
010
01
1

Graph 781, order 7.
010111
01111
0100
011
01
0

Graph 782, order 7.
010111
01111
0101
010
01
0

Graph 783, order 7.
010111
01111
0101
010
01
1

Graph 784, order 7.
010111
01111
0101
011
00
0

Graph 785, order 7.
010111
01111
0101
011
01
0

Graph 786, order 7.
010111
01111
0101
011
01
1

Graph 787, order 7.
010111
01111
0101
011
11
0

Graph 788, order 7.
010111
01111
0101
011
11
1

Graph 789, order 7.
010111
01110
0111
001
11
1

Graph 790, order 7.
010111
01111
0110
001
11
1

Graph 791, order 7.
010111
01111
0111
000
11
1

Graph 792, order 7.
010111
01111
0111
001
11
0

Graph 793, order 7.
010111
01111
0111
001
11
1

Graph 794, order 7.
010111
01111
0110
011
01
0

Graph 795, order 7.
010111
01111
0111
010
01
0

Graph 796, order 7.
010111
01111
0111
011
00
1

Graph 797, order 7.
010111
01111
0111
011
01
0

Graph 798, order 7.
010111
01111
0111
011
01
1

Graph 799, order 7.
010111
01111
0111
011
11
1

Graph 800, order 7.
010111
01111
0111
110
01
1

Graph 801, order 7.
010111
01111
0111
111
01
0

Graph 802, order 7.
010111
01111
0111
111
01
1

Graph 803, order 7.
010111
01111
0111
111
11
1

Graph 804, order 7.
011111
00001
1111
111
11
0

Graph 805, order 7.
011111
00001
1111
111
11
1

Graph 806, order 7.
011111
00011
1111
111
00
1

Graph 807, order 7.
011111
00011
1111
111
01
0

Graph 808, order 7.
011111
00011
1111
111
01
1

Graph 809, order 7.
011111
00011
1111
111
11
1

Graph 810, order 7.
011111
00111
1111
001
11
1

Graph 811, order 7.
011111
00111
1111
010
01
1

Graph 812, order 7.
011111
00111
1111
011
00
1

Graph 813, order 7.
011111
00111
1111
011
01
0

Graph 814, order 7.
011111
00111
1111
011
01
1

Graph 815, order 7.
011111
00111
1111
011
11
1

Graph 816, order 7.
011111
00111
1111
111
11
1

Graph 817, order 7.
011011
01111
0110
011
01
1

Graph 818, order 7.
011011
01111
0111
010
01
1

Graph 819, order 7.
011011
01111
0111
011
00
0

Graph 820, order 7.
011011
01111
0111
011
00
1

Graph 821, order 7.
011011
01111
0111
011
01
0

Graph 822, order 7.
011011
01111
0111
011
01
1

Graph 823, order 7.
011011
01111
0111
011
11
0

Graph 824, order 7.
011011
01111
0111
011
11
1

Graph 825, order 7.
011101
01111
0110
011
01
0

Graph 826, order 7.
011101
01111
0111
010
01
0

Graph 827, order 7.
011101
01111
0111
011
00
0

Graph 828, order 7.
011101
01111
0111
011
01
0

Graph 829, order 7.
011101
01111
0111
011
01
1

Graph 830, order 7.
011111
01111
0100
011
11
1

Graph 831, order 7.
011111
01111
0101
011
11
0

Graph 832, order 7.
011111
01111
0101
011
11
1

Graph 833, order 7.
011110
01111
0111
011
01
0

Graph 834, order 7.
011111
01111
0111
010
01
1

Graph 835, order 7.
011111
01111
0111
011
01
0

Graph 836, order 7.
011111
01111
0111
011
01
1

Graph 837, order 7.
011111
01111
0111
011
11
1

Graph 838, order 7.
011111
01111
0111
110
01
1

Graph 839, order 7.
011111
01111
0111
111
01
0

Graph 840, order 7.
011111
01111
0111
111
01
1

Graph 841, order 7.
011111
01111
0111
111
11
1

Graph 842, order 7.
011111
01111
1111
111
11
1

Graph 843, order 7.
011111
11101
0111
011
11
1

Graph 844, order 7.
011111
11110
0111
001
11
1

Graph 845, order 7.
011111
11111
0111
000
11
1

Graph 846, order 7.
011111
11111
0111
001
11
0

Graph 847, order 7.
011111
11111
0111
001
11
1

Graph 848, order 7.
011111
11111
0111
011
11
1

Graph 849, order 7.
011111
11111
0111
111
01
0

Graph 850, order 7.
011111
11111
0111
111
01
1

Graph 851, order 7.
011111
11111
0111
111
11
1

Graph 852, order 7.
011111
11111
1111
111
11
1

Graph 853, order 7.
111111
11111
1111
111
11
1
