   1.0000000000000000        4.0000000000000000        1.9999999999999998        4.0000000000000027       0.99999999999990119        2.0000000000000000      -0.12499997757662877       0.12499997770259763      -0.49999995181050538       0.99999998507333709     
   2.0000000000000000        4.0000000000000000        1.9999999999999998        3.5078626576348197       0.59963086158880197        2.0000000000000000      -0.14822029106392975       -8.5754840811051739E-002 -0.24192983414892993      -0.39139035317989307     
   3.0000000000000000        4.0000000000000000        2.4999999999999996        3.6739275512428651       0.73975739868198365        2.0000000000000000      -0.13966193973243252       -7.0693206267440620E-002 -0.16567669633046028      -0.32968363251750776     
   4.0000000000000000        4.0000000000000000        2.4999999999999996        3.8538937702695648       0.88866355635340732        2.0000000000000000      -0.11918191152880131       -7.4209489501761136E-002 -0.20435136411822108      -0.40014391188636528     
   5.0000000000000000        5.0000000000000000        2.4999999999999996        4.4891345148282760       0.71655486426587456        2.0000000000000000      -0.18218912309891258      -0.11933481435422530      -0.22512081856285759      -0.34314923328134689     
   6.0000000000000000        5.0000000000000000        2.9999999999999996        4.2644669985754771       0.37710867825485161        2.0000000000000000      -0.13569194403346957       -7.5439251085477915E-002 -0.15559177611792482      -0.32904458910919904     
   7.0000000000000000        6.0000000000000000        2.9999999999999996        5.5884980089979068       0.85682005827711627        2.0000000000000000      -0.18788399519671919      -0.13406089709133392      -0.20367323046540370      -0.29356756376238397     
   8.0000000000000000        6.0000000000000000        3.4999999999999996        5.0503375917122550       0.65404932965283857        2.0000000000000000      -0.17658889213266565      -0.14414921595523886      -0.23674772830580240      -0.31171573580394768     
   9.0000000000000000        4.0000000000000000        1.9999999999999998        3.5273126515982995       0.55879034494185431        2.0000000000000000      -0.18449579253076295       -9.9930943941955883E-002 -0.25470558056433007      -0.45793092913392991     
   10.000000000000000        4.0000000000000000        2.4999999999999996        3.7088912916539281       0.75029384496711826        2.0000000000000000      -0.15283641502927761       -7.6012729970269949E-002 -0.19378381724500729      -0.39071427352873905     
   11.000000000000000        4.0000000000000000        2.9999999999999996        3.9960824010198546       0.99818971812299329        2.0000000000000000       -8.1693320789853432E-002  0.18608367075736254       0.28993455714827482      -0.10302303368288405     
   12.000000000000000        5.0000000000000000        2.9999999999999996        4.3402512066058758       0.41903014063935640        2.0000000000000000      -0.11547390457555888       -7.0806885990885873E-002 -0.17967188748511362      -0.37705844853374387     
   13.000000000000000        5.0000000000000000        3.4999999999999996        4.7713006560091173       0.80957215648055114        2.0000000000000000      -0.10046298763552634       -6.5031591030469196E-002 -0.14396980032382309      -0.40537972148422297     
   14.000000000000000        4.0000000000000000        2.4999999999999996        4.0000000000000000       0.99999999999994338        2.0000000000000000      -0.17556276282653965       -8.3520820738320109E-002 -0.16704164651012288      -0.35112555816438185     
   15.000000000000000        5.0000000000000000        2.9999999999999996        4.6234297612676594       0.70705127064256867        2.0000000000000000      -0.16466616490737473       -9.8378022471633145E-002 -0.18624045381493351      -0.32745157523879753     
   16.000000000000000        5.0000000000000000        3.4999999999999996        4.7166930453628799       0.75566783982192109        2.0000000000000000      -0.13228117946736193       -6.3169777651807008E-002 -0.13473029325230673      -0.30955963695956268     
   17.000000000000000        6.0000000000000000        3.9999999999999996        5.1871325715857362       0.29949232616339094        2.0000000000000000      -0.11977095620393345       -5.6765701190288967E-002 -0.11822276948123228      -0.30505789626894120     
   18.000000000000000        6.0000000000000000        3.4999999999999996        5.3362548179062141       0.59858530359734941        2.0000000000000000      -0.16457185327582444      -0.11349198264280493      -0.18795185017885560      -0.29169863913575805     
   19.000000000000000        6.0000000000000000        3.9999999999999996        5.6188354279542345       0.75730888818484110        2.0000000000000000      -0.13014987378654827       0.12594346867021194      -0.18206570543901135       0.70588627753663669     
   20.000000000000000        6.0000000000000000        4.4999999999999991        5.8119114410731019       0.83926323959034044        2.0000000000000000      -0.11837405997678341       0.19092939761609465      -0.24632745673908457      -0.88888796541674076     
   21.000000000000000        6.0000000000000000        4.9999999999999991        5.9999999999999964       0.99999999999999245        2.0000000000000000      -0.10452314424900590       -3.7090111455910242E-002  -7.9709250062163339E-002 -0.23013444861437463     
