   1.0000000000000000        5.0000000000000000        2.5000000000000000        4.5566611926327347       0.86757494316665773        2.0000000000000000      -0.15749384707778824      -0.10895972538194647      -0.41235466390704006      -0.22529040120936944     
   2.0000000000000000        5.0000000000000000        2.5000000000000000        4.5050115920611953       0.50878049316000584        2.0000000000000000      -0.12426358920508393       0.12451810412362666      -0.49397516860608309       0.98723015983900442     
   3.0000000000000000        5.0000000000000000        3.0000000000000000        4.4693714860136442       0.70953440193037776        2.0000000000000000      -0.10081864508223058        7.8619905034013615E-002 -0.30343958525977804       0.70932667448377396     
   4.0000000000000000        5.0000000000000000        2.5000000000000000        4.3941340039352710       0.53521054518022237        2.0000000000000000      -0.13162573421376461       -8.5689505337914709E-002 -0.25059041042931962      -0.39060230494368292     
   5.0000000000000000        5.0000000000000000        2.5000000000000000        4.3064893131813733       0.44744047818162880        2.0000000000000000      -0.15967105093125367       -8.8372273236797069E-002 -0.23007665359656432      -0.38702489286319225     
   6.0000000000000000        5.0000000000000000        3.0000000000000000        4.6092608301716282       0.71436946633093545        2.0000000000000000      -0.12850104134792195       -7.6933396285248090E-002 -0.18638651394188088      -0.34593782030673220     
   7.0000000000000000        6.0000000000000000        3.0000000000000000        5.1381779970195725       0.57117082948121634        2.0000000000000000      -0.16527564042158241      -0.10762365340427844      -0.21112754570255970      -0.30834246606548987     
   8.0000000000000000        6.0000000000000000        3.5000000000000000        5.0683984948613308       0.30079469314949198        2.0000000000000000      -0.13200070560366084       -7.9587909587406094E-002 -0.16592682453564211      -0.32564008486319590     
   9.0000000000000000        6.0000000000000000        3.0000000000000000        5.1388143116194547       0.51546246428506648        2.0000000000000000      -0.17866633549982128      -0.10942362005591466      -0.20518368958712863      -0.32636321015221637     
   10.000000000000000        6.0000000000000000        3.5000000000000000        5.0763657781462959       0.31322488979107255        2.0000000000000000      -0.13773055644949406       -8.0016182232373653E-002 -0.15291993976089208      -0.31117038460585178     
   11.000000000000000        7.0000000000000000        3.5000000000000000        6.1394213949589611       0.63943172258961156        2.0000000000000000      -0.18072033605950558      -0.12458417809742435      -0.19476441919211046      -0.27762062970764906     
   12.000000000000000        7.0000000000000000        4.0000000000000000        5.7465096373201821       0.44210197592281730        2.0000000000000000      -0.15926677562037922      -0.10671349717421781      -0.17693032730918648      -0.29972118495576716     
   13.000000000000000        8.0000000000000000        4.0000000000000000        7.2731278183121759       0.76600346076976322        2.0000000000000000      -0.18009824429933127      -0.13633008186651055      -0.19124355627559392      -0.24753070921128978     
   14.000000000000000        8.0000000000000000        4.5000000000000000        6.9241485101365638       0.64484874497753464        2.0000000000000000      -0.17852699904398611      -0.11705283599288420       0.79827493576468977       0.91219674874642109     
   15.000000000000000        5.0000000000000000        2.5000000000000000        4.2675712762115907       0.41496459536097524        2.0000000000000000      -0.15696933193252166       -8.5103882526479255E-002 -0.22487607756233632      -0.39488731737162258     
   16.000000000000000        5.0000000000000000        3.0000000000000000        4.4550490999861205       0.54535871545565251        2.0000000000000000      -0.14575860372317290       -7.3206417106104704E-002 -0.16152907932089711      -0.32861246808867323     
   17.000000000000000        5.0000000000000000        3.5000000000000000        4.7844504251204079       0.81720174972537996        2.0000000000000000      -0.13259802378138094       -5.6288598877650219E-002 -0.13369515935529705      -0.28746402999243009     
   18.000000000000000        5.0000000000000000        3.0000000000000000        4.5799961644713356       0.68692647114381988        2.0000000000000000      -0.14157395279682283       -7.9901371842603167E-002 -0.21596094319610512      -0.39518450895079266     
   19.000000000000000        5.0000000000000000        2.5000000000000000        4.3422270900829556       0.43725100912306425        2.0000000000000000      -0.18762882865722796      -0.10027498244981828      -0.24131390233084341      -0.44132390511101183     
   20.000000000000000        5.0000000000000000        3.0000000000000000        4.6325035313190783       0.70249845568214497        2.0000000000000000      -0.13519932892160003       -7.6326712426553631E-002 -0.19808032613059942      -0.38238222997027371     
   21.000000000000000        5.0000000000000000        3.0000000000000000        4.5209024348316413       0.58812968133258681        2.0000000000000000      -0.10596184790005128       0.20396786070523457       0.39968220802108489      -0.18358123005448276     
   22.000000000000000        5.0000000000000000        3.5000000000000000        4.8177134429522761       0.84681398895983895        2.0000000000000000      -0.13648300320061907       -5.5607506633461694E-002 -0.14145943377183784      -0.31438630637878878     
   23.000000000000000        6.0000000000000000        3.0000000000000000        5.2125036942116134       0.49985187438387901        2.0000000000000000      -0.18219082772955777      -0.11152059367502162      -0.20618300906713943      -0.34738783571072901     
   24.000000000000000        6.0000000000000000        3.5000000000000000        5.0573307068686209       0.30809376488846696        2.0000000000000000      -0.11610008702258552       0.22140806731955889       0.32522920489710783      -0.12285084898200627     
   25.000000000000000        6.0000000000000000        3.5000000000000000        5.4649808234704107       0.78595737927260323        2.0000000000000000      -0.10729163208365811       0.20818067636381030       0.42610029953162792      -0.20630614639912453     
   26.000000000000000        6.0000000000000000        4.0000000000000000        5.4554824991348587       0.61075849316761877        2.0000000000000000      -0.16825083976318497      -0.10056464346806354       0.81986707431727079       0.90462265417817045     
   27.000000000000000        6.0000000000000000        3.5000000000000000        5.1262381229592222       0.35204453785104250        2.0000000000000000      -0.12121551336900514       -7.5281396354294317E-002 -0.17755375854981226      -0.34612061261432142     
   28.000000000000000        6.0000000000000000        4.0000000000000000        5.5972424357073889       0.69126592615407978        2.0000000000000000       -9.6271630541960446E-002  -7.0834545449558264E-002 -0.15604038178259366      -0.42636034302344888     
   29.000000000000000        5.0000000000000000        3.0000000000000000        4.8205969206004724       0.84973607531207762        2.0000000000000000      -0.16590837312625092       -8.1562375780965604E-002 -0.18217804999438686      -0.34268731794835189     
   30.000000000000000        5.0000000000000000        3.0000000000000000        4.7879793890397959       0.85128019271227973        2.0000000000000000      -0.11038450271987241       -7.8481249937235639E-002 -0.20975298358247496      -0.40475155115228922     
   31.000000000000000        6.0000000000000000        3.0000000000000000        5.1403386540679437       0.54410561858279927        2.0000000000000000      -0.17655619696338512      -0.10875953863604765      -0.20633656180655599      -0.33362260687337580     
   32.000000000000000        6.0000000000000000        3.5000000000000000        5.1289677871863590       0.31520145018480705        2.0000000000000000      -0.12842093915974553       -7.7767209420572830E-002 -0.16702978597846177      -0.34302788823469282     
   33.000000000000000        6.0000000000000000        3.5000000000000000        5.3425306562314168       0.53002701891916804        2.0000000000000000      -0.15536212732773091       -8.9990858567400397E-002 -0.16975172671613059      -0.30495461725000644     
   34.000000000000000        6.0000000000000000        4.0000000000000000        5.5736500659253281       0.68703185737374095        2.0000000000000000      -0.12784846703123368       -7.3279280348211920E-002 -0.15878986244773796      -0.33112931074343149     
   35.000000000000000        6.0000000000000000        4.0000000000000000        5.5802421229716757       0.68707866199306400        2.0000000000000000      -0.11053488942638928       -7.5168757658126625E-002 -0.14295032507285685      -0.37544201777961095     
   36.000000000000000        7.0000000000000000        4.0000000000000000        6.0056720945845541       0.46235914204380191        2.0000000000000000      -0.15456786282178109      -0.10041102513397350      -0.17448801676140446      -0.28536004671583459     
   37.000000000000000        7.0000000000000000        4.5000000000000000        6.0278058196178836       0.26216572571199043        2.0000000000000000      -0.11859075779603140       -6.8475866194902632E-002 -0.13806627903850235      -0.33207083382499081     
   38.000000000000000        6.0000000000000000        3.5000000000000000        5.6044035487521020       0.66228905504144497        2.0000000000000000      -0.17016232399247982       -9.2198044755408923E-002 -0.16570193006040040      -0.30319788976104883     
   39.000000000000000        6.0000000000000000        4.0000000000000000        5.8215134526490795       0.92812819415063608        2.0000000000000000      -0.15046566109033419       -8.7541728426801857E-002 -0.14775802852917372      -0.28557194626609211     
   40.000000000000000        6.0000000000000000        4.0000000000000000        5.5121868604472386       0.60545057667279212        2.0000000000000000      -0.13428752124743640       -6.9570322707358453E-002 -0.13665031233409505      -0.30053268424356105     
   41.000000000000000        7.0000000000000000        4.0000000000000000        5.7233069310203115       0.44649363827648542        2.0000000000000000      -0.15895086310134093       -9.8942608259164108E-002 -0.16230598009718511      -0.30806496496080005     
   42.000000000000000        7.0000000000000000        4.0000000000000000        6.3349019622931513       0.69344363274433607        2.0000000000000000      -0.17290407500905475      -0.11316361381117217      -0.17925325220719451      -0.27921183526936305     
   43.000000000000000        7.0000000000000000        4.5000000000000000        6.1451578063896823       0.43943308107555207        2.0000000000000000      -0.14552022649270208       -8.3144384974148083E-002 -0.14528291702705931      -0.29399856297958249     
   44.000000000000000        8.0000000000000000        4.5000000000000000        7.1574345098863574       0.58671045913560238        2.0000000000000000      -0.16745569799315113      -0.12603772021205134      -0.18748265766615707      -0.25180466661522066     
   45.000000000000000        8.0000000000000000        5.0000000000000000        6.6786688580896341       0.38164653665907883        2.0000000000000000      -0.15999950394062662      -0.10960786222068152      -0.18000254654500908      -0.26934710684105312     
   46.000000000000000        6.0000000000000000        3.5000000000000000        5.3837568809216503       0.57100837348489875        2.0000000000000000      -0.16159108815416182       -9.5230844151450181E-002 -0.18815433792878797      -0.32625326029647334     
   47.000000000000000        6.0000000000000000        3.0000000000000000        4.9999999999999982       0.53635116424956553        2.0000000000000000      -0.19780746466518884      -0.10438506834212508      -0.20877013435906955      -0.39561492862247405     
   48.000000000000000        6.0000000000000000        3.5000000000000000        5.2010031870181619       0.28817460189762761        2.0000000000000000      -0.15381528083112192       -7.4999215359511429E-002 -0.16491511092339009      -0.33130837019708065     
   49.000000000000000        6.0000000000000000        4.0000000000000000        5.6093040546524584       0.66931133868322545        2.0000000000000000      -0.14965917524620995       -7.1812052673300694E-002 -0.14098864243768547      -0.29335354478555420     
   50.000000000000000        6.0000000000000000        3.5000000000000000        5.2382312959454644       0.37212848226237921        2.0000000000000000      -0.10667842849605855       -7.4931097139919453E-002 -0.18760005682099415      -0.39928408284784622     
   51.000000000000000        6.0000000000000000        3.5000000000000000        5.4861002895887001       0.60915828354685231        2.0000000000000000      -0.15192684624792410       -9.2812812732383287E-002 -0.18354870915832408      -0.32786188916175774     
   52.000000000000000        6.0000000000000000        4.0000000000000000        5.5730319687359540       0.67347424019478574        2.0000000000000000      -0.12711221271080675       -6.9334192275086137E-002 -0.15344350165769810      -0.33596888712094253     
   53.000000000000000        7.0000000000000000        3.5000000000000000        5.9966788859663023       0.61000758596826676        2.0000000000000000      -0.18621061713395637      -0.11662965582059096      -0.18558580219978196      -0.31225389097428774     
   54.000000000000000        7.0000000000000000        4.0000000000000000        5.9126383670200173       0.39562608269602539        2.0000000000000000      -0.15478771406360919       -9.3608534834120433E-002 -0.16191507200451447      -0.30253514924474384     
   55.000000000000000        7.0000000000000000        4.5000000000000000        6.0657546852308997       0.24255767688907093        2.0000000000000000      -0.12436379852155828       -6.4331449458722295E-002 -0.14763566050244287      -0.32242214674071884     
   56.000000000000000        6.0000000000000000        4.5000000000000000        5.9391789616635382       0.97366411296849109        2.0000000000000000      -0.13041737375279644       -6.0504511153183616E-002 -0.10869525634314625      -0.25976685833152513     
   57.000000000000000        7.0000000000000000        4.5000000000000000        6.4137615342147685       0.63164614045998291        2.0000000000000000      -0.15235165376653678       -9.2241844750992993E-002 -0.15101061367333127      -0.27721436478308115     
   58.000000000000000        7.0000000000000000        5.0000000000000000        6.5257062500658982       0.62882723254219441        2.0000000000000000      -0.12714985390717734       -6.5538108967959294E-002 -0.11768760388567183      -0.28516536139523119     
   59.000000000000000        7.0000000000000000        3.5000000000000000        6.1653415754698822       0.61300405557461735        2.0000000000000000      -0.18725151607785595      -0.12512179091779577      -0.19206291356469804      -0.29371719681383812     
   60.000000000000000        7.0000000000000000        4.0000000000000000        6.0589459825184822       0.39874882522056532        2.0000000000000000      -0.15501890519023975      -0.10215561866127769      -0.17083521145068256      -0.29144876354548122     
   61.000000000000000        7.0000000000000000        4.5000000000000000        6.3939768229204113       0.65774745187967631        2.0000000000000000      -0.12010872835302319       -9.2186571962215164E-002 -0.17309377283451136      -0.34094074313175921     
   62.000000000000000        7.0000000000000000        4.5000000000000000        5.9904982038953634       0.24537478089980602        2.0000000000000000      -0.12524013758216920       -6.6697913301227374E-002 -0.12156022671041421      -0.30329711744181576     
   63.000000000000000        7.0000000000000000        4.5000000000000000        6.2174419441219895       0.47873303111399068        2.0000000000000000      -0.13414103821852272       -8.1801171383587529E-002 -0.14560234165633729      -0.29779760044940295     
   64.000000000000000        7.0000000000000000        5.0000000000000000        6.5291911826733262       0.74276354552012147        2.0000000000000000      -0.10088388914653265       -8.1963808227871485E-002 -0.17617250852852639      -0.45876812038354980     
   65.000000000000000        7.0000000000000000        4.0000000000000000        6.0377154071658659       0.47398476399823547        2.0000000000000000      -0.16273779943995018      -0.10677343490309979      -0.18329693840139644      -0.29541959848809268     
   66.000000000000000        8.0000000000000000        4.0000000000000000        7.0297717553424217       0.69356764856737008        2.0000000000000000      -0.19006967741345024      -0.12831695044659286      -0.17273735122463674      -0.27142241797392369     
   67.000000000000000        8.0000000000000000        4.5000000000000000        6.7080834615936720       0.54061454066145775        2.0000000000000000      -0.16974011061972830      -0.11499908257355831      -0.16798041977529513      -0.27680252982775927     
   68.000000000000000        8.0000000000000000        4.5000000000000000        6.9401647758706542       0.49295873288659553        2.0000000000000000      -0.16838552529489020      -0.11384844088419607      -0.16753099171911390      -0.26697114275940431     
   69.000000000000000        8.0000000000000000        5.0000000000000000        6.8616916602356008       0.36154091673316946        2.0000000000000000      -0.14381554454994847       -9.2478550665276257E-002 -0.15417276302922758      -0.28326098899871793     
   70.000000000000000        8.0000000000000000        5.5000000000000000        7.0880945514459235       0.38969428308645615        2.0000000000000000      -0.12051685235494453       -6.9716623768745850E-002 -0.13142408471308140      -0.30992819359191365     
   71.000000000000000        8.0000000000000000        5.0000000000000000        7.2945753697315165       0.67808938977388777        2.0000000000000000      -0.15944127458810844      -0.11653431603706180      -0.17342367060638345      -0.25041589709620538     
   72.000000000000000        9.0000000000000000        4.5000000000000000        8.0197573436998830       0.76138651231776389        2.0000000000000000      -0.19192128597967098      -0.13388520836970316      -0.15625728484936974      -0.24469172049514459     
   73.000000000000000        9.0000000000000000        5.0000000000000000        7.7959492089681248       0.61946878247469606        2.0000000000000000      -0.17452713566961375      -0.12540291539451645      -0.16149523430156412      -0.24721464758418013     
   74.000000000000000        9.0000000000000000        5.5000000000000000        7.8408776731701231       0.48065121889709406        2.0000000000000000      -0.15876736853660275      -0.12068657782458077      -0.17330667524512250      -0.24673171331997168     
   75.000000000000000        9.0000000000000000        6.0000000000000000        7.7808650325686752       0.42380922452584419        2.0000000000000000      -0.16721085608872127      -0.12329698157040524      -0.18440381893752708      -0.23381322771296043     
   76.000000000000000        5.0000000000000000        3.5000000000000000        4.8304300785470549       0.85143443671307961        2.0000000000000000      -0.14398985251984239       -6.1525015019273627E-002 -0.17337471856705078      -0.37329128295099412     
   77.000000000000000        6.0000000000000000        3.5000000000000000        5.1074497622951887       0.29981528456342865        2.0000000000000000      -0.12958324417344697       -7.2685207073294844E-002 -0.17120415268369366      -0.35021947459553249     
   78.000000000000000        6.0000000000000000        4.0000000000000000        5.4925314256452991       0.54672566951196500        2.0000000000000000      -0.11015582633848441       -6.3529943280363071E-002 -0.13754126622565077      -0.34668099497460264     
   79.000000000000000        6.0000000000000000        4.0000000000000000        5.3828772087057759       0.42695543765687888        2.0000000000000000      -0.10183417095503493       0.20482923967314168       0.29175340028890834      -0.10345788430328727     
   80.000000000000000        6.0000000000000000        4.5000000000000000        5.8871928584023339       0.92705102588068089        2.0000000000000000       -7.8206807348099455E-002   4.7861373951449009E-002 -0.16635282918550268       0.48139349384058050     
   81.000000000000000        7.0000000000000000        4.5000000000000000        6.2537543768145181       0.48034257399548064        2.0000000000000000      -0.12693424400269177       -7.7787496208048146E-002 -0.13532667011452382      -0.30153938646290751     
   82.000000000000000        6.0000000000000000        4.0000000000000000        5.7108710619721927       0.80554866923487523        2.0000000000000000      -0.14355547848677427       -7.8721116810880232E-002 -0.17844770029001725      -0.33841370447663843     
   83.000000000000000        7.0000000000000000        4.5000000000000000        6.0275568611775796       0.23497124664447661        2.0000000000000000      -0.13273920424521909       -6.5311280053392540E-002 -0.13282317938200591      -0.29921573494419240     
   84.000000000000000        7.0000000000000000        4.5000000000000000        6.0029825552961755       0.22161662716533681        2.0000000000000000      -0.11708547158086555       -6.3366343237275288E-002 -0.13421462897008291      -0.33919754989306822     
   85.000000000000000        7.0000000000000000        4.5000000000000000        6.2389346718922187       0.43529544753315597        2.0000000000000000      -0.14511829216586949       -7.7572160487940134E-002 -0.14895294164223857      -0.28784066574495365     
   86.000000000000000        7.0000000000000000        5.0000000000000000        6.5259255711923991       0.61603968699446232        2.0000000000000000      -0.11343075515672593       -5.8802981647557227E-002 -0.13606137072248886      -0.33333208936956993     
   87.000000000000000        8.0000000000000000        5.0000000000000000        6.9110661013697641       0.58624338267343223        2.0000000000000000      -0.24196457855682321      -0.13391306284398061      -0.74046281026322147       0.26089795488946682     
   88.000000000000000        8.0000000000000000        5.5000000000000000        7.0868523055481161       0.24154636341852517        2.0000000000000000       -9.3073686367577499E-002  -5.5479299091484600E-002 -0.14623395183938595      -0.41502911535135179     
   89.000000000000000        7.0000000000000000        5.0000000000000000        6.4042545587685273       0.50842743686275871        2.0000000000000000      -0.12027979953786067       -5.8332246886853546E-002 -0.10672195294353733      -0.29109333370896767     
   90.000000000000000        7.0000000000000000        5.5000000000000000        6.7458091776281330       0.76703060222893471        2.0000000000000000      -0.11282327648721119       -4.5959511205679059E-002  -8.8063755094872312E-002 -0.26390163248182102     
   91.000000000000000        8.0000000000000000        5.0000000000000000        6.5151700323497694       0.31032999564554192        2.0000000000000000      -0.13542866318106572       -6.7891521025302909E-002 -0.11060860153442451      -0.27449798223791749     
   92.000000000000000        8.0000000000000000        5.0000000000000000        6.8333464450953532       0.31490437340837379        2.0000000000000000      -0.13899258074674831       -8.4646093514679721E-002 -0.13320895691677073      -0.28044643051158957     
   93.000000000000000        8.0000000000000000        5.5000000000000000        6.9802175992793183       0.19883656981041156        2.0000000000000000      -0.12054478130422261       -5.8486223548640505E-002 -0.10775859315895402      -0.28076551343723416     
   94.000000000000000        8.0000000000000000        6.0000000000000000        7.4612613664495404       0.65174950665050124        2.0000000000000000      -0.18214658717232166       -7.9148052933813648E-002  0.86135651183421658       0.88057671274846405     
   95.000000000000000        6.0000000000000000        4.0000000000000000        5.7356993621563239       0.77319767406711282        2.0000000000000000      -0.13436092641010383       -6.8820673134481924E-002 -0.15394077531249009      -0.31203393159905440     
   96.000000000000000        7.0000000000000000        4.0000000000000000        6.1504586213652113       0.36419312615888677        2.0000000000000000      -0.16229448641519242       -9.5349111743745260E-002 -0.16407346454194077      -0.29421448748635659     
   97.000000000000000        7.0000000000000000        4.5000000000000000        6.3116101314792239       0.44200539397727207        2.0000000000000000      -0.13900727734134147       -7.6789367380404885E-002 -0.14262598745472196      -0.29214948480451702     
   98.000000000000000        7.0000000000000000        5.0000000000000000        6.7112086879281554       0.84630972712469776        2.0000000000000000       -9.7465466138931312E-002  -6.4303533177659272E-002 -0.16604484040108744      -0.41061510180976557     
   99.000000000000000        7.0000000000000000        4.5000000000000000        6.6029488850620730       0.72091749557411777        2.0000000000000000      -0.15229181549146037       -9.1015018941269482E-002 -0.15989488803333274      -0.29183208190011739     
   100.00000000000000        7.0000000000000000        5.0000000000000000        6.6244844046717377       0.71365046528186837        2.0000000000000000      -0.13393102631158654       -6.9570765611796495E-002 -0.12203591730274727      -0.27177733604153714     
   101.00000000000000        8.0000000000000000        5.0000000000000000        6.9563049518645155       0.30560633624594002        2.0000000000000000      -0.14924298594655933       -9.0242482973352384E-002 -0.14630757653119977      -0.26937751538286236     
   102.00000000000000        8.0000000000000000        5.5000000000000000        7.2005680668300274       0.40845849356441233        2.0000000000000000      -0.12080461840115199       -7.0612560086188880E-002 -0.13127913959307169      -0.29921800764527873     
   103.00000000000000        8.0000000000000000        6.0000000000000000        7.5359983654490659       0.64425070318882349        2.0000000000000000      -0.10777903068705116       -5.7339783177794909E-002 -0.12252866479076163      -0.32286189527248277     
   104.00000000000000        9.0000000000000000        6.5000000000000000        7.9425138988829449       0.16235920199994591        2.0000000000000000      -0.10080045810180260       -4.7713420855695361E-002 -0.11795765414539384      -0.33322226045169701     
   105.00000000000000        9.0000000000000000        5.5000000000000000        7.5567356913195258       0.44621034553628824        2.0000000000000000      -0.16029809222429620      -0.10587746672717746      -0.15045938936922679      -0.25024159737724400     
   106.00000000000000        8.0000000000000000        5.5000000000000000        7.3276018212150653       0.76171060772247590        2.0000000000000000      -0.14487940030990998       -9.4890537563805194E-002 -0.13835763735595835      -0.26707397798808319     
   107.00000000000000        8.0000000000000000        5.5000000000000000        7.3448998070929470       0.55472771210561977        2.0000000000000000      -0.14715869436890411       -8.9318987948521916E-002 -0.13977635276074801      -0.25281517561244482     
   108.00000000000000        9.0000000000000000        6.0000000000000000        7.7153281208798727       0.28145670508869824        2.0000000000000000      -0.13032437512554224       -7.7502107461406039E-002 -0.12363532295893549      -0.27043875951660579     
   109.00000000000000        8.0000000000000000        6.0000000000000000        7.8304735542604433       0.93362292666303159        2.0000000000000000      -0.15575795523489128      -0.10294417135123064      -0.16168634854691541      -0.23069555735480757     
   110.00000000000000        9.0000000000000000        6.5000000000000000        8.0878455833391740       0.36531582068375107        2.0000000000000000      -0.11102735286553250       -6.2524896472656688E-002 -0.11323310166450953      -0.29177415879851981     
   111.00000000000000        9.0000000000000000        7.0000000000000000        8.4445120555936679       0.49566552067196529        2.0000000000000000       -9.0138667862943944E-002  -4.5046090421415018E-002 -0.12230008761229116      -0.36777663840727803     
   112.00000000000000        9.0000000000000000        7.5000000000000000        8.9826736801821436       0.99423912435402384        2.0000000000000000      -0.15706745409653700       0.21451167576902372       0.12301291965187736       0.48506154867043388     
