           7           1   10.000000000000000        4.9999999999999991        9.1165496333944134       0.78869560576259545                2 -0.18687696259454584      -0.12716275902715851      -0.11783284945724810      -0.17955985145492487        1.6666666666666665       0.47140452079103179     
           7           2   10.000000000000000        4.9999999999999991        9.1409221864332473       0.81507660796523873                2 -0.18342841793452760      -0.12693490026670506      -0.11879471239110438      -0.17270324731624376        1.6666666666666665       0.47140452079103223     
           7           3   9.0000000000000000        4.4999999999999991        8.2953655258027243       0.78999860222897189                2 -0.18464541239720522      -0.12997070210276546      -0.13258176848222997      -0.19245008072086928        1.5000000000000000       0.49999999999999956     
           7           4   7.0000000000000000        3.4999999999999996        6.3811442059699406       0.79378131549814124                2 -0.18462736913591007      -0.12701055708623854      -0.16785463922310320      -0.25114164361375158        1.1666666666666667       0.37267799624996456     
           7           5   7.0000000000000000        3.4999999999999996        6.3811442059699415       0.79378130775341627                2 -0.18462736800505711      -0.12701056146372727      -0.16785462654088826      -0.25114164079433082        1.1666666666666665       0.37267799624996550     
           7           6   8.0000000000000000        3.9999999999999996        7.1708042356031765       0.74548092121361453                2 -0.18421484509390026      -0.12024749127488017      -0.13879721445145315      -0.22633725828623313        1.3333333333333333       0.47140452079103179     
           7           7   10.000000000000000        4.9999999999999991        9.1165496333944169       0.78869560990930099                2 -0.18687695817298952      -0.12716276230777454      -0.11783284890983162      -0.17955985973483762        1.6666666666666665       0.47140452079103179     
           7           8   8.0000000000000000        3.9999999999999996        7.3220098084125986       0.78733461728142096                2 -0.18242518834139584      -0.12753734400938263      -0.14836187351089289      -0.21304777632565383        1.3333333333333333       0.47140452079103179     
           7           9   9.0000000000000000        4.4999999999999991        8.2953655258027208       0.78999859972746067                2 -0.18464539396831001      -0.12997074098361569      -0.13258177004601812      -0.19245006330364248        1.4999999999999998       0.50000000000000044     
           7          10   10.000000000000000        4.9999999999999991        9.1409221864332419       0.81507660334165177                2 -0.18342841623086953      -0.12693489802304864      -0.11879470922301529      -0.17270324338825926        1.6666666666666665       0.47140452079103179     
           7          11   7.0000000000000000        3.4999999999999996        6.3811442059699415       0.79378131565417964                2 -0.18462738169539983      -0.12701055252499943      -0.16785463823444757      -0.25114165703780922        1.1666666666666665       0.37267799624996550     
           7          12   8.0000000000000000        3.9999999999999996        7.3220098084125969       0.78733461114954906                2 -0.18242519124091786      -0.12753733887978241      -0.14836186944776000      -0.21304777160628396        1.3333333333333333       0.47140452079103179     
           7          13   10.000000000000000        4.9999999999999991        9.1409221864332526       0.81507660829891537                2 -0.18342841470284915      -0.12693489885874082      -0.11879470781663509      -0.17270325000727885        1.6666666666666667       0.47140452079103085     
           7          14   9.0000000000000000        4.4999999999999991        8.0952080585496251       0.75804833387788417                2 -0.18408959716460607      -0.12086938322565194      -0.12598102019930446      -0.20185087941995122        1.5000000000000000       0.49999999999999956     
           7          15   10.000000000000000        4.9999999999999991        9.1165496333944080       0.78869561003730870                2 -0.18687695647560015      -0.12716276685539379      -0.11783285202086333      -0.17955985500008026        1.6666666666666667       0.47140452079103085     
           7          16   10.000000000000000        4.9999999999999991        9.3730669755734954       0.80140722843121459                2 -0.18546445538669418      -0.13519378938115942      -0.12212781557150830      -0.17065879539824422        1.6666666666666665       0.47140452079103223     
           7          17   9.0000000000000000        4.4999999999999991        8.2953655258027208       0.78999859029309494                2 -0.18464542579466053      -0.12997072564569132      -0.13258175970730185      -0.19245007872326242        1.5000000000000000       0.49999999999999956     
           7          18   9.0000000000000000        4.4999999999999991        8.2953655258027208       0.78999861358411261                2 -0.18464540503811913      -0.12997070771810212      -0.13258176720406709      -0.19245009575625902        1.4999999999999998       0.50000000000000000     
           7          19   9.0000000000000000        4.4999999999999991        8.0952080585496269       0.75804831420590368                2 -0.18408957616974433      -0.12086937073091567      -0.12598099039432667      -0.20185086963065274        1.5000000000000000       0.50000000000000000     
           7          20   10.000000000000000        4.9999999999999991        9.1165496333944116       0.78869561066562954                2 -0.18687695723464273      -0.12716276537610197      -0.11783285278992547      -0.17955985560055535        1.6666666666666667       0.47140452079103085     
           7          21   7.0000000000000000        3.4999999999999996        6.3811442059699388       0.79378130794018698                2 -0.18462736869978177      -0.12701055679735065      -0.16785462710024582      -0.25114164161225816        1.1666666666666665       0.37267799624996578     
           7          22   10.000000000000000        4.9999999999999991        9.3730669755734919       0.80140726366248927                2 -0.18546459485319902      -0.13519372493385873      -0.12212788875846743      -0.17065884086476296        1.6666666666666665       0.47140452079103179     
           7          23   10.000000000000000        4.9999999999999991        9.1409221864332455       0.81507660759891964                2 -0.18342841696130119      -0.12693490528491386      -0.11879471204401466      -0.17270324621848737        1.6666666666666665       0.47140452079103179     
           7          24   11.000000000000000        5.4999999999999991        10.157448432940287       0.82706875302086647                2 -0.18664973613792132      -0.13121888796888265      -0.10965577931985544      -0.15955533557534349        1.8333333333333330       0.37267799624996606     
           7          25   7.0000000000000000        3.4999999999999996        6.3811442059699415       0.79378130681330372                2 -0.18462736860252577      -0.12701056071107214      -0.16785462528837772      -0.25114164085533941        1.1666666666666665       0.37267799624996550     
           7          26   9.0000000000000000        4.4999999999999991        8.2953655258027172       0.78999859056324750                2 -0.18464539115771600      -0.12997069749820453      -0.13258175065206165      -0.19245006924395100        1.5000000000000000       0.50000000000000000     
           7          27   11.000000000000000        5.4999999999999991        10.157448432940287       0.82706871917849711                2 -0.18664975027009986      -0.13121885874654077      -0.10965576599268900      -0.15955531362009298        1.8333333333333330       0.37267799624996606     
           7          28   10.000000000000000        4.9999999999999991        9.1165496333944169       0.78869561129116006                2 -0.18687695488470604      -0.12716276360787873      -0.11783285322031764      -0.17955985511996994        1.6666666666666665       0.47140452079103179     
           7          29   9.0000000000000000        4.4999999999999991        8.1956810925120784       0.81403173320732614                2 -0.17987204546988619      -0.12471695316341724      -0.13290285000938690      -0.18224951815206911        1.5000000000000000       0.50000000000000000     
           7          30   8.0000000000000000        3.9999999999999996        7.3220098084126013       0.78733461094599266                2 -0.18242519425577952      -0.12753734419352455      -0.14836186999037018      -0.21304777446761139        1.3333333333333333       0.47140452079103179     
           7          31   8.0000000000000000        3.9999999999999996        7.1708042356031783       0.74548092971435065                2 -0.18421484865342341      -0.12024750931282725      -0.13879722116253074      -0.22633724684738388        1.3333333333333333       0.47140452079103157     
           7          32   10.000000000000000        4.9999999999999991        9.1409221864332455       0.81507660700837614                2 -0.18342841384502687      -0.12693490396612472      -0.11879470890626659      -0.17270324631919740        1.6666666666666665       0.47140452079103223     
           7          33   7.0000000000000000        3.4999999999999996        6.3811442059699441       0.79378130943533831                2 -0.18462736103777388      -0.12701056304983152      -0.16785462140486138      -0.25114164550259277        1.1666666666666665       0.37267799624996550     
           7          34   6.0000000000000000        2.9999999999999996        5.5884980089979175       0.85682005704677366                2 -0.18788399568832337      -0.13406089786759129      -0.20367323221746816      -0.29356756071627749       0.99999999999999989        1.0536712127723509E-008
           7          35   10.000000000000000        4.9999999999999991        9.1409221864332437       0.81507659827715062                2 -0.18342843137288037      -0.12693492583315913      -0.11879473822771870      -0.17270321750105924        1.6666666666666665       0.47140452079103179     
           7          36   10.000000000000000        4.9999999999999991        9.1165496333944134       0.78869561141157885                2 -0.18687695600430185      -0.12716276744567750      -0.11783285309829172      -0.17955985638673966        1.6666666666666665       0.47140452079103223     
           7          37   8.0000000000000000        3.9999999999999996        7.3220098084125986       0.78733461360586698                2 -0.18242519151058154      -0.12753734165896943      -0.14836187093199005      -0.21304777508352366        1.3333333333333333       0.47140452079103157     
           7          38   10.000000000000000        4.9999999999999991        9.1409221864332473       0.81507661276670773                2 -0.18342841513445968      -0.12693489340660416      -0.11879470824536349      -0.17270325591022997        1.6666666666666665       0.47140452079103179     
           7          39   8.0000000000000000        3.9999999999999996        7.4752449254081954       0.81478739378254628                2 -0.18368218221353919      -0.13340537930359248       0.84658711345809035       0.78564948201593554        1.3333333333333333       0.47140452079103179     
           7          40   11.000000000000000        5.4999999999999991        10.157448432940283       0.82706875337264818                2 -0.18664973647626446      -0.13121890800773481      -0.10965579370706192      -0.15955532496069247        1.8333333333333333       0.37267799624996489     
           7          41   10.000000000000000        4.9999999999999991        9.3730669755734919       0.80140722282393873                2 -0.18546446751003148      -0.13519377746285671      -0.12212780764363980      -0.17065879973269904        1.6666666666666665       0.47140452079103223     
           7          42   9.0000000000000000        4.4999999999999991        8.2953655258027208       0.78999860713953529                2 -0.18464541134298237      -0.12997071727436924      -0.13258177692433748      -0.19245007833993508        1.4999999999999998       0.50000000000000044     
           7          43   11.000000000000000        5.4999999999999991        10.157448432940280       0.82706875287962922                2 -0.18664974047001145      -0.13121888339278229      -0.10965576898438996      -0.15955534832023197        1.8333333333333333       0.37267799624996489     
           7          44   10.000000000000000        4.9999999999999991        9.1409221864332437       0.81507662039434292                2 -0.18342841707476376      -0.12693490995580223      -0.11879471170861049      -0.17270326296094859        1.6666666666666665       0.47140452079103179     
           7          45   10.000000000000000        4.9999999999999991        9.1165496333944063       0.78869560766826941                2 -0.18687695924656736      -0.12716276657649891      -0.11783285087882786      -0.17955985259967194        1.6666666666666665       0.47140452079103179     
           7          46   8.0000000000000000        3.9999999999999996        7.4752449254081972       0.81478734549411413                2 -0.18368217467095441      -0.13340536134220679      -0.15341289151027671       0.78564955256449964        1.3333333333333333       0.47140452079103179     
           7          47   8.0000000000000000        3.9999999999999996        7.1708042356031774       0.74548092694276624                2 -0.18421486918110735      -0.12024752224373171      -0.13879720388385144      -0.22633727950652435        1.3333333333333333       0.47140452079103179     
           7          48   8.0000000000000000        3.9999999999999996        7.3220098084125995       0.78733461104984082                2 -0.18242518472339009      -0.12753731733925966      -0.14836186384324992      -0.21304776663594713        1.3333333333333333       0.47140452079103179     
           7          49   10.000000000000000        4.9999999999999991        9.1165496333944187       0.78869561115449993                2 -0.18687695764336065      -0.12716276407359697      -0.11783285431634859      -0.17955985462729632        1.6666666666666667       0.47140452079103085     
           7          50   10.000000000000000        4.9999999999999991        9.1165496333944152       0.78869561132294286                2 -0.18687695546577610      -0.12716276378704078      -0.11783285252425338      -0.17955985649817985        1.6666666666666665       0.47140452079103179     
