          20           1   11.000000000000000        7.4999999999999991        9.7466144568247675       0.27990612976944618                2 -0.12092480454783532       -6.1315293951774520E-002  -7.0780178592170256E-002 -0.17783042165458038        1.6666666666666670       0.47140452079103040     
          20           2   11.000000000000000        7.9999999999999991        10.156396991906616       0.45175904770233100                2 -0.10158245130018967        7.1192840534320456E-002  -6.6892286080693253E-002  0.81033049516209066        1.7777777777777781       0.41573970964154838     
          20           3   9.0000000000000000        6.4999999999999991        8.4151026531646451       0.62354316861525283                2 -0.11774032013466282       -5.4156318218258746E-002  -7.5416790313597451E-002 -0.19627158122256688        1.4444444444444446       0.49690399499995302     
          20           4   11.000000000000000        7.4999999999999991        9.6580011071790430       0.44862745417876959                2 -0.10580842593900834       0.11126530515731708       0.41797720158639062      -0.33058944370369420        1.6666666666666670       0.47140452079103085     
          20           5   10.000000000000000        7.4999999999999991        9.5534000167974717       0.73059901702273344                2 -0.11187991786074565       -4.8596176059891055E-002  -6.6103529051772747E-002 -0.17897427551524508        1.6666666666666670       0.47140452079103085     
          20           6   10.000000000000000        6.9999999999999991        9.1444461114808426       0.55689025413551851                2 -0.13225405597754344       0.22630190635803712       0.81184726297060283       0.10167364231560967        1.5555555555555558       0.49690399499995214     
          20           7   12.000000000000000        8.4999999999999982        10.704968890050109       0.24018443054499022                2 -0.11585996061382042       -5.0117026283906380E-002  -5.5025224871736639E-002 -0.15228567491705178        1.8888888888888888       0.31426968052735516     
          20           8   10.000000000000000        6.4999999999999991        8.9565179867657854       0.50023831286159792                2 -0.17222632719855421       0.22631746671177280      -0.35084279427431642       0.64940435169350841        1.4444444444444446       0.49690399499995302     
          20           9   9.0000000000000000        6.4999999999999991        8.5627749975656346       0.74799374324817092                2 -0.12950614088642490       -6.2585241714085096E-002  -7.7610658185481796E-002 -0.19003495732292208        1.4444444444444446       0.49690399499995302     
          20          10   10.000000000000000        7.4999999999999991        9.5638901793173545       0.81586541647009314                2 -0.11508628014705298       -5.1871181137596062E-002  -6.3819208933775962E-002  0.82952617321699085        1.6666666666666665       0.47140452079103223     
          20          11   7.0000000000000000        4.9999999999999991        6.4788627157364722       0.60526713883948913                2 -0.12563949393122176       -6.0730217772717157E-002  -9.7810877162057872E-002 -0.25138878116641022        1.1111111111111112       0.31426968052735443     
          20          12   11.000000000000000        7.4999999999999991        9.7510994532498394       0.27095343766182589                2 -0.12847558575350190       -6.2743679355251117E-002  -6.6529559847070069E-002 -0.16800137412449051        1.6666666666666670       0.47140452079103129     
          20          13   8.0000000000000000        5.4999999999999991        7.0315419079191459       0.25855259582107254                2 -0.11743962960132756       -5.1195084904574847E-002  -8.6897111866982790E-002 -0.22124044966952627        1.2222222222222223       0.41573970964154916     
          20          14   9.0000000000000000        6.4999999999999991        8.4151026531646487       0.62354317190642794                2 -0.11774031984937074       -5.4156316418355645E-002  -7.5416793145407876E-002 -0.19627158730995700        1.4444444444444446       0.49690399499995302     
          20          15   10.000000000000000        6.4999999999999991        8.9565179867657854       0.50023831786803030                2 -0.17222631541833616       0.22631744666089049      -0.35084277522568535       0.64940434202741837        1.4444444444444446       0.49690399499995302     
          20          16   10.000000000000000        6.9999999999999991        8.9244521397657017       0.23343743098448011                2 -0.10748111054313750       -4.9932696740826968E-002  -7.1118524743907549E-002 -0.19178273680548333        1.5555555555555558       0.49690399499995169     
          20          17   10.000000000000000        6.4999999999999991        8.7909013224174917       0.39398305162481773                2 -0.12695266011855499       -7.6796445951140768E-002  -8.5120581457199557E-002 -0.19669846661465357        1.4444444444444446       0.49690399499995302     
          20          18   9.0000000000000000        6.4999999999999991        8.4151026531646451       0.62354317298461215                2 -0.11774032012620290       -5.4156317787163101E-002  -7.5416792227957524E-002 -0.19627158713691148        1.4444444444444446       0.49690399499995302     
          20          19   9.0000000000000000        6.4999999999999991        8.4087776635019562       0.55077563925653383                2 -0.12582012969924294       -5.3188230609196932E-002  -7.4050104310270939E-002 -0.18625334087261664        1.4444444444444442       0.49690399499995391     
          20          20   10.000000000000000        6.9999999999999991        9.6651316966221792       0.88183193963568751                2 -0.11484943002529281       0.23702823681615878      -0.17334858643884599      -0.89193092334429303        1.5555555555555558       0.49690399499995258     
          20          21   9.0000000000000000        6.4999999999999991        8.3220623105930809       0.54880749102444937                2 -0.11964790106692368       -5.2970907834594010E-002  -7.3486922162291801E-002 -0.18402687247428789        1.4444444444444446       0.49690399499995302     
          20          22   11.000000000000000        6.9999999999999991        9.6457603349811532       0.50534646950367312                2 -0.16826365820325806      -0.11032477374051607       -9.6858948283884749E-002 -0.15919568118666086        1.5555555555555558       0.49690399499995214     
          20          23   11.000000000000000        6.9999999999999991        9.3427122710392823       0.43399835554019733                2 -0.13750596047730471       -7.8721810493343161E-002  -7.7460948612648906E-002 -0.18257446589682710        1.5555555555555558       0.49690399499995258     
          20          24   9.0000000000000000        6.4999999999999991        8.4151026531646522       0.62354317339269472                2 -0.11774032525713499       -5.4156328226298463E-002  -7.5416774218961646E-002 -0.19627160510218364        1.4444444444444446       0.49690399499995302     
          20          25   10.000000000000000        6.4999999999999991        8.8227268167038719       0.37865507458685377                2 -0.14300043064612564       -8.4067775020074356E-002  -8.7887617874947796E-002 -0.19339155026056645        1.4444444444444446       0.49690399499995302     
          20          26   8.0000000000000000        5.4999999999999991        7.0315419079191415       0.25855263640373644                2 -0.11743966486412227       -5.1195102334970405E-002  -8.6897125901109651E-002 -0.22124042605011895        1.2222222222222223       0.41573970964154888     
          20          27   11.000000000000000        7.4999999999999991        9.7466144568247621       0.27990613263847886                2 -0.12092480473159253       -6.1315298982799638E-002  -7.0780175804885673E-002 -0.17783041171728697        1.6666666666666670       0.47140452079103085     
          20          28   10.000000000000000        6.9999999999999991        9.0832782306202393       0.52321739856594585                2 -0.11980824029152097       -5.9174112033608540E-002  -7.2959097343208795E-002 -0.18875552886608243        1.5555555555555558       0.49690399499995258     
          20          29   8.0000000000000000        5.4999999999999991        7.3368008097424626       0.59395942755212117                2 -0.12836477976712810       -6.7787109321599245E-002  -9.7708159099547859E-002 -0.24723680820301214        1.2222222222222223       0.41573970964154916     
          20          30   9.0000000000000000        6.4999999999999991        8.2406333346085425       0.41398959087892628                2 -0.11203350407667945       -4.6957185282894769E-002  -7.2438554607491518E-002 -0.18871428272243662        1.4444444444444446       0.49690399499995258     
          20          31   11.000000000000000        7.4999999999999991        9.9434190977797030       0.55214553783236320                2 -0.13633579405330007       -7.5757078715817314E-002  -7.2674226191927219E-002 -0.16771453615290288        1.6666666666666670       0.47140452079103129     
          20          32   10.000000000000000        6.4999999999999991        9.7493993572909705       0.92766176133895228                2 -0.10411576911201281       0.23689895389210000      -0.19673701456104309      -0.87933863937493884        1.4444444444444446       0.49690399499995302     
          20          33   12.000000000000000        7.4999999999999991        10.572426137864813       0.62359746879964972                2 -0.21864484900557318      -0.24768166139847914       0.61147766285686278       0.43762127361615155        1.6666666666666670       0.47140452079103085     
          20          34   11.000000000000000        6.9999999999999991        9.3427122710392840       0.43399838333319607                2 -0.13750596096112869       -7.8721818181508987E-002  -7.7460955667008405E-002 -0.18257446632874014        1.5555555555555554       0.49690399499995436     
          20          35   9.0000000000000000        6.4999999999999991        8.5627749975656311       0.74799373166613203                2 -0.12950613756801813       -6.2585239060197043E-002  -7.7610655740629156E-002 -0.19003495298590387        1.4444444444444446       0.49690399499995302     
          20          36   11.000000000000000        7.4999999999999991        9.9907791276042541       0.55475902828011614                2 -0.19499068962817670        7.8826085123808745E-002  0.45369044716600004      -0.34955994282703279        1.6666666666666670       0.47140452079103085     
          20          37   11.000000000000000        6.9999999999999991        9.6457603349811425       0.50534644328304545                2 -0.16826368455266186      -0.11032479389941616       -9.6858959928825802E-002 -0.15919566089249773        1.5555555555555558       0.49690399499995214     
          20          38   11.000000000000000        6.9999999999999991        9.5651812276005490       0.43817749339966861                2 -0.17237122307943223      -0.11342947299816379      -0.10003081348480140      -0.16048184523108902        1.5555555555555558       0.49690399499995214     
          20          39   9.0000000000000000        6.4999999999999991        8.2406333346085443       0.41398958312473710                2 -0.11203351121970465       -4.6957189652098323E-002  -7.2438547839698636E-002 -0.18871425954863086        1.4444444444444446       0.49690399499995258     
          20          40   10.000000000000000        6.9999999999999991        8.9893474429422877       0.23391872940247130                2 -0.12005435196238139       -5.1447820523452453E-002  -6.7671511027790246E-002 -0.17454249741459654        1.5555555555555558       0.49690399499995258     
          20          41   11.000000000000000        7.9999999999999991        10.265823262448187       0.69924449170457215                2 -0.13030450241007424      -0.10109374315630393      -0.44867816788950460       0.39096921890200004        1.7777777777777781       0.41573970964154727     
          20          42   11.000000000000000        7.9999999999999991        10.265823262448190       0.69924448507354842                2 -0.13030449943770275      -0.10109374800896134      -0.44867817059580239       0.39096922162551145        1.7777777777777781       0.41573970964154727     
          20          43   12.000000000000000        7.9999999999999991        11.204246951377172       0.69355667370657259                2 -0.18906469976665741      -0.17152170425433699      -0.44825486025594630      -0.59499549309493505        1.7777777777777781       0.41573970964154838     
          20          44   10.000000000000000        6.9999999999999991        8.9244521397656982       0.23343743153937166                2 -0.10748111006851661       -4.9932697102962512E-002  -7.1118525109048022E-002 -0.19178273695070644        1.5555555555555558       0.49690399499995214     
          20          45   10.000000000000000        6.4999999999999991        8.5997308766655713       0.35408379075361085                2 -0.13382553388817220       -7.0539457441822162E-002  -7.8768369344212066E-002 -0.18907574772743610        1.4444444444444446       0.49690399499995302     
          20          46   11.000000000000000        6.9999999999999991        9.3427122710392823       0.43399835778630913                2 -0.13750596093310377       -7.8721811651554896E-002  -7.7460948605602237E-002 -0.18257446631798910        1.5555555555555558       0.49690399499995258     
          20          47   11.000000000000000        7.4999999999999991        9.6580011071790430       0.44862745359115264                2 -0.10580842187980306       0.11126530714765584       0.41797720641029640      -0.33058944470566620        1.6666666666666670       0.47140452079103085     
          20          48   11.000000000000000        7.4999999999999991        9.9907791276042524       0.55475901105120573                2 -0.19499069242229727        7.8826069534106508E-002  0.45369045653314083      -0.34955995561749620        1.6666666666666670       0.47140452079103085     
          20          49   11.000000000000000        7.4999999999999991        9.6580011071790413       0.44862743359278212                2 -0.10580841373097179       0.11126528117375646       0.41797721090738016      -0.33058947042144460        1.6666666666666670       0.47140452079103085     
          20          50   8.0000000000000000        5.9999999999999991        7.7591353551961832       0.90466370308561572                2 -0.12141783989096934       -5.4055700336595618E-002  -8.0110652053241957E-002 -0.20014926213362697        1.3333333333333335       0.47140452079103129     
