           9           1   6.0000000000000000        2.9999999999999996        5.5000000000000036       0.49999999999999972                2 -0.12500000010124390      -0.12499999982704053      -0.24999999983983112       0.99999999941687190        1.5000000000000000       0.50000000000000000     
           9           2   7.0000000000000000        3.4999999999999996        6.1613875685377346       0.52879127249477820                2 -0.18200576569004678      -0.10192286377997491      -0.14153865376943589      -0.24419194746244136        1.7500000000000000       0.43301270189221930     
           9           3   6.0000000000000000        2.9999999999999996        5.3780554958907025       0.50209395040120408                2 -0.17055239060703717      -0.10171028428521420      -0.15897050230598292      -0.27236275537236182        1.5000000000000000       0.50000000000000000     
           9           4   6.0000000000000000        2.9999999999999996        5.3218521675034482       0.47539045327696428                2 -0.17651469126510869       -8.4200334533113139E-002 -0.15519223178439168      -0.30705401783439462        1.5000000000000000       0.50000000000000000     
           9           5   6.0000000000000000        2.9999999999999996        5.3780554958907008       0.50209395307910332                2 -0.17055239696783864      -0.10171029708615760      -0.15897048372974665      -0.27236275869249144        1.5000000000000000       0.50000000000000000     
           9           6   5.0000000000000000        2.4999999999999996        4.4114569722864880       0.47971043441200184                2 -0.17566749394661510       -8.5946496254837065E-002 -0.17881968677364118      -0.35414077369781899        1.2500000000000000       0.43301270189221930     
           9           7   6.0000000000000000        2.9999999999999996        5.3660854739855228       0.54027715162425949                2 -0.17783201247915018      -0.10933114018563586      -0.17239356231522326      -0.27100763053838661        1.5000000000000000       0.50000000000000000     
           9           8   5.0000000000000000        2.4999999999999996        4.4114569722864880       0.47971043264053581                2 -0.17566750034998979       -8.5946496769085778E-002 -0.17881967816472155      -0.35414077835701319        1.2500000000000000       0.43301270189221930     
           9           9   7.0000000000000000        3.4999999999999996        6.3237004012589777       0.51703645638567852                2 -0.17336652938053451       -9.1094229250154368E-002 -0.13775162538453445      -0.26285388184969244        1.7500000000000000       0.43301270189221930     
           9          10   7.0000000000000000        3.4999999999999996        6.1613875685377346       0.52879128044905799                2 -0.18200576196072218      -0.10192286753251523      -0.14153865934985049      -0.24419195515057127        1.7500000000000000       0.43301270189221930     
           9          11   6.0000000000000000        2.9999999999999996        5.3218521675034482       0.47539041907334828                2 -0.17651466599398621       -8.4200317095053268E-002 -0.15519222833461890      -0.30705401613680527        1.5000000000000000       0.50000000000000000     
           9          12   7.0000000000000000        3.4999999999999996        6.1613875685377328       0.52879128671816933                2 -0.18200577755919406      -0.10192287309197713      -0.14153865453880429      -0.24419195938748575        1.7500000000000000       0.43301270189221930     
           9          13   7.0000000000000000        3.4999999999999996        6.3237004012589741       0.51703644771630108                2 -0.17336652006349312       -9.1094227403570913E-002 -0.13775162299712912      -0.26285388408883548        1.7500000000000000       0.43301270189221930     
           9          14   7.0000000000000000        3.4999999999999996        6.3237004012589777       0.51703644981347407                2 -0.17336651910641007       -9.1094233505018135E-002 -0.13775162629235579      -0.26285388436559354        1.7500000000000000       0.43301270189221930     
           9          15   6.0000000000000000        2.9999999999999996        5.5000000000000018       0.49999999999999883                2 -0.12499999596799304      -0.12499999047949746      -0.24999999960595035       0.99999998760248776        1.5000000000000000       0.50000000000000000     
           9          16   4.0000000000000000        1.9999999999999998        3.5273126515983031       0.55879036576058905                2 -0.18449581935556189       -9.9930969069540965E-002 -0.25470554955627461      -0.45793095033357728        1.0000000000000000        0.0000000000000000     
           9          17   7.0000000000000000        3.4999999999999996        6.1613875685377320       0.52879129113322598                2 -0.18200577743011803      -0.10192287551678880      -0.14153866058464121      -0.24419195350658585        1.7500000000000000       0.43301270189221930     
           9          18   5.0000000000000000        2.4999999999999996        4.4539137400109512       0.52648255934119148                2 -0.17152776464580116       -9.5657946901091861E-002 -0.20921629458184532      -0.34736683145088715        1.2500000000000000       0.43301270189221930     
           9          19   7.0000000000000000        3.4999999999999996        6.1613875685377355       0.52879129432433103                2 -0.18200577389443473      -0.10192286879725176      -0.14153867367124004      -0.24419195851556208        1.7500000000000000       0.43301270189221930     
           9          20   6.0000000000000000        2.9999999999999996        5.3660854739855246       0.54027714914478264                2 -0.17783201304020821      -0.10933113910754909      -0.17239356138006801      -0.27100762803790873        1.5000000000000000       0.50000000000000000     
           9          21   5.0000000000000000        2.4999999999999996        4.4114569722864871       0.47971042800742231                2 -0.17566748980749791       -8.5946494084590902E-002 -0.17881967370106369      -0.35414075914260740        1.2500000000000000       0.43301270189221930     
           9          22   5.0000000000000000        2.4999999999999996        4.4539137400109521       0.52648255660993437                2 -0.17152776322390220       -9.5657945797105806E-002 -0.20921629270661216      -0.34736682985303041        1.2500000000000000       0.43301270189221930     
           9          23   5.0000000000000000        2.4999999999999996        4.4539137400109503       0.52648256222939449                2 -0.17152775871496787       -9.5657948777297747E-002 -0.20921629871450081      -0.34736684292452757        1.2500000000000000       0.43301270189221930     
           9          24   5.0000000000000000        2.4999999999999996        4.4539137400109503       0.52648255542919664                2 -0.17152776488358951       -9.5657948759586386E-002 -0.20921628335465828      -0.34736681937529879        1.2500000000000000       0.43301270189221930     
           9          25   7.0000000000000000        3.4999999999999996        6.3237004012589724       0.51703644709176566                2 -0.17336651975990022       -9.1094226403499928E-002 -0.13775162268922941      -0.26285388405354920        1.7500000000000000       0.43301270189221930     
           9          26   6.0000000000000000        2.9999999999999996        5.3660854739855210       0.54027717126077468                2 -0.17783201690193076      -0.10933115355678642      -0.17239357024039326      -0.27100763572615855        1.5000000000000000       0.50000000000000000     
           9          27   6.0000000000000000        2.9999999999999996        5.3218521675034509       0.47539045124139284                2 -0.17651469160287223       -8.4200336583424504E-002 -0.15519222360215795      -0.30705400954870388        1.5000000000000000       0.50000000000000000     
           9          28   7.0000000000000000        3.4999999999999996        6.3237004012589777       0.51703644822255279                2 -0.17336652104450015       -9.1094228265735183E-002 -0.13775162260018506      -0.26285388585641312        1.7500000000000000       0.43301270189221930     
           9          29   6.0000000000000000        2.9999999999999996        5.3218521675034482       0.47539045026296206                2 -0.17651469070245970       -8.4200336172108967E-002 -0.15519222386765275      -0.30705401043654029        1.5000000000000000       0.50000000000000000     
           9          30   6.0000000000000000        2.9999999999999996        5.5000000000000036       0.49999999999999989                2 -0.12500000068417411      -0.12500000034049596       0.75000000053933047       0.99999999985440369        1.5000000000000000       0.50000000000000000     
           9          31   7.0000000000000000        3.4999999999999996        6.3237004012589706       0.51703643832503077                2 -0.17336651002889922       -9.1094219348269542E-002 -0.13775162143331968      -0.26285387916958469        1.7500000000000000       0.43301270189221930     
           9          32   7.0000000000000000        3.4999999999999996        6.1613875685377302       0.52879128291771582                2 -0.18200576549512673      -0.10192286669386834      -0.14153865657906217      -0.24419197125234626        1.7500000000000000       0.43301270189221930     
           9          33   6.0000000000000000        2.9999999999999996        5.3780554958907034       0.50209395308587768                2 -0.17055239741298969      -0.10171029722930819      -0.15897048363988980      -0.27236275820377587        1.5000000000000000       0.50000000000000000     
           9          34   7.0000000000000000        3.4999999999999996        6.1613875685377311       0.52879128860312530                2 -0.18200577491123501      -0.10192287313934352      -0.14153866022070977      -0.24419195468213398        1.7500000000000000       0.43301270189221930     
           9          35   7.0000000000000000        3.4999999999999996        6.1613875685377346       0.52879128076664761                2 -0.18200577079607921      -0.10192286726647669      -0.14153866014721125      -0.24419194757780166        1.7500000000000000       0.43301270189221930     
           9          36   5.0000000000000000        2.4999999999999996        4.4114569722864863       0.47971043081543296                2 -0.17566749713417534       -8.5946492242520295E-002 -0.17881968609569887      -0.35414079354312056        1.2500000000000000       0.43301270189221930     
           9          37   7.0000000000000000        3.4999999999999996        6.1613875685377328       0.52879127233415502                2 -0.18200577153200290      -0.10192287288258277      -0.14153864102919897      -0.24419194341877390        1.7500000000000000       0.43301270189221930     
           9          38   4.0000000000000000        1.9999999999999998        3.5273126515983035       0.55879036596959963                2 -0.18449581932537634       -9.9930968479120946E-002 -0.25470555142830009      -0.45793095249290972        1.0000000000000000        0.0000000000000000     
           9          39   7.0000000000000000        3.4999999999999996        6.3237004012589750       0.51703644860241704                2 -0.17336652291766044       -9.1094223147693137E-002 -0.13775162492679938      -0.26285388585407665        1.7500000000000000       0.43301270189221930     
           9          40   7.0000000000000000        3.4999999999999996        6.1613875685377346       0.52879128693217570                2 -0.18200578148667557      -0.10192287548285292      -0.14153865195710524      -0.24419195532911653        1.7500000000000000       0.43301270189221930     
           9          41   7.0000000000000000        3.4999999999999996        6.3237004012589724       0.51703644821917960                2 -0.17336652037547831       -9.1094227983783027E-002 -0.13775162320612197      -0.26285388396826609        1.7500000000000000       0.43301270189221930     
           9          42   4.0000000000000000        1.9999999999999998        3.5273126515983035       0.55879034403432426                2 -0.18449580725807058       -9.9930951852268524E-002 -0.25470553172904370      -0.45793096563084368        1.0000000000000000        0.0000000000000000     
           9          43   6.0000000000000000        2.9999999999999996        5.3660854739855246       0.54027715815518329                2 -0.17783200449715456      -0.10933114338984518      -0.17239356274639447      -0.27100764055124266        1.5000000000000000       0.50000000000000000     
           9          44   8.0000000000000000        3.9999999999999996        7.0546253031966053       0.55879036091192713                2 -0.18449581063181447       -9.9930965354678380E-002  0.87264722298172948       0.77103452549558738        2.0000000000000000        0.0000000000000000     
           9          45   5.0000000000000000        2.4999999999999996        4.4539137400109521       0.52648256065489218                2 -0.17152775243175358       -9.5657944378878076E-002 -0.20921631715224445      -0.34736684557172626        1.2500000000000000       0.43301270189221930     
           9          46   5.0000000000000000        2.4999999999999996        4.4539137400109521       0.52648255412876610                2 -0.17152775732399195       -9.5657943807282361E-002 -0.20921629914402076      -0.34736683214981412        1.2500000000000000       0.43301270189221930     
           9          47   6.0000000000000000        2.9999999999999996        5.3218521675034491       0.47539045018088394                2 -0.17651469380893328       -8.4200318836494245E-002 -0.15519224924528208      -0.30705403716164414        1.5000000000000000       0.50000000000000000     
           9          48   7.0000000000000000        3.4999999999999996        6.1613875685377364       0.52879129009937453                2 -0.18200577601204868      -0.10192287405767388      -0.14153866076967811      -0.24419195510356231        1.7500000000000000       0.43301270189221930     
           9          49   7.0000000000000000        3.4999999999999996        6.1613875685377346       0.52879128769448636                2 -0.18200576900098159      -0.10192286422733073      -0.14153866918484034      -0.24419196342015237        1.7500000000000000       0.43301270189221930     
           9          50   7.0000000000000000        3.4999999999999996        6.3237004012589759       0.51703644747623079                2 -0.17336652001108147       -9.1094225090072256E-002 -0.13775162492156159      -0.26285388400984855        1.7500000000000000       0.43301270189221930     
