          11           1   7.0000000000000000        4.4999999999999991        6.3333678542191585       0.43465271734847910                2 -0.14889900494305866       -6.3012498979209020E-002  -9.3426621653049491E-002 -0.20520967357523501        1.5000000000000000       0.49999999999999956     
          11           2   7.0000000000000000        4.4999999999999991        6.3412502354292668       0.48167940767229595                2 -0.12971677690750322       -5.9685900588166828E-002  -9.1589008769673255E-002 -0.18337232625710295        1.4999999999999998       0.50000000000000000     
          11           3   8.0000000000000000        4.9999999999999991        7.4674648178161931       0.64612199971496542                2 -0.16280200325878869       -7.6237181731290182E-002 -0.63439602455258259      -0.59719358439413961        1.6666666666666667       0.47140452079103085     
          11           4   7.0000000000000000        4.9999999999999991        6.7699562464646013       0.81179388708023426                2 -0.13636084117194347       -5.2403215011658920E-002  -7.6595076066115944E-002 -0.17204829926500784        1.6666666666666665       0.47140452079103223     
          11           5   6.0000000000000000        3.9999999999999996        5.7840901436141028       0.80268743693181110                2 -0.15329232162968459       0.12171353524209354      -0.83641529581846052      -0.97533710033508103        1.3333333333333333       0.47140452079103179     
          11           6   6.0000000000000000        3.9999999999999996        5.7840901436141028       0.80268744243441925                2 -0.15329232252115696       0.12171353936094510      -0.83641529402351988      -0.97533709625500753        1.3333333333333333       0.47140452079103157     
          11           7   7.0000000000000000        4.4999999999999991        6.3412502354292650       0.48167940674251075                2 -0.12971677634516288       -5.9685900106117171E-002  -9.1589009036210520E-002 -0.18337232640266246        1.4999999999999998       0.50000000000000000     
          11           8   7.0000000000000000        4.4999999999999991        6.3412502354292615       0.48167941114157153                2 -0.12971677965799400       -5.9685901706807959E-002  -9.1589008463878394E-002 -0.18337232624847316        1.5000000000000000       0.49999999999999956     
          11           9   7.0000000000000000        4.4999999999999991        6.6328348012746687       0.71792826743593474                2 -0.19704620822871002      -0.11645625689755414      -0.89917347132332714       0.24868367746041653        1.5000000000000000       0.49999999999999956     
          11          10   5.0000000000000000        3.4999999999999996        4.8474359152217357       0.87976309012627663                2 -0.13893867038885252       -5.6007231045935156E-002 -0.11463771217946950      -0.24907270022330272        1.1666666666666665       0.37267799624996550     
          11          11   7.0000000000000000        4.4999999999999991        6.3333678542191594       0.43465276150617344                2 -0.14889898300685117       -6.3012495619169134E-002  -9.3426670204703605E-002 -0.20520968318618982        1.5000000000000000       0.49999999999999956     
          11          12   6.0000000000000000        3.9999999999999996        5.7840901436141037       0.80268744280413273                2 -0.15329232525574774       0.12171354003439765      -0.83641529908995171      -0.97533709254430223        1.3333333333333333       0.47140452079103179     
          11          13   8.0000000000000000        5.4999999999999991        7.7278793574288338       0.86265192728159801                2 -0.17365610847323049       -9.4011840401017566E-002 -0.57262701707771613      -0.61666466258521557        1.8333333333333333       0.37267799624996489     
          11          14   8.0000000000000000        4.9999999999999991        7.6789730380770536       0.76458406502240217                2 -0.16687138808572438       0.14236533038726662      -0.17734530514523206       0.50416343192192792        1.6666666666666665       0.47140452079103179     
          11          15   8.0000000000000000        4.9999999999999991        7.4674648178161922       0.64612196427200830                2 -0.16280200805354836       -7.6237156530938002E-002 -0.63439604120149906      -0.59719357171572951        1.6666666666666665       0.47140452079103223     
          11          16   8.0000000000000000        4.9999999999999991        7.4674648178161949       0.64612194686441959                2 -0.16280200258878547       -7.6237160404401386E-002 -0.63439604565276586      -0.59719356760783193        1.6666666666666667       0.47140452079103085     
          11          17   7.0000000000000000        4.4999999999999991        6.6328348012746714       0.71792825958646256                2 -0.19704622814807540      -0.11645625884635338      -0.89917350483361369       0.24868366348089702        1.5000000000000000       0.50000000000000000     
          11          18   7.0000000000000000        4.9999999999999991        6.7699562464646004       0.81179388863360558                2 -0.13636084457373993       -5.2403218362300219E-002  -7.6595074845477062E-002 -0.17204829597027288        1.6666666666666665       0.47140452079103179     
          11          19   6.0000000000000000        3.9999999999999996        5.5314447779223457       0.60474080314467571                2 -0.13595851730179301       -5.5810507602571932E-002 -0.10415750920984120      -0.22289188371815430        1.3333333333333333       0.47140452079103157     
          11          20   8.0000000000000000        5.4999999999999991        7.6450260443167659       0.91155903534736593                2  -8.4879769861895188E-002  0.16641406566418318      -0.78790373890117149      -0.59260993600829459        1.8333333333333330       0.37267799624996606     
          11          21   7.0000000000000000        4.9999999999999991        6.7699562464645977       0.81179388537865582                2 -0.13636084217849601       -5.2403216215981221E-002  -7.6595073669718156E-002 -0.17204829629801732        1.6666666666666665       0.47140452079103179     
          11          22   6.0000000000000000        3.9999999999999996        5.5528825537158770       0.61176451561082912                2 -0.14637519520738693       -6.1721378246659422E-002 -0.12044420839415231      -0.25592809121255311        1.3333333333333333       0.47140452079103179     
          11          23   5.0000000000000000        3.4999999999999996        4.8474359152217357       0.87976308810561088                2 -0.13893867063240159       -5.6007232225822032E-002 -0.11463770830876087      -0.24907269766621754        1.1666666666666665       0.37267799624996550     
          11          24   8.0000000000000000        5.4999999999999991        7.6450260443167659       0.91155903620477807                2  -8.4879767198657766E-002  0.16641406150624199      -0.78790373335975106      -0.59260994423051716        1.8333333333333330       0.37267799624996606     
          11          25   8.0000000000000000        4.9999999999999991        7.1901812338588149       0.55213816558982565                2 -0.11369831487387115        8.6694726952062179E-002 -0.67197481889162114       0.75110411872441907        1.6666666666666665       0.47140452079103179     
          11          26   8.0000000000000000        4.9999999999999991        7.1901812338588158       0.55213817452733549                2 -0.11369831343977746        8.6694711001415944E-002 -0.67197480644353969       0.75110411269051192        1.6666666666666665       0.47140452079103179     
          11          27   7.0000000000000000        4.4999999999999991        6.6328348012746696       0.71792825533477778                2 -0.19704623344545522      -0.11645626564854650      -0.89917347336712994       0.24868365176961676        1.5000000000000002       0.49999999999999867     
          11          28   8.0000000000000000        4.9999999999999991        7.4674648178161913       0.64612197476681577                2 -0.16280200895296532       -7.6237159562055998E-002 -0.63439603845874304      -0.59719356939910340        1.6666666666666667       0.47140452079103085     
          11          29   8.0000000000000000        4.9999999999999991        7.4674648178161931       0.64612196801504496                2 -0.16280201150902354       -7.6237152723446708E-002 -0.63439604155611995      -0.59719357352981461        1.6666666666666665       0.47140452079103179     
          11          30   6.0000000000000000        4.4999999999999991        5.9453072441170196       0.98041636610903038                2  -6.8934761796660748E-002   4.5498933661230458E-002 -0.13227370127589375       0.31132635907164208        1.5000000000000000       0.50000000000000000     
          11          31   8.0000000000000000        4.9999999999999991        7.4674648178161931       0.64612195902188763                2 -0.16280200673912665       -7.6237157745225118E-002 -0.63439604243247860      -0.59719357307990839        1.6666666666666665       0.47140452079103179     
          11          32   4.0000000000000000        2.9999999999999996        3.9960824010198577       0.99818971807782841                2  -8.1693323012083666E-002  0.18608367525902625       0.28993454157914017      -0.10302302761410946       0.99999999999999989        1.0536712127723509E-008
          11          33   7.0000000000000000        4.4999999999999991        6.3333678542191585       0.43465272341551564                2 -0.14889896841724301       -6.3012471701706485E-002  -9.3426655186493263E-002 -0.20520970174207373        1.5000000000000000       0.49999999999999956     
          11          34   6.0000000000000000        3.9999999999999996        5.5314447779223439       0.60474081867049390                2 -0.13595852246590176       -5.5810512524976312E-002 -0.10415751347450909      -0.22289187740752589        1.3333333333333333       0.47140452079103157     
          11          35   7.0000000000000000        4.4999999999999991        6.3412502354292668       0.48167941201020070                2 -0.12971677631567402       -5.9685900932045337E-002  -9.1589010459402917E-002 -0.18337232577156670        1.5000000000000000       0.49999999999999956     
          11          36   6.0000000000000000        3.9999999999999996        5.5314447779223448       0.60474080213091574                2 -0.13595851855302149       -5.5810510219558122E-002 -0.10415750414952468      -0.22289188782764188        1.3333333333333333       0.47140452079103179     
          11          37   7.0000000000000000        4.9999999999999991        6.7699562464645986       0.81179388664098773                2 -0.13636084362297693       -5.2403217091415218E-002  -7.6595073763847457E-002 -0.17204829725396009        1.6666666666666665       0.47140452079103223     
          11          38   7.0000000000000000        4.4999999999999991        6.3333678542191558       0.43465272845120290                2 -0.14889898784250019       -6.3012485422943076E-002  -9.3426651375059469E-002 -0.20520967249897637        1.5000000000000000       0.49999999999999956     
          11          39   8.0000000000000000        4.9999999999999991        7.1901812338588149       0.55213816870744259                2 -0.11369830793960113        8.6694715565856131E-002 -0.67197480393176801       0.75110411080780548        1.6666666666666665       0.47140452079103179     
          11          40   8.0000000000000000        5.4999999999999991        7.6450260443167632       0.91155903482888179                2  -8.4879769548555181E-002  0.16641406130855285      -0.78790373472167075      -0.59260993991009958        1.8333333333333330       0.37267799624996606     
          11          41   6.0000000000000000        3.9999999999999996        5.5314447779223412       0.60474079634330824                2 -0.13595851493661276       -5.5810506883460599E-002 -0.10415750283291990      -0.22289189958762987        1.3333333333333333       0.47140452079103157     
          11          42   7.0000000000000000        4.4999999999999991        6.3412502354292641       0.48167938854382286                2 -0.12971676672564911       -5.9685895017655477E-002  -9.1589009396656332E-002 -0.18337232169804138        1.4999999999999998       0.50000000000000000     
          11          43   6.0000000000000000        4.4999999999999991        5.9453072441170205       0.98041636605335158                2  -6.8934762304149563E-002   4.5498932435039795E-002 -0.13227370173697225       0.31132636084691023        1.5000000000000000       0.50000000000000000     
          11          44   7.0000000000000000        4.4999999999999991        6.3412502354292677       0.48167941392548941                2 -0.12971677322580524       -5.9685902954670605E-002  -9.1589009259179663E-002 -0.18337232601995099        1.4999999999999998       0.50000000000000000     
          11          45   6.0000000000000000        3.9999999999999996        5.5528825537158752       0.61176451680596577                2 -0.14637519733952131       -6.1721378750248662E-002 -0.12044420956329374      -0.25592808962837477        1.3333333333333333       0.47140452079103179     
          11          46   7.0000000000000000        4.4999999999999991        6.3333678542191576       0.43465273392698872                2 -0.14889898586195940       -6.3012484852712769E-002  -9.3426650555609683E-002 -0.20520969545015194        1.5000000000000000       0.49999999999999956     
          11          47   8.0000000000000000        5.4999999999999991        7.6450260443167615       0.91155903544764039                2  -8.4879770748262362E-002  0.16641406839815148      -0.78790374117818818      -0.59260993259865080        1.8333333333333330       0.37267799624996606     
          11          48   6.0000000000000000        3.9999999999999996        5.5528825537158761       0.61176452140711324                2 -0.14637520388317424       -6.1721385690527993E-002 -0.12044420626079208      -0.25592808224769026        1.3333333333333335       0.47140452079103129     
          11          49   6.0000000000000000        3.9999999999999996        5.7840901436141028       0.80268744167212580                2 -0.15329232503077661       0.12171354006615089      -0.83641529801948666      -0.97533709423139581        1.3333333333333333       0.47140452079103179     
          11          50   7.0000000000000000        4.4999999999999991        6.6328348012746687       0.71792825482862899                2 -0.19704624212644911      -0.11645627678287218      -0.89917346879729243       0.24868364624014300        1.5000000000000000       0.49999999999999956     
