           3           1   7.0000000000000000        3.9999999999999996        6.0874145597386153       0.36219613506790127                2 -0.14919382373392481       -7.6045567232285519E-002 -0.10986607195939946      -0.21738608472264420        1.6000000000000001       0.48989794855663493     
           3           2   8.0000000000000000        4.4999999999999991        7.1441352699199854       0.44913062524523412                2 -0.15234365209510270      -0.11820458890658175       0.83813706369712193       0.98991318608271672        1.8000000000000000       0.40000000000000019     
           3           3   5.0000000000000000        2.9999999999999996        4.5192385324906059       0.65658862421103992                2 -0.13480052864905942        8.6106070325746117E-002 -0.15971694570109429       0.72943193109597992        1.2000000000000002       0.39999999999999963     
           3           4   6.0000000000000000        3.4999999999999996        5.4539084173254597       0.65347329407814059                2 -0.13913033581588644       -7.9533653182824876E-002 -0.12734309649051079      -0.21420350669317922        1.4000000000000001       0.48989794855663538     
           3           5   5.0000000000000000        2.9999999999999996        4.5192385324906086       0.65658862305621613                2 -0.13480053356731792        8.6106074718216741E-002 -0.15971693818716517       0.72943193976349741        1.2000000000000002       0.39999999999999963     
           3           6   7.0000000000000000        4.4999999999999991        6.4545332357705396       0.64368614752980902                2 -0.13947553657343340       -6.6779768347908927E-002  -9.1723285004449429E-002 -0.18905621235669265        1.8000000000000003       0.39999999999999908     
           3           7   6.0000000000000000        3.4999999999999996        5.5658958345360974       0.72526816563163909                2  -7.1316495791179588E-002   7.9661779063494989E-002 -0.23589632655974377       0.46294550372316068        1.4000000000000001       0.48989794855663538     
           3           8   6.0000000000000000        3.4999999999999996        5.4539084173254579       0.65347323689317993                2 -0.13913033362696858       -7.9533635879640435E-002 -0.12734307943327841      -0.21420353759573527        1.4000000000000001       0.48989794855663538     
           3           9   5.0000000000000000        2.9999999999999996        4.5192385324906059       0.65658860795488116                2 -0.13480052533185313        8.6106065821914088E-002 -0.15971694124321803       0.72943193205147627        1.2000000000000002       0.39999999999999963     
           3          10   6.0000000000000000        3.4999999999999996        5.5658958345360974       0.72526815492147689                2  -7.1316490210913366E-002   7.9661780673596014E-002 -0.23589632686999398       0.46294550156068537        1.3999999999999999       0.48989794855663604     
           3          11   7.0000000000000000        3.9999999999999996        6.5268291312761377       0.54979674934472955                2 -0.11343718424247545      -0.13579640318718544       0.75242322994082711      -0.99476443651654234        1.6000000000000001       0.48989794855663493     
           3          12   7.0000000000000000        3.9999999999999996        6.5268291312761395       0.54979673276769714                2 -0.11343719708003196      -0.13579640527035269       0.75242321644856236      -0.99476442479129334        1.6000000000000001       0.48989794855663493     
           3          13   7.0000000000000000        3.9999999999999996        6.5268291312761404       0.54979674843065984                2 -0.11343718271122560      -0.13579640481733071       0.75242321610631524      -0.99476445201590236        1.6000000000000001       0.48989794855663493     
           3          14   7.0000000000000000        4.4999999999999991        6.4545332357705378       0.64368616864710804                2 -0.13947552263332474       -6.6779758072479864E-002  -9.1723303344246762E-002 -0.18905624472815655        1.8000000000000003       0.39999999999999908     
           3          15   5.0000000000000000        2.9999999999999996        4.6233402793390361       0.72994363530524564                2 -0.13801248953870388       -7.0323180611037872E-002 -0.17970658122455768      -0.36201446862124520        1.2000000000000000       0.39999999999999991     
           3          16   6.0000000000000000        3.4999999999999996        5.4539084173254579       0.65347329253406350                2 -0.13913035710212140       -7.9533659261203718E-002 -0.12734308147677503      -0.21420351146968566        1.3999999999999999       0.48989794855663604     
           3          17   7.0000000000000000        3.9999999999999996        6.5268291312761377       0.54979675134520889                2 -0.11343719022777345      -0.13579641597227446       0.75242317063276110      -0.99476445841247829        1.5999999999999999       0.48989794855663626     
           3          18   6.0000000000000000        3.4999999999999996        5.4341829040072431       0.66958533708163359                2 -0.18177964779652070      -0.10180778663393938      -0.78073366990886284       0.18591558525022617        1.3999999999999999       0.48989794855663604     
           3          19   6.0000000000000000        3.4999999999999996        5.3073753093166145       0.61552370470983753                2 -0.16711288070207034       -7.6633052186492537E-002 -0.61776602401482672       0.38698312754158409        1.3999999999999999       0.48989794855663604     
           3          20   7.0000000000000000        4.4999999999999991        6.4545332357705414       0.64368613917729234                2 -0.13947553611278735       -6.6779756807092458E-002  -9.1723293512539716E-002 -0.18905621019548438        1.8000000000000003       0.39999999999999908     
           3          21   8.0000000000000000        4.4999999999999991        7.1441352699199872       0.44913064269970704                2 -0.15234366989250042      -0.11820458330978567       0.83813707060632225       0.98991318441927356        1.8000000000000000       0.40000000000000019     
           3          22   6.0000000000000000        3.4999999999999996        5.6615799613510731       0.88352682700387319                2 -0.14271057453238656       -8.0379604635004709E-002  0.87071783275577397       0.78721163007011707        1.4000000000000001       0.48989794855663538     
           3          23   5.0000000000000000        2.9999999999999996        4.6837963008052199       0.76424865476577786                2 -0.13894532818715921       -7.2828727795660519E-002 -0.13445810011847745      -0.25006950855260912        1.2000000000000000       0.40000000000000019     
           3          24   5.0000000000000000        2.9999999999999996        4.5192385324906059       0.65658861938897883                2 -0.13480052719004162        8.6106068494205823E-002 -0.15971694550400029       0.72943193190265354        1.2000000000000000       0.39999999999999991     
           3          25   7.0000000000000000        3.9999999999999996        6.4833445512923618       0.73473345664537903                2 -0.15110208899951583       -7.7139959021785318E-002 -0.11075183693352532      -0.22440803764063541        1.5999999999999999       0.48989794855663626     
           3          26   7.0000000000000000        3.9999999999999996        6.1073578101761399       0.47062020550995004                2 -0.12694501241793757       -7.5911749067197359E-002 -0.11234554554518703      -0.18815417424562372        1.6000000000000001       0.48989794855663493     
           3          27   7.0000000000000000        3.9999999999999996        6.1073578101761390       0.47062025887398179                2 -0.12694499901581577       -7.5911756384249893E-002 -0.11234556211297084      -0.18815416269310187        1.6000000000000001       0.48989794855663493     
           3          28   6.0000000000000000        3.4999999999999996        5.4539084173254571       0.65347323546373137                2 -0.13913035578590049       -7.9533652529749838E-002 -0.12734305168023591      -0.21420351827502551        1.3999999999999999       0.48989794855663604     
           3          29   8.0000000000000000        4.4999999999999991        7.1441352699199889       0.44913062714856161                2 -0.15234365171154982      -0.11820458860079529       0.83813706186617809       0.98991318491729285        1.8000000000000000       0.40000000000000019     
           3          30   8.0000000000000000        4.4999999999999991        7.1441352699199854       0.44913067048688948                2 -0.15234365060033916      -0.11820456167422140       0.83813708434366718       0.98991316603406654        1.7999999999999998       0.40000000000000130     
           3          31   7.0000000000000000        3.9999999999999996        6.0874145597386145       0.36219613021099967                2 -0.14919382255781824       -7.6045567441530237E-002 -0.10986606919399486      -0.21738608018974628        1.6000000000000001       0.48989794855663493     
           3          32   8.0000000000000000        4.9999999999999991        7.3478551024857364       0.73975738769600841                2 -0.13966191108140841       -7.0693194206127977E-002  -8.2838358683980470E-002 -0.16484179313199532        2.0000000000000000        0.0000000000000000     
           3          33   5.0000000000000000        2.9999999999999996        4.6837963008052190       0.76424864371070389                2 -0.13894533192034697       -7.2828721874429958E-002 -0.13445809071979570      -0.25006953082975919        1.2000000000000000       0.40000000000000019     
           3          34   5.0000000000000000        2.9999999999999996        4.6233402793390344       0.72994360423894633                2 -0.13801248102803698       -7.0323167744377274E-002 -0.17970657580349664      -0.36201446859571801        1.2000000000000000       0.39999999999999991     
           3          35   7.0000000000000000        3.9999999999999996        6.0874145597386162       0.36219614459101679                2 -0.14919382253167862       -7.6045561473533155E-002 -0.10986608541110851      -0.21738609128506475        1.5999999999999999       0.48989794855663626     
           3          36   6.0000000000000000        3.4999999999999996        5.5658958345360974       0.72526815983359594                2  -7.1316492285202149E-002   7.9661780535681334E-002 -0.23589632874237931       0.46294550370335930        1.3999999999999999       0.48989794855663604     
           3          37   5.0000000000000000        2.9999999999999996        4.6233402793390352       0.72994362935342483                2 -0.13801247984425247       -7.0323167655903795E-002 -0.17970659407105805      -0.36201448513035389        1.2000000000000000       0.39999999999999991     
           3          38   6.0000000000000000        3.4999999999999996        5.4539084173254579       0.65347329739838289                2 -0.13913035745855049       -7.9533659273491042E-002 -0.12734308489545965      -0.21420350974684946        1.3999999999999999       0.48989794855663604     
           3          39   7.0000000000000000        3.9999999999999996        6.1073578101761425       0.47062024447642059                2 -0.12694501105407197       -7.5911758160033663E-002 -0.11234555117364095      -0.18815416862975212        1.6000000000000001       0.48989794855663493     
           3          40   8.0000000000000000        4.4999999999999991        7.1441352699199898       0.44913062673825616                2 -0.15234365144476442      -0.11820458867203187       0.83813706175761982       0.98991318505896153        1.7999999999999998       0.40000000000000130     
           3          41   8.0000000000000000        4.4999999999999991        7.1441352699199845       0.44913067099983406                2 -0.15234367166316623      -0.11820456351297701       0.83813704872784756       0.98991317914767252        1.8000000000000000       0.40000000000000019     
           3          42   6.0000000000000000        3.4999999999999996        5.4341829040072467       0.66958534692463234                2 -0.18177964097170909      -0.10180779304637556      -0.78073365687456842       0.18591557954193008        1.3999999999999999       0.48989794855663604     
           3          43   6.0000000000000000        3.4999999999999996        5.5658958345360947       0.72526815405100398                2  -7.1316494296417801E-002   7.9661778094983857E-002 -0.23589630077975454       0.46294547580340106        1.3999999999999999       0.48989794855663604     
           3          44   7.0000000000000000        3.9999999999999996        6.0874145597386145       0.36219613254742533                2 -0.14919382310011356       -7.6045566302610307E-002 -0.10986607095315572      -0.21738608444253854        1.6000000000000001       0.48989794855663493     
           3          45   7.0000000000000000        3.9999999999999996        6.4833445512923644       0.73473345265323586                2 -0.15110208848478388       -7.7139955414875228E-002 -0.11075182333872567      -0.22440805180254508        1.5999999999999999       0.48989794855663626     
           3          46   7.0000000000000000        3.9999999999999996        6.1073578101761434       0.47062024684885495                2 -0.12694500933791200       -7.5911756545137946E-002 -0.11234555501273796      -0.18815416539236324        1.6000000000000001       0.48989794855663493     
           3          47   6.0000000000000000        3.9999999999999996        5.6140276390175421       0.84887738584062711                2 -0.18145367496291159        9.0188149103961737E-002 -0.59594446715342042      -0.98449198433168827        1.6000000000000001       0.48989794855663493     
           3          48   4.0000000000000000        2.4999999999999996        3.6739275512428660       0.73975740497220188                2 -0.13966193848354491       -7.0693207824851390E-002 -0.16567669842840577      -0.32968363970990117        1.0000000000000000        0.0000000000000000     
           3          49   5.0000000000000000        2.9999999999999996        4.6837963008052199       0.76424864559241912                2 -0.13894533437236256       -7.2828724197663383E-002 -0.13445808963645706      -0.25006952804176868        1.2000000000000000       0.40000000000000019     
           3          50   7.0000000000000000        3.9999999999999996        6.1073578101761399       0.47062024328116636                2 -0.12694501058818317       -7.5911757568391816E-002 -0.11234555187959350      -0.18815416436298796        1.6000000000000001       0.48989794855663493     
