          14           1   8.0000000000000000        4.4999999999999991        7.7592910673111728       0.88165853672928596                2 -0.21905227487897008      -0.16863633845587581      -0.67071569801258146      -0.73044225549165742        1.7999999999999998       0.40000000000000130     
          14           2   5.0000000000000000        2.9999999999999996        4.9330159257227253       0.95185760509009176                2 -0.17040333643699360       -7.9549526401522283E-002 -0.15196282405976291      -0.29589476307997853        1.2000000000000002       0.39999999999999963     
          14           3   8.0000000000000000        4.4999999999999991        7.7592910673111666       0.88165853676586625                2 -0.21905227996095344      -0.16863634080280565      -0.67071569217119642      -0.73044226096997655        1.8000000000000003       0.39999999999999908     
          14           4   7.0000000000000000        3.9999999999999996        6.6634145570220680       0.68460495372616736                2 -0.17029042041633002       -8.1066423418148792E-002 -0.11295767102004339      -0.22747247781399968        1.5999999999999999       0.48989794855663626     
          14           5   6.0000000000000000        3.4999999999999996        5.8053546678372161       0.82293576503779109                2 -0.17222576193953673       -8.7675210874929424E-002 -0.13456331926387963      -0.24696690683287817        1.3999999999999999       0.48989794855663604     
          14           6   8.0000000000000000        4.4999999999999991        7.7592910673111692       0.88165852844870596                2 -0.21905228041473102      -0.16863633464964919      -0.67071567652380126      -0.73044225078628733        1.7999999999999998       0.40000000000000130     
          14           7   6.0000000000000000        3.4999999999999996        5.8269225249914207       0.85723653714788617                2 -0.16996657909117904       -7.7609173042716306E-002 -0.12651966926398600      -0.26078089952008326        1.4000000000000001       0.48989794855663538     
          14           8   6.0000000000000000        3.4999999999999996        5.8053546678372161       0.82293576792994982                2 -0.17222575904289428       -8.7675215792461278E-002 -0.13456331762247084      -0.24696690914111477        1.4000000000000001       0.48989794855663538     
          14           9   7.0000000000000000        3.9999999999999996        6.6634145570220671       0.68460494527533911                2 -0.17029043610242361       -8.1066435778050158E-002 -0.11295768179617567      -0.22747247471176166        1.5999999999999999       0.48989794855663626     
          14          10   8.0000000000000000        4.4999999999999991        7.7592910673111657       0.88165853761548152                2 -0.21905227502498653      -0.16863633985378601      -0.67071569825965005      -0.73044225572133470        1.7999999999999998       0.40000000000000130     
          14          11   7.0000000000000000        3.9999999999999996        6.5680937872483263       0.60067900326497847                2 -0.17614613508061361       -8.6320284216146750E-002 -0.11485837665187593      -0.21932054426478600        1.6000000000000001       0.48989794855663493     
          14          12   8.0000000000000000        4.4999999999999991        7.7592910673111692       0.88165853956681373                2 -0.21905227589596021      -0.16863634354453697      -0.67071569956277333      -0.73044226055800965        1.7999999999999998       0.40000000000000130     
          14          13   7.0000000000000000        3.9999999999999996        6.5680937872483289       0.60067895647152847                2 -0.17614610394005045       -8.6320266439134610E-002 -0.11485835178840886      -0.21932048863742531        1.6000000000000001       0.48989794855663493     
          14          14   8.0000000000000000        4.4999999999999991        7.7592910673111737       0.88165853829901542                2 -0.21905227724977488      -0.16863634221636617      -0.67071569417926624      -0.73044225504692173        1.8000000000000003       0.39999999999999908     
          14          15   5.0000000000000000        2.9999999999999996        4.9330159257227262       0.95185760266032138                2 -0.17040334964924778       -7.9549521635657691E-002 -0.15196282624168128      -0.29589478158276816        1.2000000000000000       0.39999999999999991     
          14          16   6.0000000000000000        3.4999999999999996        5.8053546678372152       0.82293576502266708                2 -0.17222576040523230       -8.7675208840504421E-002 -0.13456332176172550      -0.24696690616109887        1.3999999999999999       0.48989794855663604     
          14          17   5.0000000000000000        2.9999999999999996        4.9330159257227271       0.95185760121893326                2 -0.17040335635885964       -7.9549532074060209E-002 -0.15196281586526303      -0.29589478245786366        1.2000000000000000       0.39999999999999991     
          14          18   7.0000000000000000        3.9999999999999996        6.5680937872483289       0.60067900678548170                2 -0.17614612552114309       -8.6320289223285621E-002 -0.11485837804618390      -0.21932051868427160        1.6000000000000001       0.48989794855663582     
          14          19   6.0000000000000000        3.4999999999999996        5.8053546678372152       0.82293577180362731                2 -0.17222576031626483       -8.7675203917462224E-002 -0.13456333610336196      -0.24696692444017576        1.3999999999999999       0.48989794855663604     
          14          20   7.0000000000000000        3.9999999999999996        6.6634145570220662       0.68460494051694676                2 -0.17029043970338728       -8.1066438552282100E-002 -0.11295768037314205      -0.22747247236087975        1.6000000000000001       0.48989794855663493     
          14          21   8.0000000000000000        4.4999999999999991        7.7592910673111666       0.88165853695793528                2 -0.21905227388626794      -0.16863634167888086      -0.67071569375132656      -0.73044225022016529        1.8000000000000000       0.40000000000000019     
          14          22   8.0000000000000000        4.4999999999999991        7.7592910673111684       0.88165854138433142                2 -0.21905228346220570      -0.16863633524776783      -0.67071570050765839      -0.73044225537997454        1.7999999999999998       0.40000000000000130     
          14          23   5.0000000000000000        2.9999999999999996        4.9330159257227262       0.95185760238466333                2 -0.17040335492951489       -7.9549531047942157E-002 -0.15196283512370071      -0.29589476283848293        1.2000000000000002       0.39999999999999963     
          14          24   7.0000000000000000        3.9999999999999996        6.5680937872483263       0.60067901209592733                2 -0.17614614533301684       -8.6320316941602193E-002 -0.11485835008358662      -0.21932049318190866        1.6000000000000001       0.48989794855663493     
          14          25   6.0000000000000000        3.4999999999999996        5.8053546678372170       0.82293576491864107                2 -0.17222576251893662       -8.7675210970141110E-002 -0.13456331941890473      -0.24696690309507133        1.4000000000000001       0.48989794855663538     
          14          26   8.0000000000000000        4.4999999999999991        7.7592910673111666       0.88165853807717254                2 -0.21905227446997821      -0.16863633737538428      -0.67071570325102381      -0.73044225738109847        1.7999999999999998       0.40000000000000130     
          14          27   7.0000000000000000        3.9999999999999996        6.6634145570220671       0.68460494591483545                2 -0.17029043711934602       -8.1066435922276706E-002 -0.11295768237792317      -0.22747247706770846        1.6000000000000001       0.48989794855663493     
          14          28   8.0000000000000000        4.4999999999999991        7.7592910673111675       0.88165853905101477                2 -0.21905227585076592      -0.16863633976686962      -0.67071569992629376      -0.73044225501805515        1.8000000000000000       0.40000000000000019     
          14          29   5.0000000000000000        2.9999999999999996        4.9330159257227253       0.95185760290257637                2 -0.17040335003485779       -7.9549522763527697E-002 -0.15196282288094265      -0.29589478632455918        1.2000000000000000       0.40000000000000019     
          14          30   7.0000000000000000        3.9999999999999996        6.5680937872483280       0.60067901567352888                2 -0.17614611686167977       -8.6320295910918526E-002 -0.11485838362939169      -0.21932051548038542        1.6000000000000001       0.48989794855663582     
          14          31   7.0000000000000000        3.9999999999999996        6.5680937872483254       0.60067900284401321                2 -0.17614612437450100       -8.6320288503772075E-002 -0.11485837478015770      -0.21932051741520159        1.5999999999999999       0.48989794855663626     
          14          32   7.0000000000000000        3.9999999999999996        6.5680937872483280       0.60067900439773725                2 -0.17614612595529111       -8.6320292621134068E-002 -0.11485837190315487      -0.21932051678772127        1.6000000000000001       0.48989794855663493     
          14          33   6.0000000000000000        3.4999999999999996        5.8269225249914207       0.85723654213692357                2 -0.16996657722199809       -7.7609168208079921E-002 -0.12651967702811273      -0.26078090514784047        1.3999999999999999       0.48989794855663604     
          14          34   7.0000000000000000        3.9999999999999996        6.6634145570220644       0.68460494719042508                2 -0.17029043527587293       -8.1066435116846983E-002 -0.11295768175005041      -0.22747247692220537        1.5999999999999999       0.48989794855663626     
          14          35   4.0000000000000000        2.4999999999999996        4.0000000000000044       0.99999999999999989                2  -7.9269946095570032E-002  0.19280698988374706      -0.61438600311237768       0.84146009707736913        1.0000000000000000        0.0000000000000000     
          14          36   6.0000000000000000        3.4999999999999996        5.8269225249914216       0.85723654292591367                2 -0.16996657494178860       -7.7609164584022713E-002 -0.12651967819572627      -0.26078090442342111        1.4000000000000001       0.48989794855663538     
          14          37   8.0000000000000000        4.4999999999999991        7.7592910673111684       0.88165853681490935                2 -0.21905227763349791      -0.16863633847418280      -0.67071569552636623      -0.73044225683224973        1.7999999999999998       0.40000000000000130     
          14          38   8.0000000000000000        4.4999999999999991        7.7592910673111710       0.88165852838617087                2 -0.21905225643022350      -0.16863634321037166      -0.67071569642630524      -0.73044225188417133        1.7999999999999998       0.40000000000000130     
          14          39   8.0000000000000000        4.4999999999999991        7.7592910673111692       0.88165854057982973                2 -0.21905226987536905      -0.16863634727352050      -0.67071569814965226      -0.73044224649344913        1.8000000000000003       0.39999999999999908     
          14          40   7.0000000000000000        3.9999999999999996        6.6634145570220671       0.68460492905471071                2 -0.17029043799072602       -8.1066451699661118E-002 -0.11295766921293282      -0.22747244886080728        1.6000000000000001       0.48989794855663493     
          14          41   6.0000000000000000        3.4999999999999996        5.8053546678372152       0.82293576478245611                2 -0.17222576331146464       -8.7675210936354858E-002 -0.13456331895436505      -0.24696690549119057        1.3999999999999999       0.48989794855663604     
          14          42   8.0000000000000000        4.4999999999999991        7.7592910673111666       0.88165854307808367                2 -0.21905227150964884      -0.16863634482961090      -0.67071570605136310      -0.73044225120122241        1.8000000000000003       0.39999999999999908     
          14          43   6.0000000000000000        3.4999999999999996        5.8269225249914207       0.85723653550744550                2 -0.16996657741604301       -7.7609171403894048E-002 -0.12651966723787569      -0.26078089525019310        1.3999999999999999       0.48989794855663604     
          14          44   7.0000000000000000        3.9999999999999996        6.6634145570220680       0.68460494140065298                2 -0.17029043321232032       -8.1066423860862560E-002 -0.11295768723594006      -0.22747246784086600        1.6000000000000001       0.48989794855663493     
          14          45   8.0000000000000000        4.4999999999999991        7.7592910673111648       0.88165854074192618                2 -0.21905228235444479      -0.16863633805153663      -0.67071569805443765      -0.73044225638642113        1.8000000000000003       0.39999999999999908     
          14          46   7.0000000000000000        3.9999999999999996        6.6634145570220698       0.68460494461688481                2 -0.17029043673575858       -8.1066434363528103E-002 -0.11295768248142943      -0.22747247531234641        1.6000000000000001       0.48989794855663493     
          14          47   8.0000000000000000        4.4999999999999991        7.7592910673111737       0.88165854729131388                2 -0.21905227348736475      -0.16863634871965200      -0.67071571123951457      -0.73044225783780159        1.8000000000000003       0.39999999999999908     
          14          48   6.0000000000000000        3.4999999999999996        5.8053546678372161       0.82293575933136620                2 -0.17222576178838003       -8.7675206968043609E-002 -0.13456331616125042      -0.24696689715716957        1.4000000000000001       0.48989794855663538     
          14          49   6.0000000000000000        3.4999999999999996        5.8269225249914189       0.85723654036392549                2 -0.16996657373052809       -7.7609167819875424E-002 -0.12651967063006928      -0.26078089944517052        1.3999999999999999       0.48989794855663604     
          14          50   8.0000000000000000        4.4999999999999991        7.7592910673111666       0.88165853714325082                2 -0.21905227530720428      -0.16863633907267589      -0.67071569765838834      -0.73044225543167174        1.8000000000000000       0.40000000000000019     
