          16           1   9.0000000000000000        5.9999999999999991        8.2500392782043690       0.59604697740454193                2 -0.10627875252982365        7.7479868879468686E-002 -0.58394250068357623       0.68245952213947914        1.7142857142857140       0.45175395145262637     
          16           2   9.0000000000000000        5.4999999999999991        8.0448275685629351       0.43561860648696932                2 -0.12738152435555078       -7.9505798241370509E-002  -9.6293370933465738E-002 -0.19873341008282941        1.5714285714285712       0.49487165930539334     
          16           3   9.0000000000000000        5.4999999999999991        7.9505662903376049       0.38084224855986387                2 -0.14184721481829882       -8.1590043215647237E-002  -9.2965083684332608E-002 -0.19124264977968242        1.5714285714285712       0.49487165930539334     
          16           4   8.0000000000000000        4.9999999999999991        7.2427381874869461       0.60266447391385469                2 -0.14243154672136007       -8.7171981939253643E-002 -0.10689676130592232      -0.20647719016406982        1.4285714285714284       0.49487165930539379     
          16           5   9.0000000000000000        5.9999999999999991        8.4865472234837540       0.78031736541214536                2 -0.13447899377250991       -7.5163731206159864E-002  -8.6682877633193073E-002 -0.18244030006724266        1.7142857142857140       0.45175395145262687     
          16           6   9.0000000000000000        5.4999999999999991        7.7276617975061104       0.37290360613904550                2 -0.15293431826640358       -7.7617851260366730E-002  -8.9433560861777242E-002 -0.18673243185343436        1.5714285714285712       0.49487165930539379     
          16           7   10.000000000000000        6.4999999999999991        9.1842155038253139       0.54581787101689327                2 -0.15091506720300490       -8.1877526326198588E-002  -8.1124121227099305E-002 -0.16630107403503172        1.8571428571428568       0.34992710611188405     
          16           8   8.0000000000000000        4.9999999999999991        7.3466885893859422       0.60634099558911936                2 -0.14992880973028783       -8.4220914514667969E-002 -0.10261115493072424      -0.20137481524522172        1.4285714285714284       0.49487165930539379     
          16           9   7.0000000000000000        4.9999999999999991        6.5690136999701245       0.64019493820256268                2  -7.2468573093988992E-002   4.8628504213802638E-002 -0.12580890341774131       0.31193676293654615        1.4285714285714284       0.49487165930539334     
          16          10   7.0000000000000000        4.9999999999999991        6.7177365872484209       0.78242069357481014                2 -0.11914132263804464       -5.4028877698491566E-002  -8.5632533404590191E-002 -0.18671581650797542        1.4285714285714284       0.49487165930539379     
          16          11   9.0000000000000000        5.9999999999999991        8.3937965261376686       0.69935650901161539                2 -0.13884356358150293       -7.1218365493236749E-002  -8.4942968480780201E-002 -0.18071749634175677        1.7142857142857140       0.45175395145262637     
          16          12   8.0000000000000000        4.9999999999999991        7.1535493698811310       0.35007757353786267                2 -0.15591179464986360       -7.4346318563338024E-002 -0.10571922621359628      -0.22330679362155437        1.4285714285714284       0.49487165930539379     
          16          13   6.0000000000000000        3.9999999999999996        5.5096591444422645       0.66417626428768417                2 -0.21528308869078833      -0.10398250774745071       0.84304866649623333       0.92487783021004610        1.1428571428571428       0.34992710611188244     
          16          14   9.0000000000000000        5.4999999999999991        7.9505662903376040       0.38084224145268547                2 -0.14184721443741974       -8.1590035026705990E-002  -9.2965084908010268E-002 -0.19124264689518447        1.5714285714285712       0.49487165930539334     
          16          15   6.0000000000000000        3.9999999999999996        5.8006069215154072       0.91655725093976459                2 -0.13593640822642916       -8.3350882445254224E-002  0.87216292724749200       0.73434691411922581        1.1428571428571426       0.34992710611188277     
          16          16   6.0000000000000000        3.9999999999999996        5.5096591444422662       0.66417628760059355                2 -0.21528307592863405      -0.10398248571935013       0.84304862304999451       0.92487782117779849        1.1428571428571426       0.34992710611188310     
          16          17   7.0000000000000000        4.4999999999999991        6.3830600278162599       0.59089791717714557                2 -0.15656383223154660       -8.9531245376928942E-002 -0.13015766054182526      -0.24176534774863387        1.2857142857142856       0.45175395145262587     
          16          18   8.0000000000000000        5.4999999999999991        7.5401343955769642       0.80314120730677863                2 -0.12802567659736724       -6.5869401922485235E-002  -8.9352703707087727E-002 -0.19286587677316983        1.5714285714285712       0.49487165930539423     
          16          19   9.0000000000000000        5.9999999999999991        7.9930913333592901       0.22316077696984415                2 -0.12894584122553401       -5.5172525447013197E-002  -6.7248029824498123E-002 -0.15483697552719597        1.7142857142857140       0.45175395145262637     
          16          20   9.0000000000000000        5.4999999999999991        7.9603263647230289       0.37463786992061365                2 -0.14452513655386254       -8.0716913729422995E-002  -9.6431811076255286E-002 -0.19725150757800430        1.5714285714285712       0.49487165930539379     
          16          21   8.0000000000000000        4.9999999999999991        6.9594930120732101       0.31190947522846751                2 -0.13584451448023890       -6.8862869514531050E-002  -9.2072288228177701E-002 -0.19036326997554867        1.4285714285714284       0.49487165930539379     
          16          22   9.0000000000000000        5.4999999999999991        8.1228645522032679       0.38288140885105171                2 -0.15698026341920526       -8.7014698702056262E-002  -9.7184727405105906E-002 -0.19253186383435167        1.5714285714285712       0.49487165930539379     
          16          23   10.000000000000000        5.9999999999999991        8.7609313175911687       0.46296922803200680                2 -0.14840187980308422       -8.9150812968011431E-002  -9.1473815592347935E-002 -0.17738639017468447        1.7142857142857140       0.45175395145262637     
          16          24   7.0000000000000000        4.4999999999999991        6.0940845844006324       0.28315040760198412                2 -0.13087153595353329       -5.8160741769969562E-002 -0.10163100423245168      -0.22200431816773888        1.2857142857142856       0.45175395145262587     
          16          25   9.0000000000000000        5.9999999999999991        8.3937965261376686       0.69935651100563945                2 -0.13884356301646447       -7.1218364952080976E-002  -8.4942970668838727E-002 -0.18071749282002691        1.7142857142857140       0.45175395145262637     
          16          26   5.0000000000000000        3.4999999999999996        4.7166930453628835       0.75566783911708013                2 -0.13228118033117836       -6.3169777311933767E-002 -0.13473029328149341      -0.30955963450373170       0.99999999999999978        1.4901161193847656E-008
          16          27   8.0000000000000000        5.4999999999999991        7.4280586890778615       0.61550190782599645                2 -0.12215711953300026       -6.0119215107080758E-002  -8.5157263942917311E-002 -0.19037247221072717        1.5714285714285712       0.49487165930539423     
          16          28   8.0000000000000000        4.9999999999999991        7.1253367721395326       0.63559486328869830                2 -0.15853419811435740       -8.9852560092388470E-002  0.89340408750861622       0.79355534903372515        1.4285714285714284       0.49487165930539379     
          16          29   9.0000000000000000        5.4999999999999991        7.7592444468402633       0.39171736888583997                2 -0.15354761925646765       -7.6067698985395352E-002  -9.1874174081526025E-002 -0.19589451192879692        1.5714285714285712       0.49487165930539334     
          16          30   9.0000000000000000        5.4999999999999991        7.7276617975061104       0.37290353259428938                2 -0.15293430339293360       -7.7617830114467490E-002  -8.9433531532025698E-002 -0.18673241835144033        1.5714285714285712       0.49487165930539334     
          16          31   6.0000000000000000        3.9999999999999996        5.6519931828426548       0.75672506903623460                2 -0.11837686907459388       0.21095336007231791      -0.22752426587242341      -0.90082039606521958        1.1428571428571426       0.34992710611188277     
          16          32   8.0000000000000000        4.9999999999999991        7.1535493698811337       0.35007758777215597                2 -0.15591180408187288       -7.4346308108036968E-002 -0.10571925192459740      -0.22330680631417757        1.4285714285714284       0.49487165930539334     
          16          33   8.0000000000000000        4.9999999999999991        7.4393347870430073       0.83133011616148289                2 -0.10656213983243602      -0.22271703232281215      -0.19117459087191996      -0.90603627202803738        1.4285714285714284       0.49487165930539334     
          16          34   9.0000000000000000        6.4999999999999991        8.6754233332670747       0.76268840946805572                2 -0.11570304761398717       -6.9908327362927139E-002  -7.3598712562675209E-002 -0.64094111671126230        1.8571428571428568       0.34992710611188405     
          16          35   8.0000000000000000        5.4999999999999991        7.5401343955769624       0.80314119711323861                2 -0.12802567389771891       -6.5869402965215290E-002  0.91064730451200038      -0.19286587232439009        1.5714285714285712       0.49487165930539379     
          16          36   7.0000000000000000        4.4999999999999991        6.3830600278162573       0.59089792499934868                2 -0.15656383485921374       -8.9531255208079571E-002 -0.13015765519580086      -0.24176534381206941        1.2857142857142856       0.45175395145262565     
          16          37   7.0000000000000000        4.9999999999999991        6.5892131271858068       0.66861480691252728                2  -8.1097340775948781E-002   5.0452471033265271E-002 -0.11698137733756665       0.31724709855919542        1.4285714285714284       0.49487165930539379     
          16          38   8.0000000000000000        5.4999999999999991        7.5401343955769615       0.80314121660247006                2 -0.12802568446293419       -6.5869402328025142E-002  0.91064728474205670      -0.19286586517875526        1.5714285714285712       0.49487165930539423     
          16          39   8.0000000000000000        5.4999999999999991        7.5936807008791085       0.76104743647042206                2 -0.20754857663967208      -0.10367226535970683       0.87662156531267865       0.93792357413795646        1.5714285714285712       0.49487165930539334     
          16          40   8.0000000000000000        4.9999999999999991        7.1195489503897900       0.33509473519449640                2 -0.15680474270236663       -7.9266880511384641E-002 -0.10319753247447190      -0.20948336265129244        1.4285714285714284       0.49487165930539379     
          16          41   7.0000000000000000        4.9999999999999991        6.5690136999701245       0.64019493663545124                2  -7.2468573759021979E-002   4.8628503164723606E-002 -0.12580890277302470       0.31193676059021436        1.4285714285714284       0.49487165930539379     
          16          42   8.0000000000000000        4.9999999999999991        7.0064688256411793       0.33993665387429678                2 -0.13829013790399519       -6.7600099187137400E-002  -9.6183275738173507E-002 -0.20696401044994356        1.4285714285714284       0.49487165930539379     
          16          43   7.0000000000000000        4.9999999999999991        6.5690136999701254       0.64019494994898973                2  -7.2468573861873581E-002   4.8628507903991307E-002 -0.12580890739649811       0.31193677742659426        1.4285714285714284       0.49487165930539334     
          16          44   9.0000000000000000        5.9999999999999991        8.4865472234837647       0.78031734643159700                2 -0.13447897383199586       -7.5163723107293370E-002  -8.6682856208706000E-002 -0.18244030238534312        1.7142857142857140       0.45175395145262637     
          16          45   8.0000000000000000        4.9999999999999991        6.9594930120732119       0.31190947523478785                2 -0.13584451762806921       -6.8862869200670002E-002  -9.2072287664068012E-002 -0.19036327242498016        1.4285714285714284       0.49487165930539379     
          16          46   7.0000000000000000        4.4999999999999991        6.3556172893892580       0.50519999731366283                2 -0.13984658220262014       -6.6647532215581173E-002 -0.10521016827955852      -0.23591096795261859        1.2857142857142856       0.45175395145262565     
          16          47   8.0000000000000000        4.9999999999999991        7.3466885893859377       0.60634099909488015                2 -0.14992881362445959       -8.4220915060652352E-002 -0.10261115583040779      -0.20137481772528346        1.4285714285714284       0.49487165930539379     
          16          48   8.0000000000000000        5.4999999999999991        7.6701212253794395       0.75973459353580075                2 -0.22411459445195711      -0.20169066582134854       0.33155985107906571       0.51132808228896742        1.5714285714285712       0.49487165930539423     
          16          49   9.0000000000000000        5.4999999999999991        8.1228645522032732       0.38288140610384147                2 -0.15698025758567660       -8.7014695194649355E-002  -9.7184727103336824E-002 -0.19253186189375077        1.5714285714285712       0.49487165930539379     
          16          50   9.0000000000000000        5.9999999999999991        7.9930913333592901       0.22316076934638132                2 -0.12894583176124733       -5.5172520017427715E-002  -6.7248031565141586E-002 -0.15483695320700147        1.7142857142857140       0.45175395145262637     
