          21           1   10.000000000000000        7.4999999999999991        9.3833211683635653       0.76439636611377493                2 -0.13020995267142946      -0.13156062843130484      -0.68958296761782345      -0.66226309646329340        1.5000000000000000       0.50000000000000000     
          21           2   8.0000000000000000        5.9999999999999991        7.8437052122593132       0.90681606715094354                2  -9.7850320749849756E-002  0.23203770817246810      -0.18127467911987935      -0.90585624390850816        1.2000000000000000       0.40000000000000047     
          21           3   11.000000000000000        7.9999999999999991        9.9131771161965894       0.19215930379657001                2 -0.11293989865405658       -4.4510650463508508E-002  -5.6726272868056246E-002 -0.16072555846559117        1.6000000000000001       0.48989794855663493     
          21           4   10.000000000000000        7.4999999999999991        9.9680431385340249       0.99351358089987707                2 -0.20467400252805046       0.14463489048042466       0.47262936672242922       0.87869391718600665        1.5000000000000002       0.49999999999999911     
          21           5   9.0000000000000000        6.4999999999999991        8.1927341267750311       0.50289303252498141                2  -9.4072927622809513E-002 -0.10546100679085392      -0.17325983494612521      -0.33407879415670111        1.3000000000000003       0.45825756949558372     
          21           6   9.0000000000000000        6.9999999999999991        8.9345253249181020       0.94244366644044508                2 -0.19901107157420317       0.12446145663282704      -0.72988278667872486       0.20557510915994351        1.4000000000000001       0.48989794855663538     
          21           7   10.000000000000000        7.4999999999999991        9.7427174973426975       0.88585334751633860                2  -9.7805233349891149E-002 -0.24865958119130738      -0.15917796643445836      -0.90256592038262129        1.5000000000000000       0.50000000000000000     
          21           8   9.0000000000000000        6.9999999999999991        8.6277730124594463       0.68894920852314534                2 -0.10920454011723217       -4.0707123029006746E-002  -6.4247636927213969E-002 -0.17634976475697825        1.4000000000000001       0.48989794855663538     
          21           9   11.000000000000000        7.9999999999999991        10.265727127885173       0.55410334218106416                2  -9.1132160590283326E-002 -0.12484417639734761      -0.17222755551342048      -0.24989742224260114        1.6000000000000001       0.48989794855663538     
          21          10   11.000000000000000        7.9999999999999991        10.265727127885164       0.55410334335184808                2  -9.1132160334600948E-002 -0.12484417754429515      -0.17222755622455974      -0.24989742119657232        1.5999999999999999       0.48989794855663582     
          21          11   11.000000000000000        7.9999999999999991        9.9020565230021003       0.29727229627102786                2  -9.8288352974732554E-002  -7.6408603576413589E-002 -0.13679762489955924      -0.29627567107226849        1.6000000000000001       0.48989794855663538     
          21          12   10.000000000000000        6.9999999999999991        9.1756243262363544       0.63634620059845171                2 -0.19670809766181588      -0.17042485279261796      -0.62757392712675730      -0.69849834553276446        1.4000000000000004       0.48989794855663471     
          21          13   11.000000000000000        7.9999999999999991        10.265727127885180       0.55410334243759962                2  -9.1132160765796555E-002 -0.12484417607409812      -0.17222755527171935      -0.24989742203412935        1.6000000000000001       0.48989794855663493     
          21          14   10.000000000000000        7.4999999999999991        9.7427174973426958       0.88585334208475797                2  -9.7805238364708183E-002 -0.24865959188514361      -0.15917795220539077      -0.90256592240499323        1.5000000000000000       0.50000000000000044     
          21          15   9.0000000000000000        6.9999999999999991        8.7380508828180901       0.78855107219380660                2 -0.11806106802706799       -4.5390166576353412E-002  -6.2560970762456605E-002 -0.17235274968281755        1.4000000000000001       0.48989794855663538     
          21          16   10.000000000000000        7.4999999999999991        9.7902472596404948       0.92954651697395918                2  -7.9401915996364592E-002 -0.22728297531872838      -0.16832347282585755      -0.92004139052876854        1.5000000000000002       0.49999999999999911     
          21          17   12.000000000000000        8.4999999999999982        11.050569846723157       0.71594219474904686                2 -0.24370553584493604      -0.16800832435353796      -0.60487695056286150      -0.56987276794351349        1.7000000000000002       0.45825756949558349     
          21          18   10.000000000000000        7.4999999999999991        9.3833211683635653       0.76439637351032030                2 -0.13020995048853751      -0.13156063102223722      -0.68958297929530699      -0.66226309136119199        1.5000000000000000       0.50000000000000000     
          21          19   10.000000000000000        7.4999999999999991        9.7427174973426922       0.88585334396578908                2  -9.7805238354591997E-002 -0.24865959096758977      -0.15917795771998908      -0.90256592104755595        1.5000000000000002       0.49999999999999956     
          21          20   12.000000000000000        7.9999999999999991        11.830661789214908       0.93359715581191915                2 -0.19458510233356954       0.12640061034230768       0.67362786435735900       0.63751558371442962        1.6000000000000001       0.48989794855663538     
          21          21   11.000000000000000        7.9999999999999991        9.9020565230021038       0.29727227789101146                2  -9.8288330473914720E-002  -7.6408609407378300E-002 -0.13679765441231687      -0.29627566649053172        1.5999999999999999       0.48989794855663582     
          21          22   11.000000000000000        7.9999999999999991        9.9131771161965911       0.19215930509677404                2 -0.11293990154800092       -4.4510653110065197E-002  -5.6726271257278742E-002 -0.16072555260619070        1.5999999999999999       0.48989794855663626     
          21          23   11.000000000000000        7.4999999999999991        9.8333602800703357       0.47557987727468315                2  -9.5601561142633545E-002 -0.13072300104856138      -0.17027842091276779      -0.27703802485479667        1.5000000000000002       0.49999999999999911     
          21          24   10.000000000000000        7.9999999999999991        9.8410732050916678       0.92534395821354554                2 -0.11227113386664130       -4.2555438211357981E-002  0.94835995173622356      -0.14331815709408263        1.6000000000000001       0.48989794855663493     
          21          25   9.0000000000000000        6.4999999999999991        8.2127950277876511       0.61738566899924507                2 -0.16879388367591408       0.14250074534792145      -0.51852186450503057       0.34084094880703769        1.3000000000000000       0.45825756949558422     
          21          26   11.000000000000000        7.9999999999999991        9.9020565230021091       0.29727230377690722                2  -9.8288337505388498E-002  -7.6408620270444635E-002 -0.13679766373118554      -0.29627562530053481        1.6000000000000003       0.48989794855663493     
          21          27   11.000000000000000        7.9999999999999991        9.9131771161965894       0.19215930651911090                2 -0.11293990039475676       -4.4510651875437575E-002  -5.6726273400432174E-002 -0.16072555863098870        1.5999999999999999       0.48989794855663582     
          21          28   8.0000000000000000        5.9999999999999991        8.0000000000000107       0.99999999999999367                2 -0.24999999343701504      -0.24999999420907049       0.50000000779003417       0.24999999518223268        1.2000000000000002       0.40000000000000019     
          21          29   11.000000000000000        7.9999999999999991        9.9131771161965894       0.19215930203799508                2 -0.11293989764529033       -4.4510647641451760E-002  -5.6726273243016975E-002 -0.16072556951429579        1.6000000000000003       0.48989794855663493     
          21          30   10.000000000000000        7.4999999999999991        9.3379246061988361       0.52477255636605147                2 -0.11329566602264335       -4.5735342364276552E-002  -6.1703100689542698E-002 -0.17410794250546130        1.5000000000000002       0.49999999999999956     
          21          31   11.000000000000000        7.9999999999999991        9.9020565230021056       0.29727228057108224                2  -9.8288332731023123E-002  -7.6408603763093663E-002 -0.13679764748126291      -0.29627565130137090        1.6000000000000001       0.48989794855663538     
          21          32   11.000000000000000        8.4999999999999982        10.649924424017691       0.69522512982396423                2 -0.10098996427457550      -0.12355115855947484      -0.43603939865487518       0.41591513000389685        1.6999999999999997       0.45825756949558444     
          21          33   9.0000000000000000        6.9999999999999991        8.7380508828180847       0.78855111731897809                2 -0.11806107772137345       -4.5390196107533143E-002  -6.2560971933124820E-002 -0.17235272853542716        1.4000000000000001       0.48989794855663538     
          21          34   7.0000000000000000        5.4999999999999991        6.7676986286191703       0.87617966657734170                2  -9.7026603164087372E-002  -7.8121969176649139E-002 -0.21026021365552236      -0.41358300342338028        1.0999999999999999       0.30000000000000088     
          21          35   10.000000000000000        6.9999999999999991        9.1756243262363562       0.63634620107316031                2 -0.19670809927028038      -0.17042485388533257      -0.62757392962682201      -0.69849834395332999        1.4000000000000001       0.48989794855663538     
          21          36   9.0000000000000000        6.4999999999999991        8.1927341267750222       0.50289303086272641                2  -9.4072928004687070E-002 -0.10546100618564713      -0.17325983413967649      -0.33407879590144901        1.3000000000000003       0.45825756949558372     
          21          37   11.000000000000000        8.4999999999999982        10.479685335848057       0.73469938387032818                2 -0.12486431589672316       -6.5392159205437922E-002 -0.91512714595808364       0.19759319508665374        1.7000000000000000       0.45825756949558444     
          21          38   11.000000000000000        7.9999999999999991        9.9131771161965894       0.19215930637155157                2 -0.11293989889784224       -4.4510650784567410E-002  -5.6726274591547880E-002 -0.16072555992252033        1.6000000000000001       0.48989794855663493     
          21          39   9.0000000000000000        6.9999999999999991        8.6277730124594481       0.68894920888215094                2 -0.10920454036343279       -4.0707122861356977E-002  -6.4247637132987048E-002 -0.17634976583157846        1.4000000000000001       0.48989794855663538     
          21          40   11.000000000000000        8.4999999999999982        10.479685335848050       0.73469938379889332                2 -0.12486431230616135       -6.5392159132801261E-002 -0.91512714663108385       0.19759320133908853        1.6999999999999997       0.45825756949558444     
          21          41   9.0000000000000000        6.4999999999999991        8.2127950277876476       0.61738564237159010                2 -0.16879388569175588       0.14250074315750172      -0.51852187686431883       0.34084096644770173        1.3000000000000000       0.45825756949558444     
          21          42   12.000000000000000        8.9999999999999982        11.522519647106645       0.75666259933276092                2 -0.19989308340313033      -0.18300757483842536       0.35212796725960954       0.10733154979098740        1.8000000000000000       0.39999999999999963     
          21          43   11.000000000000000        8.4999999999999982        10.491140166076297       0.69896507966642696                2  -9.7655154299717120E-002  -7.6244716872981871E-002 -0.13339632053809192      -0.27416182991417876        1.7000000000000000       0.45825756949558444     
          21          44   10.000000000000000        7.9999999999999991        9.8410732050916661       0.92534396612796388                2 -0.11227113480543253       -4.2555439741451581E-002  -5.1640050585113055E-002 -0.14331817979326983        1.6000000000000001       0.48989794855663493     
          21          45   12.000000000000000        8.9999999999999982        11.491624605427864       0.74378959886206708                2 -0.19422515872467885       0.19500610007156310       0.37415921878518249      -0.91217111016873187        1.7999999999999998       0.40000000000000074     
          21          46   11.000000000000000        7.9999999999999991        9.9020565230021056       0.29727228366194042                2  -9.8288327906026970E-002  -7.6408613228892946E-002 -0.13679764849023582      -0.29627564239406917        1.6000000000000001       0.48989794855663493     
          21          47   10.000000000000000        7.4999999999999991        9.7902472596404913       0.92954653323933401                2  -7.9401926300322320E-002 -0.22728299706945432      -0.16832345819908476      -0.92004139265417950        1.5000000000000002       0.49999999999999956     
          21          48   12.000000000000000        8.9999999999999982        11.491624605427852       0.74378962595617359                2 -0.19422516004367915       0.19500608778144496       0.37415923079130209      -0.91217110879021934        1.7999999999999998       0.40000000000000074     
          21          49   7.0000000000000000        5.4999999999999991        6.7676986286191712       0.87617966259771052                2  -9.7026595729714185E-002  -7.8121953465136618E-002 -0.21026018724809950      -0.41358296988527976        1.0999999999999999       0.30000000000000088     
          21          50   11.000000000000000        7.9999999999999991        9.9131771161965894       0.19215930999554473                2 -0.11293990096740689       -4.4510651387190278E-002  -5.6726275765053277E-002 -0.16072556866226448        1.5999999999999999       0.48989794855663626     
