           8           1   8.0000000000000000        4.9999999999999991        6.8305971651581618       0.30606650439772309                2 -0.12327705812985912       -6.3526928736183277E-002  -8.9199095841754880E-002 -0.19194450020595114        1.4285714285714284       0.49487165930539379     
           8           2   8.0000000000000000        4.4999999999999991        6.9115325753482635       0.57152155908569835                2 -0.16305679817888560      -0.10340273890358943      -0.12499658041101193      -0.24212244016033660        1.2857142857142856       0.45175395145262587     
           8           3   8.0000000000000000        4.4999999999999991        6.9115325753482653       0.57152154350038753                2 -0.16305680788946064      -0.10340270382865970      -0.12499657263319450      -0.24212242944244330        1.2857142857142856       0.45175395145262565     
           8           4   8.0000000000000000        4.9999999999999991        6.8305971651581610       0.30606650215218806                2 -0.12327705280171837       -6.3526928156013074E-002  -8.9199095318053562E-002 -0.19194449637989155        1.4285714285714284       0.49487165930539379     
           8           5   10.000000000000000        5.9999999999999991        9.1393327567481908       0.77214629134961577                2 -0.17918628788476121       0.13360795717259172       0.84649735586888808      -0.82855250171147610        1.7142857142857140       0.45175395145262637     
           8           6   8.0000000000000000        4.9999999999999991        6.6093016660444484       0.39221404943953059                2  -7.5649794439595019E-002  0.12421647503205555       0.57241023941284463       0.57783049728715064        1.4285714285714284       0.49487165930539379     
           8           7   10.000000000000000        5.4999999999999991        8.8019937611661963       0.67521729170210654                2 -0.17592368234368089      -0.12498202064531354      -0.11963711443943477      -0.19121001257811257        1.5714285714285712       0.49487165930539379     
           8           8   10.000000000000000        5.9999999999999991        8.4210883793539253       0.43993044431312051                2 -0.13881221751937886       -8.0348294599245598E-002  -8.6162844638848962E-002 -0.18162448683190746        1.7142857142857140       0.45175395145262637     
           8           9   10.000000000000000        5.4999999999999991        8.8019937611661980       0.67521729095339578                2 -0.17592368036356978      -0.12498202151602601      -0.11963711690492380      -0.19121001203158408        1.5714285714285712       0.49487165930539379     
           8          10   10.000000000000000        5.9999999999999991        8.2893554751641396       0.41542434998637434                2 -0.14315458408906168       -7.8272694887862704E-002  -7.9478368069633917E-002 -0.16995381836045415        1.7142857142857140       0.45175395145262637     
           8          11   9.0000000000000000        4.9999999999999991        7.8465418233492219       0.60188932276589635                2 -0.16725184093763792      -0.10982197564821511      -0.11832197993700856      -0.21569124984000906        1.4285714285714284       0.49487165930539334     
           8          12   9.0000000000000000        4.9999999999999991        7.9220898804848661       0.68878505980404703                2 -0.17668605620603819      -0.13365636542929901      -0.14088970784110330      -0.20368536962386702        1.4285714285714284       0.49487165930539379     
           8          13   9.0000000000000000        4.9999999999999991        7.9220898804848634       0.68878505314286631                2 -0.17668605863207762      -0.13365637923189952      -0.14088972796443752      -0.20368535215271100        1.4285714285714284       0.49487165930539379     
           8          14   9.0000000000000000        5.4999999999999991        7.8449770307557900       0.43658338167655081                2 -0.10481045055246188       -8.6996883107924194E-002 -0.84936922395292980       0.69590370072604291        1.5714285714285712       0.49487165930539423     
           8          15   10.000000000000000        5.9999999999999991        9.1393327567481943       0.77214633788061759                2 -0.17918628739765188       0.13360797216908438       0.84649735744192722      -0.82855247973336266        1.7142857142857140       0.45175395145262637     
           8          16   8.0000000000000000        4.9999999999999991        6.6093016660444484       0.39221404659316805                2  -7.5649777402872445E-002  0.12421646961696772      -0.42758975026337886       0.57783046339523592        1.4285714285714284       0.49487165930539379     
           8          17   8.0000000000000000        4.9999999999999991        6.8305971651581627       0.30606650552801579                2 -0.12327706301533028       -6.3526935732003506E-002  -8.9199092552947459E-002 -0.19194448702010725        1.4285714285714284       0.49487165930539379     
           8          18   10.000000000000000        5.9999999999999991        8.4210883793539217       0.43993046211750259                2 -0.13881223474696633       -8.0348294980581866E-002  -8.6162848899041619E-002 -0.18162449903986597        1.7142857142857140       0.45175395145262637     
           8          19   9.0000000000000000        4.9999999999999991        7.9220898804848670       0.68878504871155088                2 -0.17668606017912195      -0.13365638095875426      -0.14088972048921200      -0.20368535113682912        1.4285714285714284       0.49487165930539379     
           8          20   9.0000000000000000        5.4999999999999991        7.4716651636229434       0.37377771405750926                2 -0.13290419637979223       -6.8323315828181450E-002  -8.5102371559269543E-002 -0.18542828429240504        1.5714285714285712       0.49487165930539334     
           8          21   9.0000000000000000        5.4999999999999991        7.4716651636229425       0.37377771585082825                2 -0.13290419122968197       -6.8323316461297051E-002  -8.5102368231545489E-002 -0.18542829587398049        1.5714285714285712       0.49487165930539423     
           8          22   10.000000000000000        5.4999999999999991        8.7631538909435331       0.70220338266855498                2 -0.17822524160739489      -0.12904433025514092      -0.12294312366211452      -0.18373365041337072        1.5714285714285712       0.49487165930539379     
           8          23   8.0000000000000000        4.4999999999999991        6.9083457809182907       0.61027251596160581                2 -0.17324892678424098      -0.12501658304121349      -0.14991186524596925      -0.21928685345882182        1.2857142857142856       0.45175395145262565     
           8          24   11.000000000000000        6.4999999999999991        9.0962606065926543       0.52052964777523447                2 -0.15983073558406719      -0.10073141777448402       -8.9704776306841136E-002 -0.16509234860292665        1.8571428571428568       0.34992710611188405     
           8          25   9.0000000000000000        5.4999999999999991        7.4716651636229443       0.37377771245549046                2 -0.13290418948805000       -6.8323314405693322E-002  -8.5102370854240550E-002 -0.18542828990078897        1.5714285714285712       0.49487165930539334     
           8          26   9.0000000000000000        4.9999999999999991        7.9220898804848670       0.68878505112015298                2 -0.17668606199515749      -0.13365637241015929      -0.14088972064694899      -0.20368535413514513        1.4285714285714284       0.49487165930539379     
           8          27   9.0000000000000000        5.4999999999999991        8.1919719089723202       0.53763625614030486                2 -0.10297920058291524       0.21056064229216601       0.34472856824741360      -0.81040273954419462        1.5714285714285712       0.49487165930539334     
           8          28   10.000000000000000        5.9999999999999991        8.4210883793539253       0.43993047272877650                2 -0.13881220509089290       -8.0348319663082188E-002  -8.6162861386609210E-002 -0.18162448913118864        1.7142857142857140       0.45175395145262637     
           8          29   8.0000000000000000        4.4999999999999991        6.9083457809182898       0.61027249545994777                2 -0.17324892865543484      -0.12501657772664335      -0.14991186405140819      -0.21928683928960344        1.2857142857142856       0.45175395145262565     
           8          30   8.0000000000000000        4.9999999999999991        6.8305971651581636       0.30606650670506530                2 -0.12327705621450775       -6.3526930869794801E-002  -8.9199095306091575E-002 -0.19194450582256714        1.4285714285714284       0.49487165930539379     
           8          31   7.0000000000000000        4.4999999999999991        6.0121950538137607       0.28050111107827508                2 -0.12209875100965283       -5.5137863603080921E-002  -9.7956730747141202E-002 -0.21652712170625149        1.2857142857142856       0.45175395145262587     
           8          32   11.000000000000000        5.9999999999999991        9.8193545837186083       0.74362383196283688                2 -0.18202476997958011      -0.13635161242012553      -0.11623564217957050      -0.16982676359310292        1.7142857142857140       0.45175395145262687     
           8          33   9.0000000000000000        4.9999999999999991        7.8465418233492166       0.60188931974349791                2 -0.16725184251455791      -0.10982197238833502      -0.11832197116099503      -0.21569124311237017        1.4285714285714284       0.49487165930539334     
           8          34   10.000000000000000        5.9999999999999991        9.1393327567481908       0.77214627531881608                2 -0.17918628151704349       0.13360794482381722       0.84649736683324484      -0.82855249787861962        1.7142857142857140       0.45175395145262637     
           8          35   9.0000000000000000        5.4999999999999991        7.4716651636229416       0.37377771204452509                2 -0.13290420443045933       -6.8323315900000778E-002  -8.5102368999752515E-002 -0.18542828067173328        1.5714285714285712       0.49487165930539334     
           8          36   9.0000000000000000        4.9999999999999991        7.8465418233492166       0.60188931807939805                2 -0.16725184058663645      -0.10982197418958470      -0.11832197035227482      -0.21569124355496389        1.4285714285714284       0.49487165930539334     
           8          37   7.0000000000000000        4.4999999999999991        6.0121950538137598       0.28050110675477002                2 -0.12209873743135755       -5.5137853873235360E-002  -9.7956741851737514E-002 -0.21652711488524848        1.2857142857142856       0.45175395145262587     
           8          38   9.0000000000000000        4.9999999999999991        7.9220898804848678       0.68878504715124500                2 -0.17668605768773765      -0.13365638150866710      -0.14088972058415455      -0.20368535001439020        1.4285714285714284       0.49487165930539379     
           8          39   11.000000000000000        6.4999999999999991        9.0962606065926614       0.52052964242644073                2 -0.15983073216565735      -0.10073141016001161       -8.9704775559590236E-002 -0.16509235106003364        1.8571428571428568       0.34992710611188405     
           8          40   9.0000000000000000        4.9999999999999991        7.9220898804848661       0.68878505251967070                2 -0.17668605839916765      -0.13365638300282792      -0.14088972579668665      -0.20368535209262315        1.4285714285714284       0.49487165930539379     
           8          41   10.000000000000000        5.4999999999999991        8.8019937611661927       0.67521728995652741                2 -0.17592368118315913      -0.12498202251724864      -0.11963711678058835      -0.19121000947603287        1.5714285714285712       0.49487165930539379     
           8          42   8.0000000000000000        4.4999999999999991        6.9115325753482653       0.57152157072334764                2 -0.16305681393984331      -0.10340273014570234      -0.12499658282857269      -0.24212243722981291        1.2857142857142854       0.45175395145262609     
           8          43   8.0000000000000000        4.9999999999999991        6.9015119157042477       0.34116654147262093                2 -0.12868914798919692       -6.5169575527284127E-002  -9.3661315990045915E-002 -0.20787491174133327        1.4285714285714284       0.49487165930539379     
           8          44   8.0000000000000000        4.4999999999999991        6.9083457809182889       0.61027251527342774                2 -0.17324893594903781      -0.12501658524778969      -0.14991188200447236      -0.21928684736284870        1.2857142857142856       0.45175395145262587     
           8          45   8.0000000000000000        4.4999999999999991        7.2404309845468742       0.74936825998751899                2 -0.20199723732696082       0.13605340641229371       0.79622092206111661      -0.78473929165594658        1.2857142857142856       0.45175395145262565     
           8          46   10.000000000000000        5.9999999999999991        9.1393327567481979       0.77214633216396045                2 -0.17918628881160151       0.13360792230870433       0.84649732173914272      -0.82855249020875243        1.7142857142857140       0.45175395145262637     
           8          47   8.0000000000000000        4.9999999999999991        6.6093016660444519       0.39221404557331813                2  -7.5649775256415197E-002  0.12421646655135002       0.57241024738244839      -0.42216953703928106        1.4285714285714284       0.49487165930539379     
           8          48   7.0000000000000000        3.9999999999999996        5.9671642074128295       0.60109874909197480                2 -0.16775172103938904      -0.11679864100649755      -0.16216495677050005      -0.26678710208580569        1.1428571428571428       0.34992710611188244     
           8          49   9.0000000000000000        5.4999999999999991        7.4716651636229443       0.37377771668842735                2 -0.13290419523300873       -6.8323315164269816E-002  -8.5102368302705095E-002 -0.18542829921876919        1.5714285714285712       0.49487165930539423     
           8          50   11.000000000000000        5.9999999999999991        9.8193545837186083       0.74362383625997841                2 -0.18202475625550094      -0.13635161630288950      -0.11623565155017133      -0.16982676234157026        1.7142857142857140       0.45175395145262687     
