           2           1   5.0000000000000000        2.4999999999999996        4.3591754423966451       0.50273652129854973                2 -0.14999610728865459       -8.0638562985486190E-002 -0.16779346562222433      -0.29261858141889296        1.2500000000000000       0.43301270189221930     
           2           2   6.0000000000000000        2.9999999999999996        5.3122569267479101       0.48183622236140167                2 -0.15766779080206536       -7.4949242979332226E-002 -0.14392901681029577      -0.28280847949199456        1.5000000000000000       0.50000000000000000     
           2           3   6.0000000000000000        2.9999999999999996        5.3122569267479118       0.48183622212502125                2 -0.15766776958607701       -7.4949254009330613E-002 -0.14392901187580681      -0.28280846699210560        1.5000000000000000       0.50000000000000000     
           2           4   6.0000000000000000        2.9999999999999996        5.5010570171560502       0.50198528381782237                2 -0.12533945176047226      -0.12571173750323794      -0.25181918911581447      -0.99620438286348545        1.5000000000000000       0.50000000000000000     
           2           5   6.0000000000000000        2.9999999999999996        5.3122569267479127       0.48183622269603638                2 -0.15766779071745007       -7.4949243593725165E-002 -0.14392901695845992      -0.28280848216842930        1.5000000000000000       0.50000000000000000     
           2           6   5.0000000000000000        2.4999999999999996        4.3591754423966425       0.50273650501566203                2 -0.14999610297026070       -8.0638560064148032E-002 -0.16779345197526890      -0.29261857598824459        1.2500000000000000       0.43301270189221930     
           2           7   7.0000000000000000        3.4999999999999996        6.5050167743613931       0.50912470413910849                2 -0.12374953704938457      -0.12320370225059883      -0.24595734126990068       0.99093510806350094        1.7500000000000000       0.43301270189221930     
           2           8   7.0000000000000000        3.4999999999999996        6.5050167743613923       0.50912472239664230                2 -0.12374952171288196      -0.12320372118958925      -0.24595733422627641       0.99093508804932140        1.7500000000000000       0.43301270189221930     
           2           9   6.0000000000000000        2.9999999999999996        5.2923598236835261       0.55905241491403568                2 -0.15776625383887083       -9.6657313676862019E-002 -0.15551894411731573      -0.23387156406630666        1.5000000000000000       0.50000000000000000     
           2          10   5.0000000000000000        2.4999999999999996        4.3591754423966442       0.50273649412425414                2 -0.14999611003240679       -8.0638554516470354E-002 -0.16779344668620011      -0.29261858356851156        1.2500000000000000       0.43301270189221930     
           2          11   7.0000000000000000        3.4999999999999996        6.1248233306541788       0.57430745607551170                2 -0.16487562087357929       -9.3147742579599360E-002 -0.13508411178167978      -0.22766740333690200        1.7500000000000000       0.43301270189221930     
           2          12   6.0000000000000000        2.9999999999999996        5.2923598236835279       0.55905241867405442                2 -0.15776627327632914       -9.6657300601961982E-002 -0.15551895661154047      -0.23387159283106654        1.5000000000000000       0.50000000000000000     
           2          13   7.0000000000000000        3.4999999999999996        6.1248233306541806       0.57430746238734032                2 -0.16487562504007336       -9.3147741731068254E-002 -0.13508411862349326      -0.22766739177395393        1.7500000000000000       0.43301270189221930     
           2          14   5.0000000000000000        2.4999999999999996        4.3805544137666015       0.49882412925175079                2 -0.16167793090371557       -7.7925691672185354E-002 -0.18473022479398254      -0.35066824758937520        1.2500000000000000       0.43301270189221930     
           2          15   5.0000000000000000        2.4999999999999996        4.4686928959990331       0.65286878098270595                2 -0.16308659154091334      -0.10285748937237742      -0.21446350961847152      -0.29857190011284795        1.2500000000000000       0.43301270189221930     
           2          16   6.0000000000000000        2.9999999999999996        5.5010570171560520       0.50198528221261229                2 -0.12533943500667588      -0.12571173447862075      -0.25181919149498333      -0.99620438620763374        1.5000000000000000       0.50000000000000000     
           2          17   8.0000000000000000        3.9999999999999996        7.0157253152696519       0.59963089900869093                2 -0.14822027249842237       -8.5754850911162250E-002 -0.12096493461306167      -0.19569522258091063        2.0000000000000000        0.0000000000000000     
           2          18   7.0000000000000000        3.4999999999999996        6.1248233306541762       0.57430745411893069                2 -0.16487562273678816       -9.3147744847895578E-002 -0.13508410937375706      -0.22766739156303137        1.7500000000000000       0.43301270189221930     
           2          19   6.0000000000000000        2.9999999999999996        5.2923598236835270       0.55905240314251148                2 -0.15776627766204407       -9.6657307433395470E-002 -0.15551893071638465      -0.23387159010927461        1.5000000000000000       0.50000000000000000     
           2          20   7.0000000000000000        3.4999999999999996        6.1248233306541806       0.57430746663360999                2 -0.16487561740367560       -9.3147741073844159E-002 -0.13508412307910694      -0.22766739226605243        1.7500000000000000       0.43301270189221930     
           2          21   5.0000000000000000        2.4999999999999996        4.4686928959990322       0.65286872589334899                2 -0.16308657836561741      -0.10285747375068038      -0.21446347499233748      -0.29857191042094183        1.2500000000000000       0.43301270189221930     
           2          22   7.0000000000000000        3.4999999999999996        6.1248233306541771       0.57430745381393478                2 -0.16487562583439355       -9.3147733247676320E-002 -0.13508412265828598      -0.22766739168767883        1.7500000000000000       0.43301270189221930     
           2          23   5.0000000000000000        2.4999999999999996        4.3591754423966416       0.50273652160288318                2 -0.14999610727675591       -8.0638563218726006E-002 -0.16779346527351749      -0.29261858445987815        1.2500000000000000       0.43301270189221930     
           2          24   6.0000000000000000        2.9999999999999996        5.3122569267479118       0.48183622489010969                2 -0.15766779050774740       -7.4949243713542585E-002 -0.14392901877115349      -0.28280848097054956        1.5000000000000000       0.50000000000000000     
           2          25   7.0000000000000000        3.4999999999999996        6.1248233306541806       0.57430746558918844                2 -0.16487562473745149       -9.3147742980394493E-002 -0.13508411948673324      -0.22766739128906660        1.7500000000000000       0.43301270189221930     
           2          26   4.0000000000000000        1.9999999999999998        3.5078626576348273       0.59963088385406360                2 -0.14822028514436736       -8.5754842266109244E-002 -0.24192985658626057      -0.39139045806418343        1.0000000000000000        0.0000000000000000     
           2          27   7.0000000000000000        3.4999999999999996        6.5050167743613905       0.50912472645707885                2 -0.12374952360202399      -0.12320372396178127      -0.24595733516610446       0.99093508378881690        1.7500000000000000       0.43301270189221930     
           2          28   5.0000000000000000        2.4999999999999996        4.3591754423966433       0.50273652077573006                2 -0.14999610846598505       -8.0638563107584202E-002 -0.16779346424960714      -0.29261858400347895        1.2500000000000000       0.43301270189221930     
           2          29   7.0000000000000000        3.4999999999999996        6.1248233306541788       0.57430746372168417                2 -0.16487562483268631       -9.3147741891061620E-002 -0.13508411908884599      -0.22766739368060657        1.7500000000000000       0.43301270189221930     
           2          30   5.0000000000000000        2.4999999999999996        4.4686928959990322       0.65286872807465757                2 -0.16308657812309493      -0.10285747298314302      -0.21446348368757284      -0.29857190306566739        1.2500000000000000       0.43301270189221930     
           2          31   7.0000000000000000        3.4999999999999996        6.1248233306541833       0.57430746327600257                2 -0.16487562442424597       -9.3147741428363240E-002 -0.13508411940687956      -0.22766739344157574        1.7500000000000000       0.43301270189221930     
           2          32   6.0000000000000000        2.9999999999999996        5.2923598236835261       0.55905241321279531                2 -0.15776626504414529       -9.6657300002602253E-002 -0.15551895262254364      -0.23387158937373823        1.5000000000000000       0.50000000000000000     
           2          33   6.0000000000000000        2.9999999999999996        5.3122569267479101       0.48183622743008264                2 -0.15766779694657115       -7.4949246337530556E-002 -0.14392901693334070      -0.28280849505379796        1.5000000000000000       0.50000000000000000     
           2          34   6.0000000000000000        2.9999999999999996        5.5010570171560484       0.50198529652858848                2 -0.12533945111498840      -0.12571171412407081      -0.25181920280533976      -0.99620435635028026        1.5000000000000000       0.50000000000000000     
           2          35   6.0000000000000000        2.9999999999999996        5.3122569267479127       0.48183621599776066                2 -0.15766778417534008       -7.4949229479938234E-002 -0.14392903219548733      -0.28280847665066644        1.5000000000000000       0.50000000000000000     
           2          36   6.0000000000000000        2.9999999999999996        5.2923598236835270       0.55905240056797356                2 -0.15776627758838874       -9.6657290677311339E-002 -0.15551895661892887      -0.23387158134531760        1.5000000000000000       0.50000000000000000     
           2          37   6.0000000000000000        2.9999999999999996        5.3122569267479127       0.48183622578895685                2 -0.15766779162877143       -7.4949244378884089E-002 -0.14392901852285203      -0.28280848302752665        1.5000000000000000       0.50000000000000000     
           2          38   5.0000000000000000        2.4999999999999996        4.3805544137665997       0.49882412223737760                2 -0.16167792670987405       -7.7925686382844278E-002 -0.18473022963857200      -0.35066825409517066        1.2500000000000000       0.43301270189221930     
           2          39   6.0000000000000000        2.9999999999999996        5.2923598236835261       0.55905241337297074                2 -0.15776627097123724       -9.6657298052407414E-002 -0.15551895616224104      -0.23387158890870174        1.5000000000000000       0.50000000000000000     
           2          40   8.0000000000000000        3.9999999999999996        7.0157253152696519       0.59963088345088300                2 -0.14822028448749891       -8.5754841826076400E-002 -0.12096492933420605      -0.19569522679955226        2.0000000000000000        0.0000000000000000     
           2          41   5.0000000000000000        2.4999999999999996        4.3591754423966433       0.50273653401030272                2 -0.14999611264438512       -8.0638565373584020E-002 -0.16779347541273457      -0.29261858846784905        1.2500000000000000       0.43301270189221930     
           2          42   7.0000000000000000        3.4999999999999996        6.5050167743613896       0.50912471344114707                2 -0.12374951177316272      -0.12320372203051405      -0.24595734344542566       0.99093509741001995        1.7500000000000000       0.43301270189221930     
           2          43   7.0000000000000000        3.4999999999999996        6.2212494111165730       0.57826998709657373                2 -0.14253931716301196       -9.0160957345451959E-002 -0.13889787610082638      -0.19156383211031108        1.7500000000000000       0.43301270189221930     
           2          44   6.0000000000000000        2.9999999999999996        5.3513634572104927       0.60601386957092018                2 -0.16774378255355601      -0.10416967646608466      -0.16672874852707303      -0.26344815460678578        1.5000000000000000       0.50000000000000000     
           2          45   5.0000000000000000        2.4999999999999996        4.4686928959990322       0.65286873413195390                2 -0.16308658049694494      -0.10285747270543091      -0.21446348489402120      -0.29857191364787716        1.2500000000000000       0.43301270189221930     
           2          46   6.0000000000000000        2.9999999999999996        5.5010570171560502       0.50198529153498195                2 -0.12533944381634518      -0.12571172896194188      -0.25181921087560305      -0.99620436700134163        1.5000000000000000       0.50000000000000000     
           2          47   8.0000000000000000        3.9999999999999996        7.0157253152696528       0.59963092930183748                2 -0.14822029408388473       -8.5754853454762178E-002 -0.12096494001501505       0.80430476208005142        2.0000000000000000        0.0000000000000000     
           2          48   6.0000000000000000        2.9999999999999996        5.3122569267479118       0.48183618465113537                2 -0.15766776560076201       -7.4949227275567243E-002 -0.14392901393326354      -0.28280846633047679        1.5000000000000000       0.50000000000000000     
           2          49   5.0000000000000000        2.4999999999999996        4.3805544137666024       0.49882411723881165                2 -0.16167792329373851       -7.7925683633489298E-002 -0.18473023110380901      -0.35066825448550271        1.2500000000000000       0.43301270189221930     
           2          50   5.0000000000000000        2.4999999999999996        4.3805544137665988       0.49882412688430455                2 -0.16167792990847746       -7.7925686870833857E-002 -0.18473023289136448      -0.35066826284366059        1.2500000000000000       0.43301270189221930     
