           6           1   7.0000000000000000        3.9999999999999996        6.0834844795063310       0.57293704983225724                2 -0.16060392234194620      -0.12131226476709665      -0.16508158310544660      -0.24439430278798263        1.3333333333333333       0.47140452079103179     
           6           2   9.0000000000000000        5.4999999999999991        8.0003681668103965       0.35530363856060521                2 -0.12620917297316159       -7.3389857740613310E-002  -8.9952256672106615E-002 -0.18787482564701033        1.8333333333333333       0.37267799624996489     
           6           3   7.0000000000000000        3.9999999999999996        6.0864054809147783       0.40606178901395851                2 -0.14702646591186658       -8.4377221056608664E-002 -0.12047736392348701      -0.22198716378356204        1.3333333333333333       0.47140452079103157     
           6           4   8.0000000000000000        4.4999999999999991        6.9874749123535391       0.50272547901375653                2 -0.15993799994810481      -0.10788722973817746      -0.12502570374264088      -0.21301832902508866        1.5000000000000000       0.49999999999999956     
           6           5   7.0000000000000000        4.4999999999999991        6.0183503443259951       0.26698325762881370                2  -7.9756656306471399E-002   5.3187279885620671E-002 -0.12835191618562466       0.32671398403354629        1.4999999999999998       0.50000000000000044     
           6           6   8.0000000000000000        4.4999999999999991        6.9874749123535427       0.50272549540398637                2 -0.15993802157492845      -0.10788723489461537      -0.12502570176916969      -0.21301832623600453        1.5000000000000002       0.49999999999999867     
           6           7   10.000000000000000        5.4999999999999991        8.8432663330280050       0.61861660264528595                2 -0.11000583777338629      -0.20027298451071371      -0.17038708876167216      -0.93499490386038420        1.8333333333333333       0.37267799624996489     
           6           8   7.0000000000000000        3.9999999999999996        6.0411526079512132       0.44099917398487676                2 -0.15509437887574345      -0.10069814994877106      -0.13540797470993529      -0.21506268615044663        1.3333333333333335       0.47140452079103129     
           6           9   7.0000000000000000        4.4999999999999991        6.0183503443260014       0.26698324828914433                2  -7.9756665142670685E-002   5.3187265903096206E-002 -0.12835190789890802       0.32671399101008181        1.5000000000000000       0.50000000000000000     
           6          10   8.0000000000000000        4.9999999999999991        6.9465760543202935       0.30010388527719578                2 -0.12336396405713279       -6.3770151372761277E-002  -9.1085794970160769E-002 -0.19564655634757935        1.6666666666666665       0.47140452079103179     
           6          11   7.0000000000000000        3.9999999999999996        6.2343766905378155       0.42746761435885905                2 -0.14686611703831456       -7.8454723556184172E-002 -0.11618800388270602      -0.25131573773683236        1.3333333333333333       0.47140452079103179     
           6          12   6.0000000000000000        3.4999999999999996        5.1513539409004938       0.40520233790118948                2 -0.14542796919647064       -8.5196602169237620E-002 -0.14255245227349780      -0.27114477324911079        1.1666666666666665       0.37267799624996550     
           6          13   9.0000000000000000        5.4999999999999991        7.7945388381141498       0.37872948173124810                2 -0.14195224910406787       0.14569754316758832      -0.25194918821663720       0.48990730554827111        1.8333333333333330       0.37267799624996606     
           6          14   7.0000000000000000        4.4999999999999991        6.6051520922432063       0.75100886948780143                2 -0.13192384986237696       -6.9928601736366405E-002 -0.10307948161182610      -0.21249818337686024        1.4999999999999998       0.50000000000000044     
           6          15   6.0000000000000000        3.9999999999999996        5.5131499158463813       0.61221375612324735                2 -0.12440498951424250       -5.8113612672767878E-002 -0.10644281022661053      -0.22398084196624873        1.3333333333333333       0.47140452079103179     
           6          16   7.0000000000000000        4.4999999999999991        6.6673216763451357       0.77713732398577606                2 -0.16861377749717391      -0.10762334206087437      -0.81262230266954405       0.51108807273183343        1.4999999999999998       0.50000000000000044     
           6          17   8.0000000000000000        4.9999999999999991        7.3500575167817903       0.60010090698028162                2 -0.13169674526127054       -7.1392036981002868E-002  -9.2310183477519181E-002 -0.19159008512530223        1.6666666666666665       0.47140452079103223     
           6          18   6.0000000000000000        3.9999999999999996        5.5494941217148028       0.64714286277917499                2 -0.12521223393456404       -5.9185205824713497E-002 -0.11144243913146522      -0.23514465174672813        1.3333333333333333       0.47140452079103179     
           6          19   9.0000000000000000        5.4999999999999991        7.7945388381141507       0.37872948096167514                2 -0.14195224923375108       0.14569754720981334      -0.25194919079075012       0.48990730507132774        1.8333333333333330       0.37267799624996606     
           6          20   7.0000000000000000        3.9999999999999996        6.2343766905378200       0.42746761259274785                2 -0.14686610199779102       -7.8454734497163670E-002 -0.11618800128358540      -0.25131573294373211        1.3333333333333333       0.47140452079103179     
           6          21   8.0000000000000000        4.4999999999999991        7.0723940448181892       0.46143146477384606                2 -0.15148387775697597       -8.5661783208913655E-002 -0.10832328223207062      -0.22244267283616459        1.5000000000000000       0.49999999999999956     
           6          22   7.0000000000000000        4.4999999999999991        6.3516421196510047       0.51168346304737800                2 -0.12907016433769111       -6.2791289468456565E-002  -9.6973967957412296E-002 -0.20923239213398234        1.4999999999999998       0.50000000000000044     
           6          23   7.0000000000000000        3.9999999999999996        6.1449640699544545       0.42056996578659905                2 -0.14827804470273201       -8.3963226461532814E-002 -0.11620565577867827      -0.24825769107548371        1.3333333333333335       0.47140452079103129     
           6          24   9.0000000000000000        4.9999999999999991        7.8485049545203109       0.51378344397250675                2 -0.15718382921482688       -9.4983504903699958E-002 -0.10640474683660875      -0.20116096543887493        1.6666666666666667       0.47140452079103085     
           6          25   7.0000000000000000        3.9999999999999996        6.1608810587332341       0.42542599694322403                2 -0.14252799287394205       -9.5003984167801633E-002 -0.12964181992519558      -0.23463552343854463        1.3333333333333333       0.47140452079103179     
           6          26   7.0000000000000000        4.4999999999999991        6.6143225827320231       0.81596194764892649                2 -0.15617469339079684      -0.12607946094852129      -0.64649459844260093       0.45559877764451684        1.5000000000000000       0.50000000000000000     
           6          27   6.0000000000000000        3.9999999999999996        5.5494941217148037       0.64714290172739730                2 -0.12521222083604946       -5.9185233890073130E-002 -0.11144242555106340      -0.23514465164727535        1.3333333333333333       0.47140452079103179     
           6          28   9.0000000000000000        5.4999999999999991        7.7945388381141480       0.37872947350237174                2 -0.14195223579338825       0.14569756993159905      -0.25194921875636589       0.48990731020154010        1.8333333333333330       0.37267799624996606     
           6          29   9.0000000000000000        4.9999999999999991        8.0292736420707147       0.58645021471417602                2 -0.17588847705813304      -0.13391243964082500      -0.13413009590102784      -0.18282848790045231        1.6666666666666667       0.47140452079103085     
           6          30   7.0000000000000000        4.4999999999999991        6.6051520922432099       0.75100883606607260                2 -0.13192385705513340       -6.9928593596565586E-002 -0.10307947829796453      -0.21249815290536808        1.4999999999999998       0.50000000000000044     
           6          31   9.0000000000000000        5.4999999999999991        7.6790642886501299       0.34343701567564794                2 -0.12737571137751399       0.22162223555836114       0.17099857590416132       -6.0380388206143130E-002   1.8333333333333333       0.37267799624996489     
           6          32   7.0000000000000000        4.4999999999999991        6.6673216763451375       0.77713732425917448                2 -0.16861377464941785      -0.10762334122732407      -0.81262230130646262       0.51108807145105417        1.4999999999999998       0.50000000000000044     
           6          33   8.0000000000000000        4.9999999999999991        7.3500575167817903       0.60010091127321763                2 -0.13169674915011703       -7.1392037810583703E-002  -9.2310183688051661E-002 -0.19159009063833743        1.6666666666666665       0.47140452079103223     
           6          34   9.0000000000000000        5.4999999999999991        7.6790642886501335       0.34343701123982928                2 -0.12737571098746778       0.22162223272991802       0.17099857282091405       -6.0380386824273269E-002   1.8333333333333333       0.37267799624996489     
           6          35   10.000000000000000        5.9999999999999991        8.5289339971509666       0.37710866268312010                2 -0.13569194171915158       -7.5439246393523424E-002  0.92220411360215204       0.83547772814471499        1.9999999999999998        2.1073424255447017E-008
           6          36   8.0000000000000000        4.4999999999999991        7.1767923416241395       0.45284440322765845                2 -0.14431397747806535       -8.5596914511893871E-002 -0.11161901270638309      -0.22562778985098078        1.5000000000000000       0.50000000000000000     
           6          37   7.0000000000000000        4.4999999999999991        6.3516421196510029       0.51168342296786329                2 -0.12907011030007876       -6.2791242268405767E-002  -9.6973979362260099E-002 -0.20923239217807454        1.5000000000000000       0.50000000000000000     
           6          38   8.0000000000000000        4.9999999999999991        7.6033472888041276       0.79016166668512666                2 -0.12638020753528720       0.12147996399808907      -0.21801268589659803       0.50372476119085008        1.6666666666666665       0.47140452079103179     
           6          39   8.0000000000000000        4.9999999999999991        6.8927483574565667       0.28535746642652626                2  -9.8553173276430164E-002   7.1873865537748660E-002  -9.3532856747576665E-002  0.79676673216379346        1.6666666666666665       0.47140452079103179     
           6          40   5.0000000000000000        3.4999999999999996        4.7553686312288193       0.78224719562006018                2 -0.12223686831077238       -5.2899974806851068E-002 -0.12049848015195613      -0.25114200790553903        1.1666666666666665       0.37267799624996550     
           6          41   6.0000000000000000        3.9999999999999996        5.5494941217148037       0.64714286319995662                2 -0.12521223292868311       -5.9185205898038100E-002 -0.11144243957378917      -0.23514465124709460        1.3333333333333333       0.47140452079103179     
           6          42   8.0000000000000000        4.4999999999999991        6.8983833985730252       0.44245726940249785                2 -0.14874830728912858       -8.9148766469096363E-002 -0.11332441853109217      -0.18646694351608584        1.5000000000000000       0.49999999999999956     
           6          43   8.0000000000000000        4.4999999999999991        7.0723940448181910       0.46143146643276223                2 -0.15148387879909303       -8.5661784618913994E-002 -0.10832328226074817      -0.22244267879654894        1.5000000000000000       0.50000000000000000     
           6          44   7.0000000000000000        4.4999999999999991        6.0183503443260005       0.26698325593730515                2  -7.9756660659725795E-002   5.3187273147687952E-002 -0.12835191861995723       0.32671398982629524        1.5000000000000000       0.50000000000000000     
           6          45   7.0000000000000000        4.4999999999999991        6.3516421196510029       0.51168344326294890                2 -0.12907016286420969       -6.2791275477615399E-002  -9.6973968798982735E-002 -0.20923238574742220        1.5000000000000000       0.50000000000000000     
           6          46   8.0000000000000000        4.4999999999999991        6.9874749123535400       0.50272550993083787                2 -0.15993802812290367      -0.10788724909849846      -0.12502571238766458      -0.21301831965558357        1.5000000000000000       0.49999999999999956     
           6          47   7.0000000000000000        3.9999999999999996        6.1608810587332368       0.42542599863374375                2 -0.14252799824948031       -9.5003983526672567E-002 -0.12964181734216551      -0.23463551633361918        1.3333333333333333       0.47140452079103179     
           6          48   7.0000000000000000        3.9999999999999996        6.1449640699544581       0.42056997221424525                2 -0.14827805366852392       -8.3963231835591443E-002 -0.11620565083487464      -0.24825766167254487        1.3333333333333333       0.47140452079103179     
           6          49   8.0000000000000000        4.4999999999999991        6.9390087480178018       0.52973497850158935                2 -0.16277686090459892      -0.10910134328311469      -0.12513455794315204      -0.20891671898708872        1.5000000000000000       0.49999999999999956     
           6          50   8.0000000000000000        4.4999999999999991        6.8983833985730270       0.44245727634867504                2 -0.14874827983568040       -8.9148748365467018E-002 -0.11332443571656219      -0.18646696746963529        1.5000000000000000       0.49999999999999956     
