          12           1   7.0000000000000000        4.4999999999999991        6.5757558101848703       0.68459785126312422                2 -0.12993909821206084       -6.6430065612427300E-002 -0.10842472191978599      -0.21652040700852943        1.5000000000000000       0.50000000000000000     
          12           2   8.0000000000000000        4.9999999999999991        6.9257155108614814       0.29526330620997859                2 -0.11885797160498018       0.21417698173037050       0.18416975426929263       -6.8030440795749658E-002   1.6666666666666665       0.47140452079103223     
          12           3   8.0000000000000000        4.9999999999999991        7.4184503657646879       0.64050411306551180                2 -0.13193418141202201       -6.9221588119517730E-002 -0.10327752161675952      -0.21075877320679684        1.6666666666666665       0.47140452079103179     
          12           4   7.0000000000000000        3.9999999999999996        6.0648308317601414       0.54412636645174739                2 -0.15672856383291411      -0.10973915020088056      -0.15202330504390404      -0.25177656858449687        1.3333333333333333       0.47140452079103157     
          12           5   8.0000000000000000        4.4999999999999991        6.9458685838121088       0.46773570391770547                2 -0.14784151245716787       -8.5447570697646497E-002 -0.11224243940037454      -0.20935795676132257        1.5000000000000000       0.49999999999999956     
          12           6   7.0000000000000000        4.4999999999999991        6.3672043458541419       0.48419860473057236                2 -0.11395418998580477       -6.3237208771781989E-002 -0.10081016602218283      -0.20768144969345140        1.5000000000000002       0.49999999999999867     
          12           7   7.0000000000000000        4.4999999999999991        6.6870614537314710       0.79472055855201917                2 -0.13075700099016627       -6.2566787068939589E-002 -0.11356026918921988      -0.23885386736935457        1.5000000000000000       0.49999999999999956     
          12           8   6.0000000000000000        3.9999999999999996        5.5419708567039621       0.59934061063674449                2 -0.12289559697094250       -5.7465818319323569E-002 -0.11394988163162426      -0.23767874500827552        1.3333333333333333       0.47140452079103179     
          12           9   9.0000000000000000        5.4999999999999991        7.8964175640411289       0.34879625294679589                2 -0.13035151862304564       -6.6150874888355887E-002  -9.1144649265941610E-002 -0.19157635730245168        1.8333333333333330       0.37267799624996606     
          12          10   7.0000000000000000        3.9999999999999996        6.1556854663846989       0.47335790062007399                2 -0.13773938258114873       -8.2336378004386770E-002 -0.12684226419886921      -0.23480433123686242        1.3333333333333335       0.47140452079103129     
          12          11   9.0000000000000000        5.4999999999999991        7.6878639943245961       0.33319776741524765                2 -0.13118955569336740       0.22693531856226770       0.16892265963126826       -5.9689102775505855E-002   1.8333333333333333       0.37267799624996489     
          12          12   7.0000000000000000        4.4999999999999991        6.6870614537314710       0.79472055890584481                2 -0.13075699270821919       -6.2566777931442150E-002 -0.11356028131440551      -0.23885387997292445        1.5000000000000000       0.49999999999999956     
          12          13   6.0000000000000000        3.4999999999999996        5.2211883837670667       0.41842125463110652                2 -0.13705319138665684       -7.8404339636832646E-002 -0.14572378233409772      -0.29571635086653442        1.1666666666666665       0.37267799624996550     
          12          14   7.0000000000000000        3.9999999999999996        6.1986987142754950       0.43060568253389864                2 -0.14607446346574432       -7.3615834320897008E-002 -0.12761020320719491      -0.26420643376583836        1.3333333333333333       0.47140452079103157     
          12          15   7.0000000000000000        4.4999999999999991        6.5757558101848703       0.68459784282523362                2 -0.12993909093952163       -6.6430066883727878E-002 -0.10842471437703272      -0.21652040052087171        1.5000000000000000       0.49999999999999956     
          12          16   7.0000000000000000        4.4999999999999991        6.6870614537314710       0.79472056059889828                2 -0.13075699709802596       -6.2566779184179425E-002 -0.11356028242721632      -0.23885387337481767        1.5000000000000000       0.49999999999999956     
          12          17   8.0000000000000000        4.4999999999999991        7.1603113145938391       0.51118929037215444                2 -0.14308696734411491       -8.3698700817837202E-002 -0.11739190614902217      -0.23415861420650702        1.5000000000000000       0.50000000000000000     
          12          18   8.0000000000000000        4.9999999999999991        7.4184503657646852       0.64050408085166000                2 -0.13193419589991548       -6.9221578977768553E-002 -0.10327751416643401      -0.21075873715818158        1.6666666666666665       0.47140452079103179     
          12          19   7.0000000000000000        3.9999999999999996        6.1556854663846954       0.47335787112757299                2 -0.13773938284549725       -8.2336371543835538E-002 -0.12684224533323576      -0.23480430902095512        1.3333333333333335       0.47140452079103129     
          12          20   8.0000000000000000        4.4999999999999991        7.1603113145938408       0.51118929233907850                2 -0.14308694983831366       -8.3698717126998542E-002 -0.11739189811206192      -0.23415862410311999        1.5000000000000000       0.50000000000000000     
          12          21   7.0000000000000000        4.4999999999999991        6.6870614537314710       0.79472055890956916                2 -0.13075699276519437       -6.2566777659146020E-002 -0.11356028185958290      -0.23885387955070067        1.5000000000000000       0.49999999999999956     
          12          22   9.0000000000000000        4.9999999999999991        7.7867539094644549       0.55246698367210412                2 -0.16012150918097354       -9.5213519008535002E-002 -0.10819781126075892      -0.20269488574741615        1.6666666666666665       0.47140452079103179     
          12          23   8.0000000000000000        4.9999999999999991        7.3671401196089663       0.55118349315531234                2 -0.12144558103885761       -6.7629675074911036E-002  -9.9793279509894875E-002 -0.19992325558970575        1.6666666666666667       0.47140452079103085     
          12          24   8.0000000000000000        4.9999999999999991        6.9257155108614779       0.29526330591248778                2 -0.11885797060834888       0.21417698085892001       0.18416975484770587       -6.8030440864378719E-002   1.6666666666666665       0.47140452079103223     
          12          25   8.0000000000000000        4.4999999999999991        6.9360480051751763       0.55569236846037229                2 -0.12396020894700394       -8.3564878528681594E-002  0.88467272083551085      -0.20549716246261940        1.5000000000000000       0.50000000000000000     
          12          26   6.0000000000000000        3.4999999999999996        5.2875630190984975       0.39837831106613353                2 -0.13866207882726916       -6.8552744720213069E-002 -0.13633311542733043      -0.28095796418962676        1.1666666666666665       0.37267799624996550     
          12          27   7.0000000000000000        4.4999999999999991        6.5757558101848694       0.68459784694634451                2 -0.12993909868197268       -6.6430062502600043E-002 -0.10842472050014849      -0.21652039995213312        1.5000000000000000       0.50000000000000000     
          12          28   7.0000000000000000        4.4999999999999991        6.3747537706357260       0.53257670251669076                2 -0.12796053049804512       -6.2004218269947016E-002 -0.10164951374956636      -0.21698920084776008        1.4999999999999998       0.50000000000000044     
          12          29   5.0000000000000000        3.4999999999999996        4.8162384334554833       0.83589462401489756                2 -0.11884788833162871       -4.9409581479335635E-002 -0.13095441840585054      -0.27755388253050933        1.1666666666666665       0.37267799624996550     
          12          30   5.0000000000000000        2.9999999999999996        4.3402512066058785       0.41903012995094790                2 -0.11547390955149164       -7.0806881358057475E-002 -0.17967187879241334      -0.37705844871700661       0.99999999999999989        1.0536712127723509E-008
          12          31   9.0000000000000000        5.4999999999999991        8.0750201586247847       0.37770394426048459                2 -0.11003716268102895       -7.0885728000257303E-002  -9.6976867981111659E-002 -0.20220756646317786        1.8333333333333333       0.37267799624996489     
          12          32   6.0000000000000000        3.4999999999999996        5.2211883837670650       0.41842125387679535                2 -0.13705319176433994       -7.8404339273433057E-002 -0.14572378187045154      -0.29571634900969401        1.1666666666666667       0.37267799624996456     
          12          33   6.0000000000000000        3.4999999999999996        5.2875630190984957       0.39837831929201684                2 -0.13866208482378170       -6.8552746258701905E-002 -0.13633311970925568      -0.28095797351576718        1.1666666666666665       0.37267799624996550     
          12          34   6.0000000000000000        3.4999999999999996        5.2020241369474656       0.45287906745574785                2 -0.13332809370111456       -8.1975553079925045E-002 -0.14476115585015720      -0.27775740416796474        1.1666666666666665       0.37267799624996578     
          12          35   8.0000000000000000        4.9999999999999991        7.4184503657646861       0.64050409487532622                2 -0.13193418959914055       -6.9221589588404991E-002 -0.10327750900263258      -0.21075875150804602        1.6666666666666665       0.47140452079103179     
          12          36   9.0000000000000000        5.4999999999999991        7.6878639943245988       0.33319777634709868                2 -0.13118952283726207       0.22693529878271304       0.16892266218367008       -5.9689120171266201E-002   1.8333333333333333       0.37267799624996489     
          12          37   8.0000000000000000        4.9999999999999991        6.9746973926005333       0.30600426271405468                2 -0.11624603620119248       -6.2487485144304064E-002  -9.4958236644172106E-002 -0.20440636524022487        1.6666666666666665       0.47140452079103223     
          12          38   8.0000000000000000        4.9999999999999991        7.3671401196089645       0.55118346852617861                2 -0.12144559731426705       -6.7629648012508231E-002  -9.9793283474600883E-002 -0.19992324082464760        1.6666666666666665       0.47140452079103179     
          12          39   7.0000000000000000        3.9999999999999996        6.0179147194294895       0.57354906083966128                2 -0.14100134007508072       -9.7879121779719913E-002 -0.13893196081871734      -0.23628984352434357        1.3333333333333333       0.47140452079103179     
          12          40   8.0000000000000000        4.9999999999999991        6.9257155108614725       0.29526330722304711                2 -0.11885797098319854       0.21417697966049973       0.18416975754246159       -6.8030441362074742E-002   1.6666666666666665       0.47140452079103223     
          12          41   7.0000000000000000        4.4999999999999991        6.5757558101848703       0.68459784293574355                2 -0.12993908226268500       -6.6430060317123465E-002 -0.10842473500394589      -0.21652039419133709        1.5000000000000000       0.49999999999999956     
          12          42   7.0000000000000000        3.9999999999999996        6.1940824859617862       0.45221535259057127                2 -0.14183895218834908       -8.2732303284416470E-002 -0.12174535313452207      -0.25641442935733066        1.3333333333333333       0.47140452079103179     
          12          43   6.0000000000000000        3.4999999999999996        5.2211883837670650       0.41842117252552530                2 -0.13705315934460413       -7.8404319419138765E-002 -0.14572375715534455      -0.29571629793878773        1.1666666666666665       0.37267799624996550     
          12          44   7.0000000000000000        3.9999999999999996        6.1556854663846972       0.47335787352756831                2 -0.13773938082843187       -8.2336364805947998E-002 -0.12684225453909040      -0.23480433464467954        1.3333333333333333       0.47140452079103179     
          12          45   8.0000000000000000        4.9999999999999991        7.1093960664317724       0.30571650692031671                2 -0.13187655973847726       -5.8371605296436486E-002 -0.10290719515155247      -0.22223586785365959        1.6666666666666665       0.47140452079103179     
          12          46   5.0000000000000000        2.9999999999999996        4.3402512066058785       0.41903013849829307                2 -0.11547389868016733       -7.0806887899825061E-002 -0.17967188845463994      -0.37705845152223527       0.99999999999999989        1.0536712127723509E-008
          12          47   7.0000000000000000        3.9999999999999996        6.1556854663846998       0.47335786672600244                2 -0.13773937480676196       -8.2336361795849397E-002 -0.12684225313918795      -0.23480432905959719        1.3333333333333333       0.47140452079103179     
          12          48   7.0000000000000000        4.4999999999999991        6.5757558101848668       0.68459785612609980                2 -0.12993907698260021       -6.6430068815361579E-002 -0.10842474645883456      -0.21652039903663056        1.5000000000000000       0.50000000000000000     
          12          49   6.0000000000000000        3.4999999999999996        5.2020241369474647       0.45287905410958273                2 -0.13332809494976397       -8.1975548259007255E-002 -0.14476115344123550      -0.27775739287904155        1.1666666666666665       0.37267799624996578     
          12          50   8.0000000000000000        4.4999999999999991        6.9752702845066334       0.54486025887281497                2 -0.14755461845026319      -0.10100475008329603      -0.12052425884428836      -0.21078905140439086        1.4999999999999998       0.50000000000000044     
