          10           1   7.0000000000000000        4.4999999999999991        6.5794340695261315       0.66177784233900838                2 -0.14274127762035491       -6.5108186013810743E-002 -0.11553318467567868      -0.23846590552799579        1.8000000000000003       0.39999999999999908     
          10           2   8.0000000000000000        4.4999999999999991        7.0886907191884836       0.41386456856352738                2 -0.16728674426541801       -8.9235797851883653E-002 -0.11647354707346445      -0.22226146764126051        1.7999999999999998       0.40000000000000130     
          10           3   5.0000000000000000        2.9999999999999996        4.7081044506602323       0.77660038831001477                2 -0.13497158076297788       -7.4815178914153763E-002 -0.19685745531507107      -0.38129981396840801        1.2000000000000000       0.39999999999999991     
          10           4   8.0000000000000000        4.4999999999999991        7.0886907191884836       0.41386459376124113                2 -0.16728672931828117       -8.9235828920158300E-002 -0.11647356675450087      -0.22226147890641920        1.8000000000000000       0.40000000000000019     
          10           5   7.0000000000000000        3.9999999999999996        6.1069861624847457       0.36049609289556117                2 -0.15727847512016285       -8.0765466847855738E-002 -0.11486964378509289      -0.22651396766105519        1.5999999999999999       0.48989794855663626     
          10           6   7.0000000000000000        3.9999999999999996        6.2696342634592792       0.41242820716835976                2 -0.15409800672940221       -7.7712169881734725E-002 -0.13567035300966979      -0.26746213789104217        1.6000000000000001       0.48989794855663493     
          10           7   8.0000000000000000        4.4999999999999991        7.0886907191884792       0.41386458349579014                2 -0.16728673615137685       -8.9235813803261135E-002 -0.11647355782152910      -0.22226147986297276        1.8000000000000000       0.40000000000000019     
          10           8   5.0000000000000000        2.9999999999999996        4.7171164844581197       0.76095138991022004                2 -0.16978826133448244       -7.8937015919089540E-002 -0.16281462483373541      -0.33670014532341430        1.2000000000000000       0.40000000000000019     
          10           9   5.0000000000000000        2.9999999999999996        4.4996280775732638       0.56276999886991719                2 -0.14669129039439671       -7.4724657904437566E-002 -0.15630591397617175      -0.30161310749638026        1.2000000000000002       0.39999999999999963     
          10          10   7.0000000000000000        3.9999999999999996        6.3814064617573898       0.68138495527969534                2 -0.16625901948051619       -9.1222391594971072E-002 -0.12561614059264567      -0.22645454843557764        1.6000000000000001       0.48989794855663493     
          10          11   6.0000000000000000        3.4999999999999996        5.2770746800221371       0.41644114107288710                2 -0.13921147859649721       -8.6928629933257257E-002 -0.15960499014002844      -0.29002026192642877        1.3999999999999999       0.48989794855663604     
          10          12   6.0000000000000000        3.4999999999999996        5.5894876102489057       0.72244986500892272                2  -6.8612143905257217E-002   8.4194405829096652E-002 -0.22987101856596337       0.45749161399278632        1.4000000000000001       0.48989794855663538     
          10          13   7.0000000000000000        3.9999999999999996        6.3814064617573854       0.68138495032549407                2 -0.16625902079795848       -9.1222383970287660E-002 -0.12561614511741398      -0.22645453291665485        1.6000000000000001       0.48989794855663493     
          10          14   6.0000000000000000        3.4999999999999996        5.5025735854966777       0.57023393587749993                2 -0.15737989746962305       -7.1236435821763977E-002 -0.13373982382161251      -0.27823068476412910        1.3999999999999999       0.48989794855663604     
          10          15   7.0000000000000000        3.9999999999999996        6.3814064617573862       0.68138494773059688                2 -0.16625901938806092       -9.1222390211378915E-002 -0.12561613574642944      -0.22645454682967486        1.6000000000000001       0.48989794855663493     
          10          16   8.0000000000000000        4.9999999999999991        7.4177825833078588       0.75029384298822599                2 -0.15283641041285609       -7.6012729260851328E-002  -9.6891908770034521E-002 -0.19535713324914214        2.0000000000000000        0.0000000000000000     
          10          17   5.0000000000000000        2.9999999999999996        4.7171164844581206       0.76095139370132880                2 -0.16978826196416794       -7.8937019308662273E-002 -0.16281463044622296      -0.33670016435674416        1.2000000000000000       0.40000000000000019     
          10          18   6.0000000000000000        3.9999999999999996        5.7947935763203677       0.88094632019746988                2 -0.13838948988696237       0.10989848492722715      -0.54472700850470113      -0.88998908947497746        1.6000000000000001       0.48989794855663493     
          10          19   7.0000000000000000        3.9999999999999996        6.2696342634592783       0.41242820237359740                2 -0.15409800859430559       -7.7712166708209740E-002 -0.13567034832888519      -0.26746212770340322        1.6000000000000001       0.48989794855663493     
          10          20   8.0000000000000000        4.4999999999999991        7.0886907191884809       0.41386458425773498                2 -0.16728673116784407       -8.9235814785634443E-002 -0.11647355824723048      -0.22226148083154973        1.7999999999999998       0.40000000000000130     
          10          21   7.0000000000000000        3.9999999999999996        6.2696342634592783       0.41242819769978623                2 -0.15409801460451031       -7.7712166309719694E-002 -0.13567033853121668      -0.26746212131881802        1.6000000000000001       0.48989794855663582     
          10          22   6.0000000000000000        3.4999999999999996        5.5025735854966769       0.57023393449089776                2 -0.15737989608297601       -7.1236435001289469E-002 -0.13373982490610609      -0.27823068733332701        1.3999999999999999       0.48989794855663604     
          10          23   6.0000000000000000        3.4999999999999996        5.7152917018071694       0.77537403544225758                2 -0.15771617352651657       -7.6536089746710112E-002 -0.16998986507412678      -0.33393925607652480        1.3999999999999999       0.48989794855663604     
          10          24   5.0000000000000000        2.9999999999999996        4.4996280775732638       0.56276998493788244                2 -0.14669127460691961       -7.4724646633545902E-002 -0.15630591549522838      -0.30161312732005630        1.2000000000000000       0.39999999999999991     
          10          25   7.0000000000000000        3.9999999999999996        6.3814064617573854       0.68138496786943614                2 -0.16625903599156983       -9.1222393885250871E-002 -0.12561614264086535      -0.22645455839936607        1.6000000000000001       0.48989794855663493     
          10          26   6.0000000000000000        3.4999999999999996        5.1827740043882473       0.40891482153979286                2 -0.13470680916013636       -7.2145954468349899E-002 -0.13412321516487874      -0.26472991414371222        1.3999999999999999       0.48989794855663604     
          10          27   7.0000000000000000        3.9999999999999996        6.3814064617573854       0.68138494566518371                2 -0.16625901978849733       -9.1222389537675627E-002 -0.12561613458928303      -0.22645454740765500        1.5999999999999999       0.48989794855663626     
          10          28   6.0000000000000000        3.4999999999999996        5.7555200503075596       0.89930427531246071                2 -0.16540828086796724       -9.7290938973298602E-002 -0.15073513375350903      -0.26302187966366392        1.4000000000000001       0.48989794855663538     
          10          29   7.0000000000000000        4.4999999999999991        6.4774032835161401       0.63769483119242187                2 -0.14157289320783109       -6.8098776703403627E-002  -9.6918341743705019E-002 -0.19893856810432362        1.7999999999999998       0.40000000000000130     
          10          30   6.0000000000000000        3.4999999999999996        5.5025735854966804       0.57023391687501845                2 -0.15737988925339960       -7.1236417015262621E-002 -0.13373983284835209      -0.27823070004796674        1.3999999999999999       0.48989794855663604     
          10          31   6.0000000000000000        3.4999999999999996        5.1827740043882482       0.40891484541503897                2 -0.13470681831248763       -7.2145975144860486E-002 -0.13412319781131371      -0.26472991101069104        1.3999999999999999       0.48989794855663604     
          10          32   6.0000000000000000        3.4999999999999996        5.4608497806713849       0.61650483465306338                2 -0.14972896665153046        9.2684086451716829E-002 -0.13701250838097609       0.76687045640855145        1.4000000000000001       0.48989794855663538     
          10          33   6.0000000000000000        3.4999999999999996        5.4608497806713832       0.61650482388605232                2 -0.14972897268822927        9.2684075477167269E-002 -0.13701250207509252       0.76687045280308075        1.3999999999999999       0.48989794855663604     
          10          34   8.0000000000000000        4.4999999999999991        7.0886907191884818       0.41386458522985831                2 -0.16728671169455303       -8.9235807931853775E-002 -0.11647356250220717      -0.22226149248033047        1.7999999999999998       0.40000000000000130     
          10          35   7.0000000000000000        3.9999999999999996        6.1069861624847421       0.36049609220348566                2 -0.15727844855810330       -8.0765434336556280E-002 -0.11486966626430625      -0.22651400431424593        1.6000000000000001       0.48989794855663493     
          10          36   8.0000000000000000        4.4999999999999991        7.0886907191884845       0.41386458502414658                2 -0.16728673115104753       -8.9235815573150967E-002 -0.11647356003954133      -0.22226147972753696        1.7999999999999998       0.40000000000000130     
          10          37   6.0000000000000000        3.9999999999999996        5.7947935763203668       0.88094630276621833                2 -0.13838950558491914       0.10989848686826113      -0.54472701580144856      -0.88998906755109353        1.6000000000000001       0.48989794855663493     
          10          38   7.0000000000000000        4.4999999999999991        6.4774032835161384       0.63769481295599906                2 -0.14157288749146626       -6.8098784481015834E-002  -9.6918319916438081E-002 -0.19893855278622843        1.7999999999999998       0.40000000000000130     
          10          39   6.0000000000000000        3.4999999999999996        5.5025735854966786       0.57023393431384717                2 -0.15737989617890075       -7.1236435325980424E-002 -0.13373982248793731      -0.27823068273316293        1.3999999999999999       0.48989794855663604     
          10          40   7.0000000000000000        3.9999999999999996        6.1069861624847457       0.36049609589871223                2 -0.15727846619846197       -8.0765461548818612E-002 -0.11486964934951890      -0.22651398005248619        1.5999999999999999       0.48989794855663626     
          10          41   6.0000000000000000        3.4999999999999996        5.5025735854966786       0.57023393821267632                2 -0.15737990204335206       -7.1236434266634757E-002 -0.13373982642686560      -0.27823068692369868        1.3999999999999999       0.48989794855663604     
          10          42   5.0000000000000000        2.9999999999999996        4.7081044506602341       0.77660037620198641                2 -0.13497158667751452       -7.4815176874020506E-002 -0.19685744474107117      -0.38129980387384277        1.2000000000000000       0.39999999999999991     
          10          43   6.0000000000000000        3.4999999999999996        5.5894876102489084       0.72244988199639570                2  -6.8612144849488535E-002   8.4194413351692698E-002 -0.22987103181715626       0.45749163197387072        1.4000000000000001       0.48989794855663538     
          10          44   6.0000000000000000        3.4999999999999996        5.4608497806713832       0.61650483585096350                2 -0.14972896565266464        9.2684088661709338E-002 -0.13701250777626786       0.76687045629830664        1.3999999999999999       0.48989794855663604     
          10          45   7.0000000000000000        4.4999999999999991        6.5794340695261333       0.66177783532776724                2 -0.14274127993823510       -6.5108181137213408E-002 -0.11553318307918087      -0.23846591800503836        1.8000000000000003       0.39999999999999908     
          10          46   6.0000000000000000        3.4999999999999996        5.2770746800221406       0.41644113382898706                2 -0.13921147996662267       -8.6928624380014918E-002 -0.15960498419695368      -0.29002026055964186        1.3999999999999999       0.48989794855663604     
          10          47   6.0000000000000000        3.4999999999999996        5.7555200503075596       0.89930427825550896                2 -0.16540825764157546       -9.7290932426654791E-002 -0.15073515434251633      -0.26302188849066083        1.4000000000000001       0.48989794855663538     
          10          48   5.0000000000000000        2.9999999999999996        4.4996280775732647       0.56276998584722360                2 -0.14669128025971231       -7.4724649806446497E-002 -0.15630591022717541      -0.30161311740269275        1.2000000000000002       0.39999999999999963     
          10          49   6.0000000000000000        3.9999999999999996        5.7947935763203677       0.88094628567027722                2 -0.13838947824107131       0.10989847091122822      -0.54472701934310608      -0.88998907596493371        1.6000000000000001       0.48989794855663493     
          10          50   7.0000000000000000        3.9999999999999996        6.3814064617573871       0.68138494908365566                2 -0.16625902205318144       -9.1222392517431417E-002 -0.12561613333398305      -0.22645454361307435        1.6000000000000001       0.48989794855663493     
