          17           1   8.0000000000000000        5.4999999999999991        7.7539248117948425       0.84331676176255610                2  -9.4671525769174841E-002 -0.24701171514593265      -0.18264489054492972      -0.92807067513833497        1.3750000000000000       0.48412291827592713     
          17           2   11.000000000000000        6.9999999999999991        9.4604865185058760       0.37016678787898133                2 -0.11770332551873931       -6.6966342105998486E-002  -7.4376768329960527E-002 -0.17788821042676234        1.7500000000000000       0.43301270189221930     
          17           3   11.000000000000000        6.9999999999999991        9.5878258801311738       0.36165248636931530                2 -0.14496750761995178       -8.0795928017117366E-002  -7.6946753627226527E-002 -0.16422321375484064        1.7500000000000000       0.43301270189221930     
          17           4   9.0000000000000000        5.9999999999999991        8.1192490306694136       0.53621895642310147                2 -0.15400121989808069      -0.24426435300139474       0.15555368293257740       -4.6562342403447816E-002   1.5000000000000000       0.50000000000000000     
          17           5   8.0000000000000000        5.4999999999999991        7.3358739013916114       0.45613368738047527                2 -0.10552152602685599       -5.8906592147724965E-002  -8.7937295241828486E-002 -0.21639219775000818        1.3750000000000000       0.48412291827592713     
          17           6   8.0000000000000000        4.9999999999999991        7.0262695574538139       0.38205006380071738                2 -0.14242385022899959       -7.8464659331069456E-002 -0.10776671084437932      -0.24077577037407982        1.2500000000000000       0.43301270189221930     
          17           7   8.0000000000000000        4.9999999999999991        6.9377897993088062       0.39252030232712409                2 -0.14474255273225364       -8.5228783321789112E-002 -0.10796480707320553      -0.22404690044458170        1.2500000000000000       0.43301270189221930     
          17           8   8.0000000000000000        4.9999999999999991        6.6640221158598960       0.38290241096517802                2 -0.12578184086558275       -6.3606766849642241E-002  -9.5634435576872831E-002 -0.22346668020333066        1.2500000000000000       0.43301270189221930     
          17           9   8.0000000000000000        5.4999999999999991        7.5561734440255499       0.73765116172598444                2 -0.11962392365665020       0.19723898970590989      -0.15617451166308824      -0.92974712031079199        1.3750000000000000       0.48412291827592713     
          17          10   10.000000000000000        6.9999999999999991        9.3325004605477773       0.64197293699002456                2 -0.13304651109326729       -6.4628238365723414E-002  -6.9719413044772041E-002 -0.16670800637859254        1.7500000000000000       0.43301270189221930     
          17          11   11.000000000000000        7.4999999999999991        9.8142321311565084       0.28807383802344783                2 -0.10847587789077152       -5.5969608030508683E-002  -6.6525176399186592E-002 -0.17960882529110572        1.8750000000000000       0.33071891388307384     
          17          12   7.0000000000000000        4.9999999999999991        6.4996910378693267       0.72701647256046675                2 -0.10193430278070212       0.11588632282909506       0.57288811338005241      -0.44975847145096959        1.2500000000000000       0.43301270189221930     
          17          13   10.000000000000000        5.9999999999999991        9.0460096496774760       0.72422205549792973                2 -0.10121294988992047      -0.21507218072579307      -0.16905813973203426      -0.91826517418070763        1.5000000000000000       0.50000000000000000     
          17          14   8.0000000000000000        5.4999999999999991        7.1236600040678590       0.37769803531469165                2  -7.7067465379871886E-002  0.11576389521660728       0.53203154330338376      -0.40840420634491564        1.3750000000000000       0.48412291827592713     
          17          15   8.0000000000000000        5.4999999999999991        7.4322542420656168       0.64967350331968254                2 -0.18041850746367760      -0.10687077703924780       0.85205996086567881       0.91767871229699549        1.3750000000000000       0.48412291827592713     
          17          16   7.0000000000000000        4.9999999999999991        6.6300239641688528       0.71699881998920523                2 -0.11837160944004678       -5.6545096579688300E-002  -9.6244996269208891E-002 -0.22727283814680047        1.2500000000000000       0.43301270189221930     
          17          17   8.0000000000000000        5.4999999999999991        7.5561734440255481       0.73765115559348859                2 -0.11962392838653221       0.19723899402141057      -0.15617451151466036      -0.92974712768099821        1.3750000000000000       0.48412291827592713     
          17          18   10.000000000000000        6.9999999999999991        9.1873126741381093       0.48555148239232171                2 -0.11500887648415462       -5.6638085305591911E-002  -6.8086927053525648E-002 -0.17442278635252956        1.7500000000000000       0.43301270189221930     
          17          19   11.000000000000000        6.4999999999999991        9.5488060272305901       0.59688776697296664                2 -0.17224009350130229      -0.12083428506435404      -0.10698919827163443      -0.16930338021849353        1.6250000000000000       0.48412291827592713     
          17          20   8.0000000000000000        5.4999999999999991        7.1236600040678573       0.37769804602796647                2  -7.7067467559746819E-002  0.11576390168603348       0.53203153949668192      -0.40840419594097682        1.3750000000000000       0.48412291827592713     
          17          21   10.000000000000000        6.4999999999999991        8.7394430492916531       0.59115422713676546                2 -0.12632905729920976       0.10655123770171164       0.46412551380421402      -0.32695615391904231        1.6250000000000000       0.48412291827592713     
          17          22   9.0000000000000000        5.9999999999999991        8.2437845282725153       0.51206738064129531                2 -0.11983465915145264       -6.7959156162793855E-002  -8.6140270598973404E-002 -0.19671471189741158        1.5000000000000000       0.50000000000000000     
          17          23   10.000000000000000        5.9999999999999991        8.5455452806303906       0.51294443143311730                2 -0.15149160366590433       -9.4901870249485432E-002  -9.6614019664164705E-002 -0.19267783496403515        1.5000000000000000       0.50000000000000000     
          17          24   10.000000000000000        5.9999999999999991        8.5455452806303906       0.51294447754173456                2 -0.15149160047474775       -9.4901896112756137E-002  -9.6614043724113252E-002 -0.19267783517794018        1.5000000000000000       0.50000000000000000     
          17          25   10.000000000000000        6.4999999999999991        8.4757978650527726       0.29353487009091372                2 -0.12746928072373087       -5.6550945694288236E-002  -6.5489002992171905E-002 -0.15967639689958710        1.6250000000000000       0.48412291827592713     
          17          26   10.000000000000000        6.4999999999999991        8.6803126368402079       0.33954106151026375                2 -0.11814954791589007       -6.2453677086059096E-002  -7.7270044732283091E-002 -0.19051832485037021        1.6250000000000000       0.48412291827592713     
          17          27   9.0000000000000000        5.9999999999999991        8.0418384332605832       0.28713436116080349                2 -0.12447487505744884       -5.7102355446494710E-002  -8.1288572811574422E-002 -0.19560056104192777        1.5000000000000000       0.50000000000000000     
          17          28   10.000000000000000        6.4999999999999991        8.8024551227486469       0.31539772550233386                2 -0.12427679416812218       -6.5138556993326824E-002  -7.8389823010207388E-002 -0.18242875675215980        1.6250000000000000       0.48412291827592713     
          17          29   7.0000000000000000        4.9999999999999991        6.4996910378693267       0.72701648703103727                2 -0.10193429872059329       0.11588632788397048       0.57288810346145558      -0.44975845217202848        1.2500000000000000       0.43301270189221930     
          17          30   8.0000000000000000        5.4999999999999991        7.0858676984912421       0.22890653567191621                2  -7.3100168273856986E-002   4.5356065504454146E-002 -0.10496554406148868       0.28749793303511945        1.3750000000000000       0.48412291827592713     
          17          31   10.000000000000000        6.4999999999999991        9.0176461101476999       0.60462919473380350                2 -0.14347214400284067       -8.1926791851218123E-002  -8.3559473703432363E-002 -0.17433323184486776        1.6250000000000000       0.48412291827592713     
          17          32   9.0000000000000000        6.4999999999999991        8.4553468750543050       0.59288691437687424                2 -0.10415358087804363       -5.1978882201847439E-002  -7.4153240887618072E-002 -0.19689219194543953        1.6250000000000000       0.48412291827592713     
          17          33   8.0000000000000000        5.4999999999999991        7.5561734440255526       0.73765116022125987                2 -0.11962392040467841       0.19723899105167722      -0.15617451286350384      -0.92974712628981171        1.3750000000000000       0.48412291827592713     
          17          34   11.000000000000000        6.9999999999999991        9.5878258801311720       0.36165249109818792                2 -0.14496749902905656       -8.0795924138062122E-002  -7.6946761307154818E-002 -0.16422322108093271        1.7500000000000000       0.43301270189221930     
          17          35   9.0000000000000000        5.4999999999999991        7.6697794191724835       0.44488825032751966                2 -0.14502832921243980       -7.8359067030185761E-002  -9.7595382185704571E-002 -0.21418313597839306        1.3750000000000000       0.48412291827592713     
          17          36   10.000000000000000        6.9999999999999991        9.0446014892175040       0.20734992190738533                2 -0.11298662975728159       0.21955371976855473       0.12433123959373034       -3.4838656569475122E-002   1.7500000000000000       0.43301270189221930     
          17          37   10.000000000000000        5.9999999999999991        8.5228359040184429       0.52239386245318253                2 -0.14942711306484127       -9.5108126214112312E-002  -9.5134006240394961E-002 -0.18951380694486852        1.5000000000000000       0.50000000000000000     
          17          38   8.0000000000000000        5.4999999999999991        7.5693990967025178       0.70838938443053578                2 -0.13211671984184700       -6.4276952599619755E-002  -9.2737431515200600E-002 -0.21408089652901008        1.3750000000000000       0.48412291827592713     
          17          39   7.0000000000000000        4.9999999999999991        6.6300239641688510       0.71699883516500096                2 -0.11837162014979632       -5.6545111868481032E-002  -9.6244986500315738E-002 -0.22727283533411247        1.2500000000000000       0.43301270189221930     
          17          40   11.000000000000000        6.9999999999999991        9.3210205613582104       0.46706658600090356                2 -0.11091379042175668        9.2926192317419817E-002  0.43661944787853096      -0.32688300623731004        1.7500000000000000       0.43301270189221930     
          17          41   9.0000000000000000        5.9999999999999991        8.2018134230291047       0.64431852929062616                2 -0.12422361473461668       -7.0407780942920370E-002  -8.6869645311438579E-002 -0.21067479562382929        1.5000000000000000       0.50000000000000000     
          17          42   9.0000000000000000        6.4999999999999991        8.5192721972602730       0.67236070551843508                2  -8.4925520497829241E-002  -6.9251938348992723E-002  -8.8051700665510504E-002 -0.70477868380277831        1.6250000000000000       0.48412291827592713     
          17          43   11.000000000000000        7.4999999999999991        9.7797186868040349       0.25610022670615384                2 -0.12281568411130718       -5.6492256613933943E-002  -6.2378618460108871E-002 -0.15623889577903949        1.8750000000000000       0.33071891388307384     
          17          44   9.0000000000000000        6.4999999999999991        8.6441304381358055       0.78673112226278419                2 -0.10970295340513250       -5.6744197713867739E-002  -7.8634557417113712E-002 -0.19877771774279740        1.6250000000000000       0.48412291827592713     
          17          45   8.0000000000000000        4.9999999999999991        6.9377897993088098       0.39252031430823575                2 -0.14474255798929822       -8.5228793453305973E-002 -0.10796480914987926      -0.22404690276540626        1.2500000000000000       0.43301270189221930     
          17          46   10.000000000000000        6.4999999999999991        8.8024551227486469       0.31539771986269949                2 -0.12427679311741652       -6.5138551814156523E-002  -7.8389822879440324E-002 -0.18242875719828408        1.6250000000000000       0.48412291827592713     
          17          47   10.000000000000000        6.4999999999999991        8.7394430492916513       0.59115421652156697                2 -0.12632904215636803       0.10655124686686264       0.46412552829041925      -0.32695617912707770        1.6250000000000000       0.48412291827592713     
          17          48   11.000000000000000        7.4999999999999991        9.8142321311565066       0.28807383767598382                2 -0.10847587698193978       -5.5969607519442806E-002  -6.6525177086373996E-002 -0.17960882530946295        1.8750000000000000       0.33071891388307384     
          17          49   9.0000000000000000        5.4999999999999991        7.9849312304685682       0.45902172016621889                2 -0.14544030714675069       -9.0921373879887302E-002 -0.10375363064117629      -0.22133416292307467        1.3750000000000000       0.48412291827592713     
          17          50   9.0000000000000000        5.9999999999999991        7.9489994364836321       0.26376083668277500                2 -0.12632327535795460       -5.9022473766271073E-002  -7.9005840977888014E-002 -0.18342081857950213        1.5000000000000000       0.50000000000000000     
