          19           1   10.000000000000000        6.4999999999999991        9.0096459955955286       0.54701795457984570                2 -0.22351295610882704       0.11420650401642028      -0.55333916841980268      -0.16938374099496717        1.6250000000000000       0.48412291827592713     
          19           2   11.000000000000000        7.4999999999999991        10.035797420622336       0.51750580113625988                2 -0.13194307453161885       -7.0721551596125268E-002  -7.1527389627636134E-002 -0.15980242640120260        1.8750000000000000       0.33071891388307384     
          19           3   11.000000000000000        6.9999999999999991        9.8069337410923012       0.40985210214067658                2 -0.15122470599473042       -9.2352405002782564E-002  -8.6310039351596410E-002 -0.16138786560535687        1.7500000000000000       0.43301270189221930     
          19           4   11.000000000000000        6.9999999999999991        9.6400904761618911       0.41337711949881262                2 -0.13014016001054865       -7.9049588423525136E-002  -8.2884770115475487E-002 -0.17216045464621721        1.7500000000000000       0.43301270189221930     
          19           5   12.000000000000000        7.4999999999999991        10.663328847331938       0.49669891827126933                2 -0.15870820128328517      -0.10582862507797522       -8.8172846323833654E-002 -0.14665490525706679        1.8750000000000000       0.33071891388307384     
          19           6   10.000000000000000        6.4999999999999991        8.9384196976381336       0.35837470116685977                2 -0.12801142137581914       -7.4552786764034346E-002  -8.5934674208787115E-002 -0.18299687068586121        1.6250000000000000       0.48412291827592713     
          19           7   8.0000000000000000        4.9999999999999991        7.1501369969574320       0.41838739460876162                2 -0.14534925758900413       -8.3308759366347726E-002 -0.11269346331568988      -0.23095915642740583        1.2500000000000000       0.43301270189221930     
          19           8   8.0000000000000000        5.9999999999999991        7.9969190557064493       0.99859808685960150                2 -0.18034771306767966      -0.14603787113967245       0.74106785241063355      -0.66971655478672487        1.5000000000000000       0.50000000000000000     
          19           9   9.0000000000000000        5.9999999999999991        8.5520156342591971       0.79464566000684322                2 -0.14802726668516589       -8.7005273762508370E-002  -9.7070407958982030E-002 -0.18761196230455870        1.5000000000000000       0.50000000000000000     
          19          10   8.0000000000000000        4.9999999999999991        7.4840605767702861       0.78957356830144865                2 -0.16001188762865465      -0.11227394549802185      -0.12774032110937719      -0.20619666944898374        1.2500000000000000       0.43301270189221930     
          19          11   11.000000000000000        6.9999999999999991        9.8069337410922959       0.40985209456814031                2 -0.15122469921227835       -9.2352400935162823E-002  -8.6310036853377708E-002 -0.16138786584249959        1.7500000000000000       0.43301270189221930     
          19          12   10.000000000000000        5.9999999999999991        8.7695748378878893       0.57807406562463726                2 -0.14313372995970347       -9.7159122107730006E-002  0.89956860365433877      -0.18632104776540642        1.5000000000000000       0.50000000000000000     
          19          13   9.0000000000000000        5.4999999999999991        8.0541879800051408       0.49066104713792968                2 -0.15778584359558881      -0.10584309177742061      -0.11493732072579460      -0.19421849194697199        1.3750000000000000       0.48412291827592713     
          19          14   9.0000000000000000        5.9999999999999991        7.9330567012559374       0.27016355471309988                2 -0.12731669897095885       -6.0010160540383314E-002  -8.1711282856398129E-002 -0.18445663328661266        1.5000000000000000       0.50000000000000000     
          19          15   8.0000000000000000        4.9999999999999991        7.4840605767702861       0.78957353742600067                2 -0.16001189529907636      -0.11227393527765031      -0.12774030783411250      -0.20619665861799003        1.2500000000000000       0.43301270189221930     
          19          16   10.000000000000000        6.4999999999999991        9.1570219366172410       0.61564749446525124                2 -0.15255811585731094       -9.2452251409420136E-002  -9.1331235711523254E-002 -0.17132594391948211        1.6250000000000000       0.48412291827592713     
          19          17   9.0000000000000000        5.4999999999999991        7.8277542312823689       0.50347242532037439                2 -0.15319062431184555       -9.7411688683675224E-002 -0.10912947587281588      -0.19972051772547922        1.3750000000000000       0.48412291827592713     
          19          18   11.000000000000000        6.4999999999999991        9.7079223560698793       0.62725848251385752                2 -0.16427109762332884      -0.11443983621547905      -0.10129949471879246      -0.16377301961208923        1.6250000000000000       0.48412291827592713     
          19          19   8.0000000000000000        4.9999999999999991        7.1501369969574320       0.41838741902740251                2 -0.14534925130213189       -8.3308765912149210E-002 -0.11269347385217668      -0.23095915722047716        1.2500000000000000       0.43301270189221930     
          19          20   10.000000000000000        5.9999999999999991        8.9828532424527108       0.52013511620975483                2 -0.16250004162758319      -0.10727176196856773      -0.10493391800699939      -0.17920169852739404        1.5000000000000000       0.50000000000000000     
          19          21   12.000000000000000        7.4999999999999991        10.663328847331936       0.49669892061917165                2 -0.15870821002810476      -0.10582863225808697       -8.8172852416049038E-002 -0.14665489561597797        1.8750000000000000       0.33071891388307384     
          19          22   8.0000000000000000        4.9999999999999991        7.3176446466446787       0.72877536453958847                2 -0.16105384252071187       -9.8028787985658367E-002  0.88272709593132326      -0.21904442257586462        1.2500000000000000       0.43301270189221930     
          19          23   9.0000000000000000        6.4999999999999991        8.5061279385147799       0.65617731720633465                2 -0.12691186871411289       -5.6407573412326030E-002  -6.7866752645722228E-002 -0.16025636387674677        1.6250000000000000       0.48412291827592713     
          19          24   10.000000000000000        6.4999999999999991        8.7530597255179483       0.32212589742003656                2 -0.13956961852324579       -6.8525501462383870E-002  -7.8860626463648192E-002 -0.17394281545003534        1.6250000000000000       0.48412291827592713     
          19          25   9.0000000000000000        5.4999999999999991        7.8277542312823716       0.50347250759078244                2 -0.15319060498618381       -9.7411697074525461E-002 -0.10912950901724500      -0.19972054449140111        1.3750000000000000       0.48412291827592713     
          19          26   9.0000000000000000        5.9999999999999991        8.5520156342591989       0.79464563000370947                2 -0.14802722538125379       -8.7005246480901924E-002  -9.7070412564331257E-002 -0.18761198036563567        1.5000000000000000       0.50000000000000000     
          19          27   9.0000000000000000        5.4999999999999991        7.9047470295526914       0.47939166009242129                2 -0.15428364601544253       -9.0618281076930943E-002 -0.10727416718102668      -0.20590898004935348        1.3750000000000000       0.48412291827592713     
          19          28   7.0000000000000000        4.4999999999999991        6.4317111733146737       0.69881993484241578                2 -0.15313602653341790       -9.6377103529451141E-002 -0.13179216533718047      -0.24524277069854805        1.1250000000000000       0.33071891388307384     
          19          29   10.000000000000000        6.4999999999999991        9.3713015078624373       0.75532804985278246                2 -0.14940227236745870       0.23056448476409069       0.79546539168931807       0.12814861910978648        1.6250000000000000       0.48412291827592713     
          19          30   10.000000000000000        5.9999999999999991        8.9828532424527125       0.52013511690729264                2 -0.16250003948984701      -0.10727176161616414      -0.10493391764504192      -0.17920169855118784        1.5000000000000000       0.50000000000000000     
          19          31   11.000000000000000        6.4999999999999991        9.7079223560698793       0.62725862795657472                2 -0.16427100917786516      -0.11443979294847502      -0.10129951553585943      -0.16377306996946381        1.6250000000000000       0.48412291827592713     
          19          32   12.000000000000000        7.4999999999999991        10.663328847331933       0.49669892164045260                2 -0.15870820507634217      -0.10582862988105256       -8.8172849416140606E-002 -0.14665490102845552        1.8750000000000000       0.33071891388307384     
          19          33   10.000000000000000        6.4999999999999991        9.0096459955955250       0.54701793934699205                2 -0.22351295965651383       0.11420649781522137      -0.55333916687393159      -0.16938372887113215        1.6250000000000000       0.48412291827592713     
          19          34   10.000000000000000        6.9999999999999991        9.3643412581453287       0.82040661986733665                2 -0.10786517932848784       0.21651063472087503      -0.15737727485698916      -0.92788964691628539        1.7500000000000000       0.43301270189221930     
          19          35   9.0000000000000000        5.4999999999999991        7.9047470295526976       0.47939165694471647                2 -0.15428366808234564       -9.0618296651489530E-002 -0.10727415759175266      -0.20590896889658225        1.3750000000000000       0.48412291827592713     
          19          36   10.000000000000000        6.4999999999999991        9.0096459955955304       0.54701795437308043                2 -0.22351295722814177       0.11420650518232763      -0.55333916871109090      -0.16938374105066964        1.6250000000000000       0.48412291827592713     
          19          37   10.000000000000000        6.4999999999999991        9.3713015078624373       0.75532805076829912                2 -0.14940227295996397       0.23056448534518101       0.79546539232491942       0.12814861916647197        1.6250000000000000       0.48412291827592713     
          19          38   9.0000000000000000        5.9999999999999991        8.1752131032796154       0.56036000115873530                2 -0.12581482389111265       -7.2117241003068142E-002  -9.1543312785835301E-002 -0.19208469222412697        1.5000000000000000       0.50000000000000000     
          19          39   10.000000000000000        6.4999999999999991        8.9384196976381283       0.35837470029519497                2 -0.12801141562952750       -7.4552784122968965E-002  -8.5934677761126441E-002 -0.18299686785105768        1.6250000000000000       0.48412291827592713     
          19          40   10.000000000000000        6.4999999999999991        8.9384196976381300       0.35837470643576519                2 -0.12801140196275468       -7.4552777266286618E-002  -8.5934687697234863E-002 -0.18299689685538220        1.6250000000000000       0.48412291827592713     
          19          41   10.000000000000000        6.4999999999999991        8.7530597255179501       0.32212591749360808                2 -0.13956962355747873       -6.8525505738702711E-002  -7.8860632921655266E-002 -0.17394281892083463        1.6250000000000000       0.48412291827592713     
          19          42   10.000000000000000        6.4999999999999991        9.2873934352329783       0.77663710268677910                2 -0.10976680282181596      -0.24903327379832527      -0.16990908569213864      -0.89622917426673143        1.6250000000000000       0.48412291827592713     
          19          43   10.000000000000000        5.9999999999999991        8.8719007783546946       0.55017616798645164                2 -0.15981782813037579      -0.10833937304624515      -0.10606637666813958      -0.17381447743377865        1.5000000000000000       0.50000000000000000     
          19          44   9.0000000000000000        5.9999999999999991        7.9330567012559401       0.27016359731517986                2 -0.12731671881290058       -6.0010164088330466E-002  -8.1711303465285032E-002 -0.18445663489074315        1.5000000000000000       0.50000000000000000     
          19          45   7.0000000000000000        4.4999999999999991        6.1208916665250657       0.38748235838297507                2 -0.13512041627693241       -7.3644215639946553E-002 -0.12537386534314673      -0.26018054518759992        1.1250000000000000       0.33071891388307384     
          19          46   8.0000000000000000        4.9999999999999991        7.0288783925962299       0.64585174032628523                2 -0.11692833593501507      -0.17040661721400943       0.80778852917112676       0.56260840354686426        1.2500000000000000       0.43301270189221930     
          19          47   8.0000000000000000        5.4999999999999991        7.3407071803610568       0.55624881716092034                2 -0.12253546862647281       0.11228854690722063      -0.10508866474385919       0.77924657201956216        1.3750000000000000       0.48412291827592713     
          19          48   9.0000000000000000        5.4999999999999991        7.8431718373569872       0.52457729245955464                2 -0.13931667458507088       -9.2258545264541872E-002 -0.10681468436561638      -0.19299252981091783        1.3750000000000000       0.48412291827592713     
          19          49   9.0000000000000000        5.9999999999999991        8.5520156342591971       0.79464564715595742                2 -0.14802726220795887       -8.7005271840657275E-002  -9.7070401627094460E-002 -0.18761194810675799        1.5000000000000000       0.50000000000000000     
          19          50   7.0000000000000000        4.9999999999999991        6.6225944120264417       0.71829481839875364                2 -0.12756228045667353       -5.7799022706762043E-002  -9.8787969287429944E-002 -0.21802079978042463        1.2500000000000000       0.43301270189221930     
