          15           1   8.0000000000000000        4.4999999999999991        7.5304381594213545       0.86009083701768918                2 -0.17487712409128139      -0.11900211294297848      -0.13180674703192938      -0.20269151615014214        1.5000000000000000       0.49999999999999956     
          15           2   9.0000000000000000        4.9999999999999991        8.0830346493413323       0.47345639265579287                2 -0.17138457364136517       -9.5834891217085105E-002 -0.10394680862683027      -0.19014609968382776        1.6666666666666665       0.47140452079103179     
          15           3   8.0000000000000000        4.4999999999999991        7.0146979150216939       0.51255007267823438                2 -0.16433512056025906       -9.5817756543909338E-002 -0.12461399704472328      -0.22821836610882931        1.5000000000000000       0.49999999999999956     
          15           4   8.0000000000000000        4.4999999999999991        7.5304381594213545       0.86009084825174043                2 -0.17487713377018121      -0.11900212794267742      -0.13180674915601476      -0.20269151853351375        1.5000000000000000       0.49999999999999956     
          15           5   6.0000000000000000        3.4999999999999996        5.5910203982158535       0.68664909476794067                2 -0.16144109121675088       -9.2755383070611847E-002 -0.14313313198997038      -0.26201314995423247        1.1666666666666665       0.37267799624996550     
          15           6   8.0000000000000000        4.4999999999999991        6.9930527087018044       0.54129484268146544                2 -0.14841228411356724       -9.3954655817568705E-002 -0.11899890553714165      -0.19484272150272289        1.5000000000000002       0.49999999999999867     
          15           7   10.000000000000000        5.4999999999999991        8.9774875809274199       0.55196171161221497                2 -0.17123880885397802      -0.10979855264932857      -0.10402498503772822      -0.17002328559801957        1.8333333333333333       0.37267799624996489     
          15           8   8.0000000000000000        4.4999999999999991        6.9836909256083892       0.49212139374488917                2 -0.15912906519254852       -9.3879061399905414E-002 -0.11659544942999940      -0.21034986435473585        1.4999999999999998       0.50000000000000044     
          15           9   8.0000000000000000        4.4999999999999991        6.9930527087018026       0.54129487812672694                2 -0.14841228585732677       -9.3954666076829618E-002 -0.11899891680121370      -0.19484273958827589        1.4999999999999998       0.50000000000000044     
          15          10   8.0000000000000000        4.4999999999999991        7.2682639684542520       0.45243973506909552                2 -0.15540545242668288       -8.5775336276849579E-002 -0.11040606609322365      -0.21218563985158020        1.4999999999999998       0.50000000000000000     
          15          11   7.0000000000000000        4.4999999999999991        6.8142228123446058       0.89277918461447081                2 -0.15691956776236260       -8.0747041578669035E-002 -0.11019103412801239      -0.21263680125835463        1.4999999999999998       0.50000000000000044     
          15          12   7.0000000000000000        3.9999999999999996        6.3095081936838504       0.42751569486944402                2 -0.15645140876419550       -8.0073842092825420E-002 -0.12114296842016609      -0.24505539185855413        1.3333333333333333       0.47140452079103157     
          15          13   8.0000000000000000        4.9999999999999991        7.6847615383967955       0.75837182170097628                2 -0.16761602197447681       -8.5766753268444657E-002 -0.10193526524949825      -0.19688301758933655        1.6666666666666665       0.47140452079103179     
          15          14   8.0000000000000000        4.4999999999999991        7.1551121999077365       0.47368135282424684                2 -0.17042788156755320       -9.5487866837533977E-002 -0.11833578932603152      -0.21025953737002065        1.5000000000000000       0.49999999999999956     
          15          15   9.0000000000000000        5.4999999999999991        8.5232855246896602       0.56508234699798332                2 -0.16868199284221783       -8.7406713259128563E-002  -8.9763656194622732E-002 -0.17461460629651301        1.8333333333333330       0.37267799624996606     
          15          16   9.0000000000000000        4.9999999999999991        7.9904168681139263       0.50804528826317230                2 -0.17227157000463469      -0.10512421211734266      -0.11365100730844074      -0.19715760136502283        1.6666666666666665       0.47140452079103179     
          15          17   8.0000000000000000        4.4999999999999991        7.2682639684542556       0.45243974150134336                2 -0.15540545843966863       -8.5775341470619063E-002 -0.11040606873502364      -0.21218563787672828        1.4999999999999998       0.50000000000000000     
          15          18   10.000000000000000        5.4999999999999991        8.9774875809274093       0.55196172626928153                2 -0.17123880325459517      -0.10979856050564789      -0.10402499577684984      -0.17002328987848223        1.8333333333333333       0.37267799624996489     
          15          19   8.0000000000000000        4.4999999999999991        7.2391020870092024       0.44592079648153127                2 -0.16851874983864160       -9.0749014289809790E-002 -0.11740793625533344      -0.22200883879699868        1.5000000000000000       0.49999999999999956     
          15          20   7.0000000000000000        3.9999999999999996        6.0370276115265691       0.53719818309907563                2 -0.15418652448095505       -9.7548586773280557E-002 -0.14045534051960901      -0.24094163049024436        1.3333333333333333       0.47140452079103179     
          15          21   9.0000000000000000        5.4999999999999991        8.2625549732003076       0.65247025003671744                2 -0.16299222374166225       -9.3670780719519509E-002 -0.10068601245247095      -0.18295356712652627        1.8333333333333333       0.37267799624996489     
          15          22   8.0000000000000000        4.9999999999999991        7.6847615383967938       0.75837180688971828                2 -0.16761601301196211       -8.5766741777810671E-002 -0.10193525296467695      -0.19688299880914656        1.6666666666666665       0.47140452079103179     
          15          23   9.0000000000000000        4.9999999999999991        8.0008995003652998       0.52594685870483959                2 -0.15267869208681034       -9.5398133894846984E-002 -0.10682111022164893      -0.18355160902440823        1.6666666666666665       0.47140452079103223     
          15          24   7.0000000000000000        3.9999999999999996        6.0370276115265700       0.53719819246739531                2 -0.15418652979206374       -9.7548590310687855E-002 -0.14045535235908430      -0.24094162895061605        1.3333333333333333       0.47140452079103179     
          15          25   7.0000000000000000        3.9999999999999996        6.6276132960408232       0.77840660685389729                2 -0.17239234117110780      -0.10757425259428394      -0.14173892352657241      -0.23194883211926962        1.3333333333333333       0.47140452079103157     
          15          26   7.0000000000000000        3.9999999999999996        6.6276132960408205       0.77840657135467595                2 -0.17239232099115720      -0.10757424474799834      -0.14173889790678593      -0.23194881594441122        1.3333333333333335       0.47140452079103129     
          15          27   10.000000000000000        5.4999999999999991        8.9774875809274199       0.55196172690464462                2 -0.17123880231262925      -0.10979855614551813      -0.10402499827630041      -0.17002329195237717        1.8333333333333333       0.37267799624996489     
          15          28   8.0000000000000000        4.4999999999999991        7.0146979150216930       0.51255007108168449                2 -0.16433512004828646       -9.5817754212660922E-002 -0.12461399756994658      -0.22821836496603876        1.5000000000000000       0.50000000000000000     
          15          29   8.0000000000000000        4.9999999999999991        7.3146598384252499       0.59637281349510629                2 -0.14530240544512493       -8.1602902447573386E-002 -0.10321373204527394      -0.19455519096161278        1.6666666666666665       0.47140452079103223     
          15          30   7.0000000000000000        4.4999999999999991        6.3352906929526345       0.57718254094527688                2 -0.14130346539387398       -8.3467890979357348E-002 -0.12646996513343803      -0.23233072976676733        1.4999999999999998       0.50000000000000044     
          15          31   7.0000000000000000        4.4999999999999991        6.8421361698035543       0.90456935493330071                2 -0.16172414608917995       -7.9815157756770699E-002 -0.11841247461460357      -0.23137676159570944        1.5000000000000000       0.50000000000000000     
          15          32   8.0000000000000000        4.4999999999999991        7.5304381594213519       0.86009085307440269                2 -0.17487713353042428      -0.11900214007895729      -0.13180674877253601      -0.20269149996717548        1.5000000000000000       0.49999999999999956     
          15          33   8.0000000000000000        4.4999999999999991        7.5304381594213554       0.86009084470966179                2 -0.17487713230719540      -0.11900212745043103      -0.13180674466561657      -0.20269151806409708        1.5000000000000000       0.49999999999999956     
          15          34   8.0000000000000000        4.9999999999999991        7.3146598384252464       0.59637284229927201                2 -0.14530239298191383       -8.1602907041864320E-002 -0.10321375066021171      -0.19455520011351674        1.6666666666666665       0.47140452079103223     
          15          35   8.0000000000000000        4.4999999999999991        6.9836909256083874       0.49212139419818313                2 -0.15912906819198808       -9.3879062853187478E-002 -0.11659544857947812      -0.21034986481682694        1.5000000000000000       0.50000000000000000     
          15          36   7.0000000000000000        3.9999999999999996        6.0370276115265691       0.53719817533009995                2 -0.15418652846619946       -9.7548582726586841E-002 -0.14045534021623238      -0.24094163144918690        1.3333333333333333       0.47140452079103179     
          15          37   5.0000000000000000        2.9999999999999996        4.6234297612676656       0.70705127377762500                2 -0.16466616665392703       -9.8378024438468131E-002 -0.18624045687423865      -0.32745157489297982       0.99999999999999989        1.0536712127723509E-008
          15          38   7.0000000000000000        3.9999999999999996        6.4878511359571851       0.80854212177318074                2 -0.16690890304763598      -0.11106550092480551      -0.14196645253760273      -0.21791206642764455        1.3333333333333333       0.47140452079103179     
          15          39   8.0000000000000000        4.4999999999999991        7.5304381594213519       0.86009084433602379                2 -0.17487713132256263      -0.11900212634022653      -0.13180674536579040      -0.20269151697835155        1.5000000000000000       0.49999999999999956     
          15          40   6.0000000000000000        3.4999999999999996        5.5832143015503917       0.72005016836194002                2 -0.17463996350642111       -9.9580150967124928E-002 -0.15947209644783544      -0.28506813389329300        1.1666666666666665       0.37267799624996550     
          15          41   8.0000000000000000        4.9999999999999991        7.3146598384252544       0.59637283893686310                2 -0.14530239429892944       -8.1602904908894602E-002 -0.10321375013388268      -0.19455520160859352        1.6666666666666667       0.47140452079103085     
          15          42   9.0000000000000000        4.9999999999999991        7.9556424519581030       0.56675405701541903                2 -0.16594697543315645      -0.10435536428100566      -0.11342094001878228      -0.18696936969593528        1.6666666666666665       0.47140452079103179     
          15          43   9.0000000000000000        4.9999999999999991        7.9904168681139280       0.50804528472937582                2 -0.17227155863328766      -0.10512420051859653      -0.11365100758906700      -0.19715760017212788        1.6666666666666665       0.47140452079103179     
          15          44   9.0000000000000000        4.9999999999999991        7.9904168681139307       0.50804528196334631                2 -0.17227155108592460      -0.10512420503446988      -0.11365099613604335      -0.19715760313705030        1.6666666666666665       0.47140452079103179     
          15          45   7.0000000000000000        3.9999999999999996        6.2640923248545244       0.42683217035487447                2 -0.16606918602242904       -8.3966936903882905E-002 -0.13279733695943413      -0.25783285665387662        1.3333333333333333       0.47140452079103179     
          15          46   9.0000000000000000        4.9999999999999991        7.9904168681139218       0.50804527659134457                2 -0.17227156248645828      -0.10512418940499407      -0.11365100816092215      -0.19715758206362266        1.6666666666666665       0.47140452079103179     
          15          47   9.0000000000000000        4.9999999999999991        7.9556424519581057       0.56675405061629414                2 -0.16594696512093243      -0.10435535851094224      -0.11342093461369443      -0.18696937984779310        1.6666666666666665       0.47140452079103179     
          15          48   7.0000000000000000        3.9999999999999996        6.3095081936838540       0.42751570465004174                2 -0.15645138385609383       -8.0073840869012286E-002 -0.12114298007672152      -0.24505537374128186        1.3333333333333333       0.47140452079103157     
          15          49   7.0000000000000000        3.9999999999999996        6.2640923248545235       0.42683215338456887                2 -0.16606919438710649       -8.3966928151061368E-002 -0.13279732639315653      -0.25783283562187587        1.3333333333333333       0.47140452079103179     
          15          50   8.0000000000000000        4.9999999999999991        7.6847615383967929       0.75837183134831065                2 -0.16761599979807357       -8.5766740512617290E-002 -0.10193528481472108      -0.19688302015149331        1.6666666666666665       0.47140452079103179     
