           4           1   5.0000000000000000        2.9999999999999996        4.6530698689501619       0.75170830298909053                2 -0.12726456849477105       -7.6945784552083604E-002 -0.17634047728245286      -0.33447346612751988        1.2000000000000000       0.39999999999999991     
           4           2   8.0000000000000000        4.4999999999999991        7.2348002496004824       0.41582327616865644                2 -0.14481935737390592       -7.8849865549269857E-002 -0.11247044308247245      -0.21521078857727755        1.8000000000000000       0.40000000000000019     
           4           3   6.0000000000000000        3.4999999999999996        5.6430249916642836       0.71027884421982779                2 -0.14273497792617262       -6.9822327060153469E-002 -0.12828775354146019      -0.26840931451931943        1.3999999999999999       0.48989794855663604     
           4           4   5.0000000000000000        2.9999999999999996        4.7952554678202555       0.83540677979649791                2 -0.13778735941492704       -7.1580352714764220E-002 -0.14033953174046926      -0.28107486655858921        1.2000000000000000       0.40000000000000019     
           4           5   8.0000000000000000        4.9999999999999991        7.7077875405391438       0.88866355155810628                2 -0.11918190878938881       -7.4209491463403193E-002  0.89782433041445497       0.79992804034645515        2.0000000000000000        0.0000000000000000     
           4           6   7.0000000000000000        3.9999999999999996        6.1889608405518919       0.37720882583761545                2 -0.14628194362540711       -7.7601957152828527E-002 -0.11887684871382972      -0.22991957441826144        1.6000000000000001       0.48989794855663582     
           4           7   7.0000000000000000        3.9999999999999996        6.1889608405518928       0.37720883989314385                2 -0.14628195201328428       -7.7601960657137106E-002 -0.11887685872072248      -0.22991958613703387        1.5999999999999999       0.48989794855663626     
           4           8   6.0000000000000000        3.9999999999999996        5.7071002814722958       0.80199009733550575                2 -0.11461210081567141       -8.5454376876717059E-002  -9.9273510666676210E-002 -0.62159196757973123        1.6000000000000001       0.48989794855663493     
           4           9   7.0000000000000000        3.9999999999999996        6.5191517800989542       0.53423887355577993                2 -0.12383397036089072      -0.12235422794961334      -0.23760121071918061       0.98303790653760348        1.6000000000000001       0.48989794855663493     
           4          10   5.0000000000000000        2.9999999999999996        4.6530698689501611       0.75170826922593537                2 -0.12726461632738453       -7.6945783691177702E-002 -0.17634045496017384      -0.33447344270168128        1.2000000000000000       0.39999999999999991     
           4          11   6.0000000000000000        3.4999999999999996        5.5942058229840779       0.71551895174132252                2 -0.13644514154876855       -8.0491732817408818E-002 -0.13316977400854593      -0.24334375075577275        1.4000000000000001       0.48989794855663538     
           4          12   6.0000000000000000        3.4999999999999996        5.6430249916642827       0.71027882353031657                2 -0.14273498037116261       -6.9822311182666061E-002 -0.12828776153223756      -0.26840930101685467        1.4000000000000001       0.48989794855663538     
           4          13   6.0000000000000000        3.4999999999999996        5.2855266598582036       0.41845688073022153                2 -0.13320374357452464       -9.0035326709124910E-002 -0.16296061080321561      -0.28254195682199068        1.3999999999999999       0.48989794855663604     
           4          14   5.0000000000000000        2.9999999999999996        4.5057076609199118       0.60264737592129136                2 -0.13997204906792030       -7.8956851054211283E-002 -0.15731336437431570      -0.27795848378089832        1.2000000000000002       0.39999999999999963     
           4          15   8.0000000000000000        4.4999999999999991        7.2111867255659909       0.44240456082616825                2 -0.12632981729160375       -7.6449241459338707E-002 -0.10889009347996539      -0.20019838403594648        1.7999999999999998       0.40000000000000130     
           4          16   6.0000000000000000        3.4999999999999996        5.2855266598582036       0.41845687802969272                2 -0.13320374500871207       -9.0035324575411635E-002 -0.16296060730057782      -0.28254195701948132        1.3999999999999999       0.48989794855663604     
           4          17   8.0000000000000000        4.4999999999999991        7.2111867255659918       0.44240461107928897                2 -0.12632983534259948       -7.6449269727238409E-002 -0.10889008442753455      -0.20019837612375388        1.7999999999999998       0.40000000000000130     
           4          18   7.0000000000000000        3.9999999999999996        6.1889608405518901       0.37720882851503945                2 -0.14628194270581929       -7.7601956507656125E-002 -0.11887685146544770      -0.22991957957439180        1.6000000000000001       0.48989794855663582     
           4          19   7.0000000000000000        3.9999999999999996        6.1705104875475811       0.39106808845538255                2 -0.13813727260153744       -7.4238622813000754E-002 -0.11506824949773417      -0.22292159953544005        1.6000000000000001       0.48989794855663493     
           4          20   6.0000000000000000        3.4999999999999996        5.8569396091084691       0.93816848794197361                2 -0.14220762722739852       -7.2561712051045835E-002 -0.12877992612816697       0.73971676362992467        1.4000000000000001       0.48989794855663538     
           4          21   6.0000000000000000        3.4999999999999996        5.1935136863811637       0.41711868779287792                2 -0.13152375710134098       -7.6021678582530589E-002 -0.13662913620665720      -0.25791329107027283        1.3999999999999999       0.48989794855663604     
           4          22   6.0000000000000000        3.9999999999999996        5.7071002814722940       0.80199011825263877                2 -0.11461210675591946       -8.5454381115210476E-002  -9.9273509436323779E-002 -0.62159196248042714        1.6000000000000001       0.48989794855663493     
           4          23   5.0000000000000000        2.9999999999999996        4.6530698689501602       0.75170826414368674                2 -0.12726460273174270       -7.6945778709651871E-002 -0.17634045997143480      -0.33447343949442704        1.2000000000000000       0.39999999999999991     
           4          24   7.0000000000000000        3.9999999999999996        6.1705104875475811       0.39106807151258705                2 -0.13813729401935962       -7.4238597475741019E-002 -0.11506825966063693      -0.22292161736625626        1.6000000000000001       0.48989794855663493     
           4          25   8.0000000000000000        4.4999999999999991        7.2111867255659936       0.44240460577731400                2 -0.12632983347349752       -7.6449266838788374E-002 -0.10889008542523232      -0.20019837356568876        1.7999999999999998       0.40000000000000130     
           4          26   6.0000000000000000        3.4999999999999996        5.2855266598582054       0.41845688982152668                2 -0.13320374915690120       -9.0035332180161493E-002 -0.16296061057583178      -0.28254195926155179        1.3999999999999999       0.48989794855663604     
           4          27   6.0000000000000000        3.4999999999999996        5.4892341396834077       0.60197543277191279                2 -0.14088469070787321       -7.9525050521672372E-002 -0.12878679245538494      -0.22854649808454564        1.3999999999999999       0.48989794855663604     
           4          28   6.0000000000000000        3.4999999999999996        5.4892341396834095       0.60197542133334592                2 -0.14088467546779684       -7.9525047803531299E-002 -0.12878679032118515      -0.22854650694934131        1.3999999999999999       0.48989794855663604     
           4          29   6.0000000000000000        3.4999999999999996        5.1935136863811655       0.41711876712639373                2 -0.13152375827875912       -7.6021704441500068E-002 -0.13662916119421456      -0.25791327760933797        1.3999999999999999       0.48989794855663604     
           4          30   6.0000000000000000        3.4999999999999996        5.8569396091084700       0.93816848846691125                2 -0.14220762525130984       -7.2561712162177119E-002 -0.12877992460492957       0.73971675755400546        1.4000000000000001       0.48989794855663538     
           4          31   8.0000000000000000        4.4999999999999991        7.2111867255659936       0.44240462973936812                2 -0.12632983012733576       -7.6449282179126984E-002 -0.10889008458017846      -0.20019838234425066        1.7999999999999998       0.40000000000000130     
           4          32   7.0000000000000000        3.9999999999999996        6.1889608405518901       0.37720882843807479                2 -0.14628194189505089       -7.7601956126208640E-002 -0.11887685183913836      -0.22991958017249639        1.6000000000000001       0.48989794855663582     
           4          33   6.0000000000000000        3.4999999999999996        5.1935136863811673       0.41711874829067469                2 -0.13152376504096475       -7.6021704446113003E-002 -0.13662914678392446      -0.25791326731866893        1.3999999999999999       0.48989794855663604     
           4          34   6.0000000000000000        3.4999999999999996        5.6430249916642854       0.71027883713839501                2 -0.14273499071691095       -6.9822322427914807E-002 -0.12828775283367094      -0.26840931762002074        1.3999999999999999       0.48989794855663604     
           4          35   7.0000000000000000        3.9999999999999996        6.1705104875475802       0.39106809098210388                2 -0.13813728024718944       -7.4238616523429293E-002 -0.11506825489409503      -0.22292161389878271        1.6000000000000001       0.48989794855663493     
           4          36   6.0000000000000000        3.4999999999999996        5.5942058229840788       0.71551895145888589                2 -0.13644514019992307       -8.0491740711997425E-002 -0.13316976285751098      -0.24334374881632595        1.3999999999999999       0.48989794855663604     
           4          37   6.0000000000000000        3.4999999999999996        5.4892341396834068       0.60197539588661697                2 -0.14088467348119840       -7.9525036960237272E-002 -0.12878678388894577      -0.22854648886536161        1.3999999999999999       0.48989794855663604     
           4          38   6.0000000000000000        3.4999999999999996        5.8569396091084700       0.93816848706182765                2 -0.14220762569090625       -7.2561710999696868E-002  0.87122007351191189       0.73971676823001753        1.4000000000000001       0.48989794855663538     
           4          39   4.0000000000000000        2.4999999999999996        3.8538937702695706       0.88866355790245244                2 -0.11918191048036056       -7.4209490639698894E-002 -0.20435136596865769      -0.40014391252464437        1.0000000000000000        0.0000000000000000     
           4          40   8.0000000000000000        4.4999999999999991        7.2111867255659945       0.44240457391199262                2 -0.12632984072193190       -7.6449253436266865E-002 -0.10889007349467485      -0.20019836378157160        1.7999999999999998       0.40000000000000130     
           4          41   5.0000000000000000        2.9999999999999996        4.5057076609199109       0.60264733050626984                2 -0.13997201849518714       -7.8956809314668822E-002 -0.15731340264325908      -0.27795850290037732        1.2000000000000002       0.39999999999999963     
           4          42   6.0000000000000000        3.4999999999999996        5.5942058229840752       0.71551895314852199                2 -0.13644513782147696       -8.0491733514933536E-002 -0.13316976150676724      -0.24334376222051693        1.3999999999999999       0.48989794855663604     
           4          43   5.0000000000000000        2.9999999999999996        4.7952554678202572       0.83540677839582744                2 -0.13778735864031799       -7.1580350857521166E-002 -0.14033953691613268      -0.28107486064295534        1.2000000000000000       0.40000000000000019     
           4          44   6.0000000000000000        3.4999999999999996        5.6430249916642854       0.71027881428336670                2 -0.14273498928329420       -6.9822322634904316E-002 -0.12828773069469135      -0.26840931008708452        1.3999999999999999       0.48989794855663604     
           4          45   6.0000000000000000        3.4999999999999996        5.2855266598582062       0.41845687715018420                2 -0.13320374574465729       -9.0035324288361293E-002 -0.16296060835321094      -0.28254195428148893        1.3999999999999999       0.48989794855663604     
           4          46   6.0000000000000000        3.4999999999999996        5.1935136863811637       0.41711875301982326                2 -0.13152377793767236       -7.6021695931081837E-002 -0.13662916915856246      -0.25791327436308897        1.3999999999999999       0.48989794855663604     
           4          47   7.0000000000000000        4.4999999999999991        6.5965247190396692       0.74270904526703729                2 -0.12657459366731685       -6.8053065318214243E-002 -0.10413561603793826      -0.20975359138707000        1.7999999999999998       0.40000000000000130     
           4          48   7.0000000000000000        3.9999999999999996        6.6899165006706394       0.80826083061708709                2 -0.13913040246930072       -7.7328104299289796E-002 -0.12147467971746412      -0.23743771536765459        1.5999999999999999       0.48989794855663626     
           4          49   6.0000000000000000        3.9999999999999996        5.7071002814722949       0.80199006806541961                2 -0.11461209652385831       -8.5454365826879930E-002  -9.9273516519856358E-002 -0.62159197130586075        1.6000000000000001       0.48989794855663493     
           4          50   7.0000000000000000        4.4999999999999991        6.5965247190396674       0.74270904700116547                2 -0.12657459583929517       -6.8053069588058873E-002 -0.10413561746905763      -0.20975358326756163        1.7999999999999998       0.40000000000000130     
