          18           1   7.0000000000000000        3.9999999999999996        6.1778092338857657       0.58881041235443266                2 -0.16346715265587672      -0.11087149398309011      -0.15363045946229126      -0.24974341798880142        1.1428571428571426       0.34992710611188310     
          18           2   10.000000000000000        5.9999999999999991        9.0362753720378599       0.70429350783072564                2 -0.24281324912472541      -0.12370455693605349      -0.85822124301195601      -0.37403281497465352        1.7142857142857140       0.45175395145262637     
          18           3   9.0000000000000000        5.4999999999999991        7.7507610336364063       0.40906540865864977                2 -0.13342199475058425       -7.8388406126305460E-002  -9.7498938081831341E-002 -0.18892144345504927        1.5714285714285712       0.49487165930539334     
          18           4   7.0000000000000000        4.4999999999999991        6.3737034846079030       0.58043792738822086                2 -0.13954761804606533       -7.6560604348215919E-002 -0.11983934028396237      -0.22674940480898689        1.2857142857142856       0.45175395145262565     
          18           5   10.000000000000000        5.4999999999999991        8.9903017929685234       0.69666140196899629                2 -0.17245738830962917      -0.12072711007797308       0.88499306439871617       0.82465901568344957        1.5714285714285712       0.49487165930539379     
          18           6   9.0000000000000000        5.4999999999999991        8.1511697412798227       0.37803260031487912                2 -0.15002390431824925       -8.4115907759076278E-002 -0.10038697893385748      -0.18888810996302480        1.5714285714285712       0.49487165930539423     
          18           7   11.000000000000000        5.9999999999999991        9.9631044636958599       0.70928451807138093                2 -0.17439266167912748      -0.12380882484040792      -0.10554410876141669      -0.16067406328596251        1.7142857142857140       0.45175395145262687     
          18           8   7.0000000000000000        4.4999999999999991        6.3737034846079048       0.58043792732135036                2 -0.13954762116369307       -7.6560603356475243E-002 -0.11983934063428346      -0.22674941202690729        1.2857142857142856       0.45175395145262587     
          18           9   10.000000000000000        5.9999999999999991        8.7795531361099535       0.45893140115877140                2 -0.15296380049322517       -9.3338348683085853E-002  -9.7596166403493154E-002 -0.17419846860990568        1.7142857142857140       0.45175395145262637     
          18          10   8.0000000000000000        4.4999999999999991        7.0434411303842133       0.69436526277084620                2 -0.16985450169409563      -0.12616110437564426      -0.14885755213803942      -0.21795912404481571        1.2857142857142856       0.45175395145262587     
          18          11   12.000000000000000        6.4999999999999991        10.929742614434305       0.77073252189873498                2 -0.17651801261169670      -0.12898214203729921       -9.9957495465865298E-002 -0.14865316865191455        1.8571428571428568       0.34992710611188343     
          18          12   12.000000000000000        6.4999999999999991        10.929742614434309       0.77073252188877706                2 -0.17651801494353006      -0.12898213802815792       -9.9957494887985748E-002 -0.14865317109378276        1.8571428571428568       0.34992710611188343     
          18          13   9.0000000000000000        5.4999999999999991        8.4229796668007371       0.68698717805895482                2 -0.16464333112958932       -9.7725911851946998E-002 -0.10579286580379575      -0.18496543745370245        1.5714285714285712       0.49487165930539334     
          18          14   7.0000000000000000        3.9999999999999996        6.1778092338857675       0.58881042461346911                2 -0.16346715080502272      -0.11087151377747223      -0.15363044672896159      -0.24974343203323965        1.1428571428571428       0.34992710611188244     
          18          15   10.000000000000000        5.9999999999999991        8.7795531361099552       0.45893147250035249                2 -0.15296381102541967       -9.3338373771109165E-002  -9.7596190734061936E-002 -0.17419849441485899        1.7142857142857140       0.45175395145262637     
          18          16   9.0000000000000000        5.4999999999999991        8.1511697412798227       0.37803261371768204                2 -0.15002389976577407       -8.4115933665216192E-002 -0.10038696884864162      -0.18888810458489577        1.5714285714285712       0.49487165930539334     
          18          17   8.0000000000000000        4.4999999999999991        7.1625270744399376       0.60440287491089895                2 -0.16982540903145502      -0.12359474195255626      -0.14314672545506374      -0.20690025124390884        1.2857142857142856       0.45175395145262587     
          18          18   9.0000000000000000        4.9999999999999991        7.9451431074704146       0.68453939120849239                2 -0.16503556479077336      -0.11521195571828641      -0.12487548467005717      -0.18535941390671837        1.4285714285714284       0.49487165930539379     
          18          19   10.000000000000000        5.9999999999999991        8.9978871141101440       0.46306976175365588                2 -0.16298851735476985      -0.10275501462372932      -0.10258730064388745      -0.17211882207038179        1.7142857142857140       0.45175395145262637     
          18          20   9.0000000000000000        5.4999999999999991        8.1511697412798210       0.37803261930159443                2 -0.15002391730531031       -8.4115925586255552E-002 -0.10038698160980822      -0.18888810826339672        1.5714285714285712       0.49487165930539334     
          18          21   8.0000000000000000        4.9999999999999991        7.4789621469214342       0.70924924053453153                2 -0.11727881900929783      -0.24860961254381772      -0.18917703414556039      -0.89558454925576170        1.4285714285714284       0.49487165930539379     
          18          22   9.0000000000000000        5.4999999999999991        8.1511697412798245       0.37803258986549088                2 -0.15002390322108558       -8.4115898172165873E-002 -0.10038697904779295      -0.18888810112708945        1.5714285714285712       0.49487165930539423     
          18          23   10.000000000000000        5.9999999999999991        8.7795531361099517       0.45893146161814125                2 -0.15296380496048981       -9.3338369098368054E-002  -9.7596185660336843E-002 -0.17419849545524954        1.7142857142857140       0.45175395145262637     
          18          24   10.000000000000000        5.9999999999999991        9.3143535068015204       0.79079173680123716                2 -0.16577883934163057      -0.10871877467851568      -0.10224016135791573      -0.16431274252824646        1.7142857142857140       0.45175395145262637     
          18          25   9.0000000000000000        4.9999999999999991        8.1224632650244288       0.59879898016917521                2 -0.17094892054172309      -0.11931649790815792      -0.12331079660742110      -0.18939196812446232        1.4285714285714284       0.49487165930539379     
          18          26   8.0000000000000000        4.4999999999999991        7.1239033906991702       0.55688700250756340                2 -0.16709696332402985      -0.10498157468378654      -0.12875287064744970      -0.22646151376572818        1.2857142857142856       0.45175395145262587     
          18          27   9.0000000000000000        5.4999999999999991        7.7507610336364037       0.40906541262460766                2 -0.13342200432841431       -7.8388399181821250E-002  -9.7498941672192488E-002 -0.18892145468531671        1.5714285714285712       0.49487165930539334     
          18          28   10.000000000000000        5.9999999999999991        8.7795531361099517       0.45893147116512328                2 -0.15296381256035488       -9.3338373397348101E-002  -9.7596189626992458E-002 -0.17419849498748241        1.7142857142857140       0.45175395145262637     
          18          29   9.0000000000000000        5.4999999999999991        8.1511697412798227       0.37803258992215089                2 -0.15002389598475480       -8.4115901866323881E-002 -0.10038697355598024      -0.18888811025006919        1.5714285714285712       0.49487165930539423     
          18          30   9.0000000000000000        4.9999999999999991        8.2215955491137667       0.60871849782268250                2 -0.17240025461849171      -0.11788909984928589      -0.12334196542446571      -0.19231489483937092        1.4285714285714284       0.49487165930539334     
          18          31   10.000000000000000        5.9999999999999991        8.9978871141101582       0.46306973034127047                2 -0.16298852585382170      -0.10275499944755531      -0.10258728731109204      -0.17211883472244779        1.7142857142857140       0.45175395145262637     
          18          32   8.0000000000000000        4.4999999999999991        7.1239033906991738       0.55688702190628048                2 -0.16709694212439805      -0.10498157214378429      -0.12875289552517349      -0.22646151579109911        1.2857142857142856       0.45175395145262565     
          18          33   8.0000000000000000        4.9999999999999991        7.1414203623229433       0.34643893056363251                2 -0.13957735846361743       -7.4863275421871323E-002 -0.10394114192186298      -0.20527771573825601        1.4285714285714284       0.49487165930539379     
          18          34   8.0000000000000000        4.9999999999999991        7.3916921232908965       0.62169490124687465                2 -0.15251229377067183       -8.6962341666744422E-002 -0.11030755039448552      -0.20056311544932123        1.4285714285714284       0.49487165930539379     
          18          35   7.0000000000000000        4.4999999999999991        6.3737034846079030       0.58043795872337900                2 -0.13954762405809323       -7.6560615965387893E-002 -0.11983935218904547      -0.22674939243576045        1.2857142857142856       0.45175395145262565     
          18          36   8.0000000000000000        4.4999999999999991        7.0298424405648969       0.58911576275919098                2 -0.15659459205477239       -9.8571759649459634E-002  0.87665659429688236      -0.23058841114686279        1.2857142857142856       0.45175395145262565     
          18          37   7.0000000000000000        3.9999999999999996        6.1778092338857640       0.58881039183102435                2 -0.16346716414836793      -0.11087148700646299      -0.15363043883564106      -0.24974342396938928        1.1428571428571426       0.34992710611188310     
          18          38   9.0000000000000000        4.9999999999999991        8.1224632650244324       0.59879898573054802                2 -0.17094892156093500      -0.11931650449022591      -0.12331079953392736      -0.18939197045158707        1.4285714285714284       0.49487165930539379     
          18          39   10.000000000000000        5.9999999999999991        8.7795531361099499       0.45893146519601635                2 -0.15296380943941501       -9.3338370792834746E-002  -9.7596186859521677E-002 -0.17419849559542369        1.7142857142857140       0.45175395145262637     
          18          40   8.0000000000000000        4.4999999999999991        7.0434411303842168       0.69436526348184358                2 -0.16985449732117835      -0.12616109562962613      -0.14885754796084008      -0.21795912147907462        1.2857142857142856       0.45175395145262587     
          18          41   7.0000000000000000        4.4999999999999991        6.3737034846079004       0.58043796817635585                2 -0.13954763474628004       -7.6560620933737680E-002 -0.11983934893366047      -0.22674942502634735        1.2857142857142856       0.45175395145262587     
          18          42   8.0000000000000000        4.4999999999999991        7.1239033906991729       0.55688701408586361                2 -0.16709696738121685      -0.10498158184136046      -0.12875287522950732      -0.22646152434181172        1.2857142857142856       0.45175395145262565     
          18          43   9.0000000000000000        5.4999999999999991        8.1511697412798263       0.37803261859505621                2 -0.15002389737659516       -8.4115945449432183E-002 -0.10038695222229854      -0.18888814391827582        1.5714285714285712       0.49487165930539334     
          18          44   10.000000000000000        5.9999999999999991        9.0362753720378652       0.70429351124671691                2 -0.24281324964811377      -0.12370455886942988      -0.85822124895838869      -0.37403281505049429        1.7142857142857140       0.45175395145262637     
          18          45   7.0000000000000000        4.4999999999999991        6.3737034846079066       0.58043792261099203                2 -0.13954761753862083       -7.6560602589424362E-002 -0.11983933920713767      -0.22674939926804899        1.2857142857142856       0.45175395145262587     
          18          46   7.0000000000000000        3.9999999999999996        6.2794277180668212       0.54492140056113003                2 -0.16666633523320870      -0.10508284386861104      -0.14765633663174804      -0.24990861703664452        1.1428571428571428       0.34992710611188244     
          18          47   8.0000000000000000        4.9999999999999991        7.4789621469214334       0.70924923483067082                2 -0.11727883194840369      -0.24860959353678824      -0.18917701992640074      -0.89558455350214594        1.4285714285714284       0.49487165930539379     
          18          48   8.0000000000000000        4.4999999999999991        7.0434411303842150       0.69436527147775273                2 -0.16985449618911747      -0.12616109839022271      -0.14885754826793621      -0.21795912736904982        1.2857142857142856       0.45175395145262587     
          18          49   11.000000000000000        5.9999999999999991        9.9631044636958688       0.70928453557852322                2 -0.17439266108089133      -0.12380882730876493      -0.10554411247319893      -0.16067407723076380        1.7142857142857140       0.45175395145262687     
          18          50   8.0000000000000000        4.4999999999999991        7.0298424405648969       0.58911577218483790                2 -0.15659459307206949       -9.8571775171431883E-002 -0.12334339849186521       0.76941157970876606        1.2857142857142856       0.45175395145262565     
