          13           1   7.0000000000000000        4.4999999999999991        6.0562445304661976       0.28934582483101434                2 -0.11077377384802557       -5.8254781253658301E-002 -0.10081732815395147      -0.24124513209851023        1.2857142857142856       0.45175395145262587     
          13           2   7.0000000000000000        4.9999999999999991        6.6325681511058940       0.68140910266039489                2 -0.13356427706126953        6.9606003585115081E-002 -0.88679886703202515      -0.74334869680784521        1.4285714285714284       0.49487165930539379     
          13           3   8.0000000000000000        5.4999999999999991        7.7650271271789792       0.90414192251263081                2 -0.10871636886583051       -6.5785623939398269E-002  -9.0779322242211358E-002  0.78834964486433534        1.5714285714285712       0.49487165930539423     
          13           4   6.0000000000000000        3.9999999999999996        5.4419506054830107       0.54430727590875050                2 -0.10984425098561940       -6.1848228122025013E-002 -0.11833421091755995      -0.28981706903516941        1.1428571428571428       0.34992710611188244     
          13           5   7.0000000000000000        4.4999999999999991        6.0562445304661985       0.28934581510068585                2 -0.11077376912488263       -5.8254780849857878E-002 -0.10081732226175212      -0.24124512477941057        1.2857142857142856       0.45175395145262587     
          13           6   10.000000000000000        5.9999999999999991        8.6029174882112915       0.44028981903960734                2 -0.12572005606918743       -7.8431266898944668E-002  -8.4370857866385221E-002 -0.19012277194114757        1.7142857142857140       0.45175395145262637     
          13           7   7.0000000000000000        4.4999999999999991        6.0803015168514838       0.29608929093480779                2 -0.13575790063241475       0.23119854053675951       0.20376967002792223       -6.3523444474383267E-002   1.2857142857142856       0.45175395145262565     
          13           8   7.0000000000000000        4.9999999999999991        6.5441652027962691       0.61770671273531275                2  -8.1639872945551917E-002   4.6927350479766615E-002 -0.10820053830505859       0.31494582838362373        1.4285714285714284       0.49487165930539379     
          13           9   10.000000000000000        6.4999999999999991        9.0310638178670004       0.60155262532881926                2  -9.4330058974909911E-002 -0.24159249343598779      -0.14521392448545500      -0.94266300332869324        1.8571428571428568       0.34992710611188405     
          13          10   10.000000000000000        6.4999999999999991        9.0310638178669986       0.60155262868977810                2  -9.4330053469946662E-002 -0.24159251741145596      -0.14521393366882587      -0.94266299912933005        1.8571428571428568       0.34992710611188405     
          13          11   8.0000000000000000        5.4999999999999991        7.3538760447865332       0.53073599752041911                2 -0.13644243052250163       -6.7226158867583027E-002 -0.84980072279624674       0.59514306634488467        1.5714285714285712       0.49487165930539423     
          13          12   8.0000000000000000        4.9999999999999991        7.4685546460499710       0.60362493808125328                2 -0.10318895980513326      -0.20166851866457861      -0.19670915315588047      -0.94264071617849510        1.4285714285714284       0.49487165930539379     
          13          13   9.0000000000000000        5.9999999999999991        8.3260201307953796       0.55932865691916311                2 -0.11322207833219593       -6.1234981202060501E-002  -8.4258333485504169E-002 -0.19903990026950921        1.7142857142857140       0.45175395145262637     
          13          14   8.0000000000000000        5.4999999999999991        7.3525890908406160       0.48589363172770461                2 -0.10209040259434506       -5.5199203495351387E-002  -8.4086819773959307E-002 -0.21607230339435182        1.5714285714285712       0.49487165930539379     
          13          15   9.0000000000000000        5.9999999999999991        7.9967710602708735       0.28226495478300723                2 -0.17344740607465239      -0.23507727398794342       0.15089486574623587       -4.1108069715986899E-002   1.7142857142857140       0.45175395145262637     
          13          16   8.0000000000000000        4.9999999999999991        7.2155986635462863       0.52657826678055319                2 -0.10353368446970247      -0.15634743770575021      -0.17859792604283939      -0.97416335064756099        1.4285714285714284       0.49487165930539379     
          13          17   6.0000000000000000        3.9999999999999996        5.4960298048426521       0.56641533063189975                2 -0.11199753769329646       -6.0504143556613016E-002 -0.11862705543198684      -0.28609781290004271        1.1428571428571426       0.34992710611188277     
          13          18   8.0000000000000000        4.9999999999999991        7.2155986635462854       0.52657826140060238                2 -0.10353368581961200      -0.15634743636464643      -0.17859792354684387      -0.97416335371963880        1.4285714285714284       0.49487165930539379     
          13          19   9.0000000000000000        5.9999999999999991        7.9967710602708735       0.28226495509948479                2 -0.17344741138041117      -0.23507727056354291       0.15089486489029141       -4.1108069815008808E-002   1.7142857142857140       0.45175395145262637     
          13          20   9.0000000000000000        5.9999999999999991        8.3809868557967597       0.59726851632354938                2 -0.10716803522505423       -6.7678942872090059E-002  -8.4697372618398103E-002 -0.20815279895264982        1.7142857142857140       0.45175395145262637     
          13          21   9.0000000000000000        5.4999999999999991        7.8021687952664838       0.39275599654750226                2 -0.17614789036242634      -0.22686804741985234       0.16893600139377271       -5.4712876680660466E-002   1.5714285714285712       0.49487165930539379     
          13          22   9.0000000000000000        5.9999999999999991        8.3809868557967544       0.59726850732661352                2 -0.10716800694091014       -6.7678964854934340E-002  -8.4697360253551013E-002 -0.20815278142468463        1.7142857142857140       0.45175395145262637     
          13          23   7.0000000000000000        4.4999999999999991        6.5481910294063042       0.63271256053310698                2 -0.12834073407631819       -6.7394736691057472E-002 -0.11017976396942286      -0.25156202820229867        1.2857142857142856       0.45175395145262565     
          13          24   5.0000000000000000        3.4999999999999996        4.7713006560091227       0.80957215811065575                2 -0.10046298535728296       -6.5031595566661438E-002 -0.14396979119431327      -0.40537974933179499       0.99999999999999978        1.4901161193847656E-008
          13          25   8.0000000000000000        4.9999999999999991        6.9355771317368804       0.33054562845100727                2 -0.15368438420491443      -0.24839397443365271       0.18208696862143123       -5.7072088089875260E-002   1.4285714285714284       0.49487165930539379     
          13          26   7.0000000000000000        4.9999999999999991        6.7334478562381035       0.75407070703797907                2  -9.9650435523181646E-002  -5.6287605027945567E-002  -8.9458737748799713E-002 -0.22561834101423300        1.4285714285714284       0.49487165930539379     
          13          27   8.0000000000000000        5.4999999999999991        7.5259818337600519       0.74413903873623666                2  -8.2690397356117357E-002   6.0264720743346510E-002 -0.10834844956963960       0.30432110667332662        1.5714285714285712       0.49487165930539379     
          13          28   9.0000000000000000        5.4999999999999991        7.8824721243747753       0.40236303303896148                2 -0.12325498198529210       -7.4633217755223996E-002  -8.9909696799089320E-002 -0.20510534604860503        1.5714285714285712       0.49487165930539379     
          13          29   9.0000000000000000        5.4999999999999991        7.8824721243747744       0.40236309498086564                2 -0.12325499880917637       -7.4633250861538478E-002  -8.9909700434855536E-002 -0.20510534027470936        1.5714285714285712       0.49487165930539334     
          13          30   7.0000000000000000        4.9999999999999991        6.7334478562381035       0.75407070951280120                2  -9.9650427649247642E-002  -5.6287609388242399E-002  -8.9458739716997207E-002 -0.22561832967204121        1.4285714285714284       0.49487165930539379     
          13          31   8.0000000000000000        5.4999999999999991        7.5259818337600528       0.74413904590343205                2  -8.2690403190478198E-002   6.0264714291709189E-002 -0.10834845386228240       0.30432111591861954        1.5714285714285712       0.49487165930539379     
          13          32   8.0000000000000000        4.9999999999999991        6.9793310208226078       0.35705036146958191                2 -0.15760089905446939      -0.24476209859038772       0.18398763885512415       -5.8799214629978870E-002   1.4285714285714284       0.49487165930539379     
          13          33   8.0000000000000000        5.4999999999999991        7.3525890908406186       0.48589363228090454                2 -0.10209040330782175       -5.5199203727926416E-002  -8.4086818726310658E-002 -0.21607230637428831        1.5714285714285712       0.49487165930539423     
          13          34   7.0000000000000000        4.4999999999999991        6.0803015168514829       0.29608929025725012                2 -0.13575789817462497       0.23119854937575293       0.20376966934588295       -6.3523440149842000E-002   1.2857142857142856       0.45175395145262587     
          13          35   8.0000000000000000        5.4999999999999991        7.5259818337600493       0.74413906323150558                2  -8.2690398501982718E-002   6.0264720154064214E-002 -0.10834846554847244       0.30432113005230355        1.5714285714285712       0.49487165930539423     
          13          36   8.0000000000000000        5.4999999999999991        7.5574120502146780       0.81975075697717403                2 -0.12771672004354648       -9.4822083452844583E-002 -0.12059716545598598       0.66920618585673519        1.5714285714285712       0.49487165930539334     
          13          37   9.0000000000000000        5.9999999999999991        8.0190778379003405       0.26445979856605145                2  -9.7725814427906052E-002  -5.6487103983940946E-002  -7.8694318554524217E-002 -0.21229674457802675        1.7142857142857140       0.45175395145262637     
          13          38   10.000000000000000        5.9999999999999991        8.6029174882112933       0.44028986341554144                2 -0.12572003692589209       -7.8431289453414085E-002  -8.4370884069217916E-002 -0.19012277886772788        1.7142857142857140       0.45175395145262637     
          13          39   9.0000000000000000        5.9999999999999991        7.9967710602708753       0.28226495480161207                2 -0.17344740985850515      -0.23507727143063828       0.15089486493971715       -4.1108069649134271E-002   1.7142857142857140       0.45175395145262637     
          13          40   8.0000000000000000        4.9999999999999991        7.4685546460499728       0.60362490209632536                2 -0.10318902655430061      -0.20166854553373390      -0.19670911031341612      -0.94264077172494176        1.4285714285714284       0.49487165930539379     
          13          41   8.0000000000000000        5.4999999999999991        7.3525890908406195       0.48589363325156476                2 -0.10209040085217438       -5.5199203617033170E-002  -8.4086820222560699E-002 -0.21607230911636738        1.5714285714285712       0.49487165930539423     
          13          42   9.0000000000000000        5.9999999999999991        8.3260201307953796       0.55932865517578345                2 -0.11322207868133904       -6.1234982083091999E-002  -8.4258331606879733E-002 -0.19903989624969734        1.7142857142857140       0.45175395145262637     
          13          43   6.0000000000000000        3.9999999999999996        5.4419506054830080       0.54430728329547340                2 -0.10984424314901127       -6.1848232481544134E-002 -0.11833421782659362      -0.28981706023153059        1.1428571428571428       0.34992710611188244     
          13          44   8.0000000000000000        4.9999999999999991        7.0871176143263330       0.33010944498023942                2 -0.12303067820188368       -6.8679804412273698E-002  -9.8890866943227324E-002 -0.21723617902022693        1.4285714285714284       0.49487165930539379     
          13          45   9.0000000000000000        5.9999999999999991        8.3809868557967544       0.59726851392526714                2 -0.10716801080798014       -6.7678971793168410E-002  -8.4697357164169984E-002 -0.20815277681049224        1.7142857142857140       0.45175395145262687     
          13          46   7.0000000000000000        4.9999999999999991        6.5441652027962700       0.61770670735280375                2  -8.1639877764374313E-002   4.6927347412508813E-002 -0.10820053359275714       0.31494582480475941        1.4285714285714284       0.49487165930539379     
          13          47   9.0000000000000000        5.4999999999999991        7.8824721243747797       0.40236308903758028                2 -0.12325499395961043       -7.4633247611994191E-002  -8.9909702353324475E-002 -0.20510533081638596        1.5714285714285712       0.49487165930539379     
          13          48   8.0000000000000000        4.9999999999999991        7.0871176143263366       0.33010944628150779                2 -0.12303066429859785       -6.8679787727269154E-002  -9.8890897976177117E-002 -0.21723621751979955        1.4285714285714284       0.49487165930539379     
          13          49   7.0000000000000000        4.4999999999999991        6.0562445304662011       0.28934581935130160                2 -0.11077376737767707       -5.8254778498477870E-002 -0.10081732627720967      -0.24124514983042125        1.2857142857142856       0.45175395145262587     
          13          50   7.0000000000000000        4.9999999999999991        6.5441652027962682       0.61770672460516640                2  -8.1639880720056138E-002   4.6927347482550390E-002 -0.10820053255227501       0.31494585223681415        1.4285714285714284       0.49487165930539334     
