           1           1   7.0000000000000000        3.4999999999999996        6.5209781493820094       0.53978414438635358                2 -0.11582508355689720      -0.13414190820711097       0.74982272843160791       0.99825456299110082        1.7500000000000000       0.43301270189221930     
           1           2   6.0000000000000000        2.9999999999999996        5.3442113934926123       0.65688128961326520                2 -0.14265094142692802       -9.4292804808044556E-002 -0.16351916149278611      -0.20617694763715050        1.5000000000000000       0.50000000000000000     
           1           3   8.0000000000000000        3.9999999999999996        8.0000000000000053       0.99999999999998568                2 -0.12500000297581651       0.12499999717900996       0.75000001157324969       0.50000000804595968        2.0000000000000000        0.0000000000000000     
           1           4   7.0000000000000000        3.4999999999999996        6.5209781493820120       0.53978415355998155                2 -0.11582508523297472      -0.13414191402678047       0.74982272279092199       0.99825456230240062        1.7500000000000000       0.43301270189221930     
           1           5   5.0000000000000000        2.4999999999999996        4.4081392121928280       0.78521489357435492                2 -0.16146132457087167       0.10363670315841104      -0.34306828997280303       0.78026132397150527        1.2500000000000000       0.43301270189221930     
           1           6   6.0000000000000000        2.9999999999999996        5.3442113934926088       0.65688127625671389                2 -0.14265093511641988       -9.4292802189863315E-002 -0.16351915346336618      -0.20617694425760147        1.5000000000000000       0.50000000000000000     
           1           7   5.0000000000000000        2.4999999999999996        4.4081392121928280       0.78521490612253697                2 -0.16146132551660719       0.10363670190386456      -0.34306831423981948       0.78026132270022996        1.2500000000000000       0.43301270189221930     
           1           8   7.0000000000000000        3.4999999999999996        6.5209781493820111       0.53978415973866856                2 -0.11582508011834447      -0.13414191347683035       0.74982272357649382       0.99825456805586898        1.7500000000000000       0.43301270189221930     
           1           9   6.0000000000000000        2.9999999999999996        5.3442113934926141       0.65688125651595630                2 -0.14265093517001443       -9.4292797006942014E-002 -0.16351914460618194      -0.20617695233208808        1.5000000000000000       0.50000000000000000     
           1          10   4.0000000000000000        1.9999999999999998        4.0000000000000044       0.99999999999999889                2 -0.12499999793569634       0.12500000007301004      -0.49999999859972422       0.99999999717660093        1.0000000000000000        0.0000000000000000     
           1          11   6.0000000000000000        2.9999999999999996        5.3442113934926105       0.65688127572102362                2 -0.14265093829000616       -9.4292799047983225E-002 -0.16351915715763973      -0.20617694145912935        1.5000000000000000       0.50000000000000000     
           1          12   6.0000000000000000        2.9999999999999996        5.3442113934926105       0.65688127262952600                2 -0.14265093370515503       -9.4292800625569217E-002 -0.16351915244843565      -0.20617694462475894        1.5000000000000000       0.50000000000000000     
           1          13   6.0000000000000000        2.9999999999999996        5.3442113934926097       0.65688128756460384                2 -0.14265093725598829       -9.4292793080961931E-002 -0.16351917349647355      -0.20617692712135163        1.5000000000000000       0.50000000000000000     
           1          14   5.0000000000000000        2.4999999999999996        4.4081392121928280       0.78521489286560453                2 -0.16146132323152051       0.10363671335389162      -0.34306830837209396       0.78026135157687959        1.2500000000000000       0.43301270189221930     
           1          15   5.0000000000000000        2.4999999999999996        4.4081392121928307       0.78521489891972840                2 -0.16146132571134225       0.10363670418882123      -0.34306830201195354       0.78026132705782214        1.2500000000000000       0.43301270189221930     
           1          16   6.0000000000000000        2.9999999999999996        5.3442113934926114       0.65688127267840135                2 -0.14265093179656610       -9.4292802035857923E-002 -0.16351915076768206      -0.20617694969792724        1.5000000000000000       0.50000000000000000     
           1          17   6.0000000000000000        2.9999999999999996        5.3442113934926088       0.65688126242066081                2 -0.14265093266153811       -9.4292801403897397E-002 -0.16351914329992040      -0.20617694682318405        1.5000000000000000       0.50000000000000000     
           1          18   6.0000000000000000        2.9999999999999996        5.3442113934926105       0.65688127465231005                2 -0.14265093605993162       -9.4292802574445597E-002 -0.16351915182130702      -0.20617694548138263        1.5000000000000000       0.50000000000000000     
           1          19   6.0000000000000000        2.9999999999999996        5.3442113934926097       0.65688127358724069                2 -0.14265093513562613       -9.4292801209435825E-002 -0.16351915258335240      -0.20617694448870325        1.5000000000000000       0.50000000000000000     
           1          20   7.0000000000000000        3.4999999999999996        6.5209781493820076       0.53978415620487208                2 -0.11582508259467866      -0.13414191409516568       0.74982272394383864       0.99825456760529918        1.7500000000000000       0.43301270189221930     
           1          21   5.0000000000000000        2.4999999999999996        4.4081392121928280       0.78521489538428302                2 -0.16146131944341688       0.10363670260984924      -0.34306830181536746       0.78026132789022840        1.2500000000000000       0.43301270189221930     
           1          22   6.0000000000000000        2.9999999999999996        5.3442113934926088       0.65688128353326170                2 -0.14265093865854112       -9.4292804790406901E-002 -0.16351915624026928      -0.20617694352980745        1.5000000000000000       0.50000000000000000     
           1          23   5.0000000000000000        2.4999999999999996        4.4081392121928289       0.78521490084077639                2 -0.16146133469443333       0.10363672707995795      -0.34306829872138611       0.78026134261251889        1.2500000000000000       0.43301270189221930     
           1          24   6.0000000000000000        2.9999999999999996        5.3442113934926105       0.65688129980931553                2 -0.14265094608945345       -9.4292810226791146E-002 -0.16351916315013559      -0.20617694762765079        1.5000000000000000       0.50000000000000000     
           1          25   7.0000000000000000        3.4999999999999996        6.5209781493820111       0.53978416386430605                2 -0.11582508422330860      -0.13414191905365574       0.74982273082382811       0.99825456448924133        1.7500000000000000       0.43301270189221930     
           1          26   6.0000000000000000        2.9999999999999996        5.3442113934926097       0.65688126675336833                2 -0.14265092156717452       -9.4292796425310479E-002 -0.16351915213277060      -0.20617694544822571        1.5000000000000000       0.50000000000000000     
           1          27   7.0000000000000000        3.4999999999999996        6.5209781493820085       0.53978413926475788                2 -0.11582509714496493      -0.13414191865255090       0.74982272845966569       0.99825456066341645        1.7500000000000000       0.43301270189221930     
           1          28   6.0000000000000000        2.9999999999999996        5.3442113934926132       0.65688126793084223                2 -0.14265093996127615       -9.4292804564034882E-002 -0.16351914435728260      -0.20617694836459136        1.5000000000000000       0.50000000000000000     
           1          29   6.0000000000000000        2.9999999999999996        5.3442113934926123       0.65688122780853841                2 -0.14265089400646977       -9.4292796907063617E-002 -0.16351911814760245      -0.20617694630997982        1.5000000000000000       0.50000000000000000     
           1          30   5.0000000000000000        2.4999999999999996        4.4081392121928307       0.78521489763293040                2 -0.16146132357580831       0.10363670493974557      -0.34306830136895483       0.78026132773510626        1.2500000000000000       0.43301270189221930     
           1          31   6.0000000000000000        2.9999999999999996        5.3442113934926105       0.65688127510795458                2 -0.14265093516413110       -9.4292801814676017E-002 -0.16351915302621525      -0.20617694430539241        1.5000000000000000       0.50000000000000000     
           1          32   7.0000000000000000        3.4999999999999996        6.5209781493820129       0.53978414989219836                2 -0.11582508272901303      -0.13414191078038615       0.74982272468940436       0.99825456626064546        1.7500000000000000       0.43301270189221930     
           1          33   7.0000000000000000        3.4999999999999996        6.5209781493820120       0.53978415269950242                2 -0.11582508282116702      -0.13414191252108895       0.74982272325499344       0.99825456750648545        1.7500000000000000       0.43301270189221930     
           1          34   6.0000000000000000        2.9999999999999996        5.3442113934926132       0.65688127471712188                2 -0.14265093418427494       -9.4292801901614640E-002 -0.16351915248692472      -0.20617694348394411        1.5000000000000000       0.50000000000000000     
           1          35   7.0000000000000000        3.4999999999999996        6.5209781493820085       0.53978416516111660                2 -0.11582508202867949      -0.13414191851021995       0.74982272560137009       0.99825456938444546        1.7500000000000000       0.43301270189221930     
           1          36   5.0000000000000000        2.4999999999999996        4.4081392121928271       0.78521489281784196                2 -0.16146132396284213       0.10363670107581739      -0.34306829221729279       0.78026132624266276        1.2500000000000000       0.43301270189221930     
           1          37   5.0000000000000000        2.4999999999999996        4.4081392121928307       0.78521490025568330                2 -0.16146134276837132       0.10363673274317670      -0.34306829952798118       0.78026135619317727        1.2500000000000000       0.43301270189221930     
           1          38   7.0000000000000000        3.4999999999999996        6.5209781493820094       0.53978413159593497                2 -0.11582509202591486      -0.13414191494859631       0.74982272349734991       0.99825458226511410        1.7500000000000000       0.43301270189221930     
           1          39   7.0000000000000000        3.4999999999999996        6.5209781493820103       0.53978414071648040                2 -0.11582510264842633      -0.13414192109168280       0.74982273101341856       0.99825454521550649        1.7500000000000000       0.43301270189221930     
           1          40   7.0000000000000000        3.4999999999999996        6.5209781493820085       0.53978414160678256                2 -0.11582508839103912      -0.13414191176444695       0.74982272137103723       0.99825456465984286        1.7500000000000000       0.43301270189221930     
           1          41   6.0000000000000000        2.9999999999999996        5.3442113934926097       0.65688126992423312                2 -0.14265093591816685       -9.4292798470148417E-002 -0.16351915323593991      -0.20617694544043991        1.5000000000000000       0.50000000000000000     
           1          42   5.0000000000000000        2.4999999999999996        4.4081392121928289       0.78521489659006538                2 -0.16146132390788187       0.10363670495854337      -0.34306829688667617       0.78026132541992088        1.2500000000000000       0.43301270189221930     
           1          43   7.0000000000000000        3.4999999999999996        6.5209781493820120       0.53978417889352637                2 -0.11582507466567968      -0.13414191392008279       0.74982274434831941       0.99825454998162755        1.7500000000000000       0.43301270189221930     
           1          44   6.0000000000000000        2.9999999999999996        5.3442113934926105       0.65688128046356575                2 -0.14265093266681336       -9.4292804744618333E-002 -0.16351915299772135      -0.20617693549881030        1.5000000000000000       0.50000000000000000     
           1          45   4.0000000000000000        1.9999999999999998        4.0000000000000027       0.99999999999999922                2 -0.12499999973879115       0.12500000211161330      -0.49999999918498533       0.99999999670780360        1.0000000000000000        0.0000000000000000     
           1          46   6.0000000000000000        2.9999999999999996        5.3442113934926114       0.65688127617828207                2 -0.14265093466791889       -9.4292801460078138E-002 -0.16351915435184469      -0.20617694561819264        1.5000000000000000       0.50000000000000000     
           1          47   7.0000000000000000        3.4999999999999996        6.5209781493820032       0.53978415560394055                2 -0.11582508262705932      -0.13414191356518307       0.74982272342310574       0.99825456665311407        1.7500000000000000       0.43301270189221930     
           1          48   7.0000000000000000        3.4999999999999996        6.5209781493820076       0.53978416290436615                2 -0.11582508726784096      -0.13414192412096981       0.74982270486167457       0.99825457894904857        1.7500000000000000       0.43301270189221930     
           1          49   5.0000000000000000        2.4999999999999996        4.4081392121928298       0.78521489179609727                2 -0.16146132091803989       0.10363670802086884      -0.34306828345146395       0.78026132048136165        1.2500000000000000       0.43301270189221930     
           1          50   5.0000000000000000        2.4999999999999996        4.4081392121928280       0.78521489626798602                2 -0.16146132158928772       0.10363670566713599      -0.34306829921567444       0.78026132702870410        1.2500000000000000       0.43301270189221930     
