           5           1   6.0000000000000000        2.9999999999999996        5.3981309399397510       0.69044263800503813                2 -0.17631230283842605      -0.11585240687470948      -0.18275864051229435      -0.27336729006172339        1.2000000000000000       0.40000000000000019     
           5           2   8.0000000000000000        3.9999999999999996        7.3497368426138108       0.67519238733232412                2 -0.17847531923329918      -0.12346612718491125      -0.14013821483431119      -0.20251478090537342        1.5999999999999999       0.48989794855663626     
           5           3   9.0000000000000000        4.4999999999999991        7.9733991993201494       0.71107269347777224                2 -0.17215846155316841      -0.10974801209232574      -0.12012462218495558      -0.18457150973084441        1.7999999999999998       0.40000000000000130     
           5           4   7.0000000000000000        3.4999999999999996        6.4386424598677845       0.68641577503968221                2 -0.17938586143092125      -0.12468604824504703      -0.16433026498314174      -0.23551414306893784        1.4000000000000001       0.48989794855663538     
           5           5   9.0000000000000000        4.4999999999999991        7.9849647562088304       0.66858075850290677                2 -0.18432124430310484      -0.11321403238021413      -0.12084878729675119      -0.19979660183056677        1.8000000000000003       0.39999999999999908     
           5           6   8.0000000000000000        3.9999999999999996        7.0850456871765051       0.62179087578885084                2 -0.18185998158967018      -0.10577436766178891      -0.13198082949391005      -0.23214100018219089        1.6000000000000001       0.48989794855663493     
           5           7   7.0000000000000000        3.4999999999999996        6.4170478962039903       0.60393202785561695                2 -0.17997291882606858      -0.12275809571407670      -0.16085040361899453      -0.23965465709347294        1.3999999999999999       0.48989794855663604     
           5           8   8.0000000000000000        3.9999999999999996        7.3497368426138090       0.67519238179652552                2 -0.17847531112554085      -0.12346612831262363      -0.14013820399100813      -0.20251478190003741        1.5999999999999999       0.48989794855663626     
           5           9   6.0000000000000000        2.9999999999999996        5.1589272548785177       0.62970181452815566                2 -0.17147729271941239       -9.6677861066541873E-002  0.83927606930650389       0.71323173803855355        1.2000000000000002       0.39999999999999963     
           5          10   9.0000000000000000        4.4999999999999991        7.9733991993201521       0.71107269225943603                2 -0.17215846073293534      -0.10974801192854350      -0.12012462142898034      -0.18457150875023320        1.7999999999999998       0.40000000000000130     
           5          11   8.0000000000000000        3.9999999999999996        7.3497368426138090       0.67519238335921661                2 -0.17847531852048676      -0.12346612374712461      -0.14013821274862531      -0.20251477747063709        1.5999999999999999       0.48989794855663626     
           5          12   7.0000000000000000        3.4999999999999996        6.2336102965129125       0.53548506169710719                2 -0.11127876893494688       0.22940215379205908       0.26657749756171956      -0.13199398519309408        1.3999999999999999       0.48989794855663604     
           5          13   7.0000000000000000        3.4999999999999996        6.1009321852878635       0.60840062507278725                2 -0.17722851085845270       -9.6444952957199057E-002 -0.14026325699439041      -0.26413460282866358        1.3999999999999999       0.48989794855663604     
           5          14   9.0000000000000000        4.4999999999999991        7.9849647562088260       0.66858072062382068                2 -0.18432121691209741      -0.11321399378489742      -0.12084876788302594      -0.19979658650333226        1.8000000000000003       0.39999999999999908     
           5          15   7.0000000000000000        3.4999999999999996        6.1009321852878635       0.60840063141863387                2 -0.17722851672942846       -9.6444954436077895E-002 -0.14026325445647864      -0.26413459067599021        1.3999999999999999       0.48989794855663604     
           5          16   7.0000000000000000        3.4999999999999996        6.2336102965129081       0.53548506110391281                2 -0.11127876890532679       0.22940215266006767       0.26657749706530398      -0.13199398545611365        1.3999999999999999       0.48989794855663604     
           5          17   6.0000000000000000        2.9999999999999996        5.3504887642710646       0.62489902013833731                2 -0.18075791783381612      -0.11223343508246510      -0.17625555212148539      -0.29106661015409385        1.2000000000000000       0.40000000000000019     
           5          18   9.0000000000000000        4.4999999999999991        7.9733991993201521       0.71107268450235850                2 -0.17215845931829685      -0.10974800600206612      -0.12012461889997722      -0.18457150739906167        1.7999999999999998       0.40000000000000130     
           5          19   9.0000000000000000        4.4999999999999991        7.9849647562088295       0.66858072072859576                2 -0.18432121749560437      -0.11321399476761142      -0.12084876715245629      -0.19979658609367945        1.8000000000000003       0.39999999999999908     
           5          20   8.0000000000000000        3.9999999999999996        7.0341143935889123       0.68299282644931492                2 -0.17938483452809720      -0.10994923035643898      -0.13358859841338405      -0.21659456848943914        1.6000000000000001       0.48989794855663493     
           5          21   7.0000000000000000        3.4999999999999996        6.4197411811898517       0.70003110251237177                2 -0.17435431357673387      -0.12266307041671452      -0.16392383794138779      -0.21997184273572803        1.4000000000000001       0.48989794855663538     
           5          22   5.0000000000000000        2.4999999999999996        4.4891345148282822       0.71655487258210637                2 -0.18218913379214988      -0.11933484808781340      -0.22512080513930552      -0.34314924466314972        1.0000000000000000        0.0000000000000000     
           5          23   9.0000000000000000        4.4999999999999991        7.9733991993201530       0.71107269427197139                2 -0.17215846050868971      -0.10974800918322297      -0.12012462507964528      -0.18457151092760626        1.7999999999999998       0.40000000000000130     
           5          24   8.0000000000000000        3.9999999999999996        7.0521665567382277       0.63600400953899094                2 -0.17188669528655637      -0.10100346852362382      -0.12552186540734586      -0.22290649950338781        1.6000000000000001       0.48989794855663493     
           5          25   7.0000000000000000        3.4999999999999996        6.4170478962039894       0.60393202665215251                2 -0.17997290819352063      -0.12275810756720036      -0.16085039932496353      -0.23965467078860905        1.3999999999999999       0.48989794855663604     
           5          26   9.0000000000000000        4.4999999999999991        7.9849647562088286       0.66858071838749955                2 -0.18432122764794673      -0.11321397575529749      -0.12084877249649104      -0.19979659085009768        1.8000000000000003       0.39999999999999908     
           5          27   8.0000000000000000        3.9999999999999996        7.0521665567382277       0.63600401064112910                2 -0.17188669604149079      -0.10100346894854242      -0.12552186581928335      -0.22290649917078056        1.6000000000000001       0.48989794855663493     
           5          28   9.0000000000000000        4.4999999999999991        7.9733991993201530       0.71107272529579413                2 -0.17215844608153280      -0.10974802132935035      -0.12012463870153132      -0.18457152898369383        1.7999999999999998       0.40000000000000130     
           5          29   9.0000000000000000        4.4999999999999991        7.9849647562088295       0.66858071116162654                2 -0.18432119999365140      -0.11321398808451380      -0.12084876028110221      -0.19979660051536660        1.8000000000000003       0.39999999999999908     
           5          30   9.0000000000000000        4.4999999999999991        8.4594762996984887       0.66479433531856746                2 -0.18186321740917991      -0.13265825873635087      -0.13046612780167341      -0.17868976365987355        1.8000000000000000       0.40000000000000019     
           5          31   9.0000000000000000        4.4999999999999991        7.9849647562088295       0.66858071273765507                2 -0.18432122009471524      -0.11321398445454618      -0.12084876212480568      -0.19979657876930598        1.7999999999999998       0.40000000000000130     
           5          32   9.0000000000000000        4.4999999999999991        7.9733991993201521       0.71107269022766373                2 -0.17215845290182044      -0.10974800930256230      -0.12012461616035187      -0.18457151932867558        1.7999999999999998       0.40000000000000130     
           5          33   6.0000000000000000        2.9999999999999996        5.3981309399397492       0.69044266707875568                2 -0.17631227584500353      -0.11585241061655856      -0.18275866613487307      -0.27336730455791625        1.2000000000000000       0.39999999999999991     
           5          34   7.0000000000000000        3.4999999999999996        6.4197411811898526       0.70003109830309196                2 -0.17435432768978690      -0.12266307219628809      -0.16392382940060063      -0.21997185277141693        1.4000000000000001       0.48989794855663538     
           5          35   6.0000000000000000        2.9999999999999996        5.3504887642710637       0.62489902407328901                2 -0.18075791902238189      -0.11223343723070917      -0.17625555690867412      -0.29106661195631855        1.2000000000000000       0.40000000000000019     
           5          36   8.0000000000000000        3.9999999999999996        7.3497368426138134       0.67519238710991369                2 -0.17847532047132039      -0.12346612723614207      -0.14013821485790898      -0.20251478052520328        1.5999999999999999       0.48989794855663626     
           5          37   7.0000000000000000        3.4999999999999996        6.4386424598677827       0.68641575570990565                2 -0.17938585672709845      -0.12468602513477377      -0.16433026379771212      -0.23551413021434156        1.4000000000000001       0.48989794855663538     
           5          38   6.0000000000000000        2.9999999999999996        5.3981309399397501       0.69044264289351287                2 -0.17631229352990932      -0.11585241234931309      -0.18275863938063852      -0.27336728990717729        1.2000000000000000       0.39999999999999991     
           5          39   8.0000000000000000        3.9999999999999996        7.3497368426138046       0.67519238489260425                2 -0.17847531913903403      -0.12346612523039184      -0.14013821307957072      -0.20251477950109958        1.5999999999999999       0.48989794855663626     
           5          40   7.0000000000000000        3.4999999999999996        6.4386424598677854       0.68641576301460361                2 -0.17938585709649060      -0.12468603234872597      -0.16433026498728306      -0.23551413558862502        1.4000000000000001       0.48989794855663538     
           5          41   7.0000000000000000        3.4999999999999996        6.2336102965129125       0.53548506362903148                2 -0.11127876926374396       0.22940215611481887       0.26657750705807554      -0.13199398146647165        1.4000000000000001       0.48989794855663538     
           5          42   7.0000000000000000        3.4999999999999996        6.1009321852878617       0.60840062485039381                2 -0.17722851296677763       -9.6444944677193542E-002 -0.14026325833550812      -0.26413458722664979        1.3999999999999999       0.48989794855663604     
           5          43   9.0000000000000000        4.4999999999999991        7.9733991993201521       0.71107269853824451                2 -0.17215846396476817      -0.10974801504902242      -0.12012462421254057      -0.18457151170069655        1.7999999999999998       0.40000000000000130     
           5          44   7.0000000000000000        3.4999999999999996        6.2336102965129099       0.53548505227751519                2 -0.11127877155240251       0.22940212919202724       0.26657750185792828      -0.13199399794071709        1.3999999999999999       0.48989794855663604     
           5          45   8.0000000000000000        3.9999999999999996        7.3497368426138063       0.67519236629571100                2 -0.17847533133271631      -0.12346611987088923      -0.14013819807017194      -0.20251476505792340        1.5999999999999999       0.48989794855663626     
           5          46   10.000000000000000        4.9999999999999991        8.9782690296565590       0.71655487409491769                2 -0.18218912343330854      -0.11933481961930992       0.88743959161311436      -0.17157463407857834        2.0000000000000000        0.0000000000000000     
           5          47   8.0000000000000000        3.9999999999999996        7.0521665567382259       0.63600401218727676                2 -0.17188670043171422      -0.10100346538737223      -0.12552186773537077      -0.22290649761715792        1.6000000000000001       0.48989794855663493     
           5          48   8.0000000000000000        3.9999999999999996        7.0784670061453987       0.70575464376445363                2 -0.16366340438919547      -0.10640803663328682      -0.13600199130840865      -0.18892165832779914        1.6000000000000001       0.48989794855663493     
           5          49   6.0000000000000000        2.9999999999999996        5.3981309399397537       0.69044264711935133                2 -0.17631229252970149      -0.11585241322278458      -0.18275864250855003      -0.27336729377832703        1.2000000000000000       0.40000000000000019     
           5          50   9.0000000000000000        4.4999999999999991        8.4594762996984816       0.66479433783573583                2 -0.18186321650271617      -0.13265825954334753      -0.13046612787704270      -0.17868976840383147        1.8000000000000000       0.40000000000000019     
