          21   2.0000000000000000        2.0000000000000000        1.0000000000000000        1.0000000000000000        2.0000000000000000        1.0000000000000000        1.0000000000000000        2.0000000000000000        2.0000000000000000        1.0000000000000000     
          21   1.0000000000000000        1.0000000000000000        1.0000000000000000        1.0000000000000000        1.0000000000000000        2.0000000000000000        2.0000000000000000        1.0000000000000000        1.0000000000000000        1.0000000000000000     
          21   2.0000000000000000        1.0000000000000000        1.0000000000000000        2.0000000000000000        1.0000000000000000        2.0000000000000000        2.0000000000000000        2.0000000000000000        1.0000000000000000        2.0000000000000000     
          21   1.0000000000000000        1.0000000000000000        2.0000000000000000        2.0000000000000000        2.0000000000000000        2.0000000000000000        1.0000000000000000        1.0000000000000000        2.0000000000000000        1.0000000000000000     
          21   2.0000000000000000        1.0000000000000000        2.0000000000000000        1.0000000000000000        2.0000000000000000        1.0000000000000000        1.0000000000000000        1.0000000000000000        1.0000000000000000        1.0000000000000000     
          21   1.0000000000000000        1.0000000000000000        2.0000000000000000        1.0000000000000000        1.0000000000000000        2.0000000000000000        1.0000000000000000        2.0000000000000000        1.0000000000000000        2.0000000000000000     
          21   2.0000000000000000        2.0000000000000000        1.0000000000000000        1.0000000000000000        2.0000000000000000        1.0000000000000000        1.0000000000000000        2.0000000000000000        1.0000000000000000        2.0000000000000000     
          21   2.0000000000000000        1.0000000000000000        1.0000000000000000        2.0000000000000000        1.0000000000000000        1.0000000000000000        2.0000000000000000        1.0000000000000000        1.0000000000000000        2.0000000000000000     
          21   1.0000000000000000        2.0000000000000000        2.0000000000000000        2.0000000000000000        1.0000000000000000        2.0000000000000000        2.0000000000000000        1.0000000000000000        2.0000000000000000        1.0000000000000000     
          21   2.0000000000000000        1.0000000000000000        2.0000000000000000        1.0000000000000000        1.0000000000000000        2.0000000000000000        2.0000000000000000        2.0000000000000000        2.0000000000000000        1.0000000000000000     
          21   2.0000000000000000        2.0000000000000000        1.0000000000000000        2.0000000000000000        2.0000000000000000        2.0000000000000000        2.0000000000000000        1.0000000000000000        1.0000000000000000        1.0000000000000000     
          21   1.0000000000000000        2.0000000000000000        1.0000000000000000        2.0000000000000000        1.0000000000000000        2.0000000000000000        2.0000000000000000        1.0000000000000000        1.0000000000000000        1.0000000000000000     
          21   2.0000000000000000        1.0000000000000000        1.0000000000000000        2.0000000000000000        1.0000000000000000        2.0000000000000000        2.0000000000000000        2.0000000000000000        2.0000000000000000        1.0000000000000000     
          21   2.0000000000000000        1.0000000000000000        2.0000000000000000        2.0000000000000000        1.0000000000000000        1.0000000000000000        2.0000000000000000        2.0000000000000000        1.0000000000000000        1.0000000000000000     
          21   1.0000000000000000        1.0000000000000000        1.0000000000000000        2.0000000000000000        2.0000000000000000        2.0000000000000000        1.0000000000000000        2.0000000000000000        1.0000000000000000        1.0000000000000000     
          21   1.0000000000000000        1.0000000000000000        2.0000000000000000        2.0000000000000000        1.0000000000000000        2.0000000000000000        2.0000000000000000        1.0000000000000000        1.0000000000000000        2.0000000000000000     
          21   2.0000000000000000        2.0000000000000000        2.0000000000000000        1.0000000000000000        2.0000000000000000        1.0000000000000000        2.0000000000000000        1.0000000000000000        2.0000000000000000        2.0000000000000000     
          21   1.0000000000000000        1.0000000000000000        1.0000000000000000        2.0000000000000000        2.0000000000000000        1.0000000000000000        2.0000000000000000        1.0000000000000000        2.0000000000000000        2.0000000000000000     
          21   2.0000000000000000        2.0000000000000000        1.0000000000000000        2.0000000000000000        1.0000000000000000        2.0000000000000000        1.0000000000000000        1.0000000000000000        2.0000000000000000        1.0000000000000000     
          21   2.0000000000000000        2.0000000000000000        1.0000000000000000        2.0000000000000000        1.0000000000000000        2.0000000000000000        1.0000000000000000        2.0000000000000000        1.0000000000000000        2.0000000000000000     
          21   2.0000000000000000        1.0000000000000000        2.0000000000000000        1.0000000000000000        1.0000000000000000        2.0000000000000000        2.0000000000000000        2.0000000000000000        1.0000000000000000        2.0000000000000000     
          21   1.0000000000000000        2.0000000000000000        2.0000000000000000        2.0000000000000000        1.0000000000000000        1.0000000000000000        2.0000000000000000        2.0000000000000000        1.0000000000000000        2.0000000000000000     
          21   2.0000000000000000        1.0000000000000000        2.0000000000000000        1.0000000000000000        2.0000000000000000        1.0000000000000000        2.0000000000000000        2.0000000000000000        1.0000000000000000        1.0000000000000000     
          21   1.0000000000000000        2.0000000000000000        2.0000000000000000        1.0000000000000000        2.0000000000000000        1.0000000000000000        2.0000000000000000        2.0000000000000000        2.0000000000000000        1.0000000000000000     
          21   1.0000000000000000        2.0000000000000000        1.0000000000000000        1.0000000000000000        2.0000000000000000        1.0000000000000000        1.0000000000000000        1.0000000000000000        2.0000000000000000        1.0000000000000000     
          21   2.0000000000000000        2.0000000000000000        2.0000000000000000        2.0000000000000000        2.0000000000000000        1.0000000000000000        1.0000000000000000        2.0000000000000000        1.0000000000000000        1.0000000000000000     
          21   2.0000000000000000        1.0000000000000000        1.0000000000000000        1.0000000000000000        2.0000000000000000        2.0000000000000000        1.0000000000000000        2.0000000000000000        2.0000000000000000        2.0000000000000000     
          21   1.0000000000000000        1.0000000000000000        1.0000000000000000        2.0000000000000000        1.0000000000000000        2.0000000000000000        1.0000000000000000        1.0000000000000000        1.0000000000000000        1.0000000000000000     
          21   2.0000000000000000        2.0000000000000000        2.0000000000000000        1.0000000000000000        2.0000000000000000        1.0000000000000000        2.0000000000000000        1.0000000000000000        2.0000000000000000        1.0000000000000000     
          21   2.0000000000000000        2.0000000000000000        2.0000000000000000        1.0000000000000000        1.0000000000000000        2.0000000000000000        2.0000000000000000        1.0000000000000000        1.0000000000000000        1.0000000000000000     
          21   2.0000000000000000        2.0000000000000000        2.0000000000000000        2.0000000000000000        1.0000000000000000        1.0000000000000000        1.0000000000000000        1.0000000000000000        2.0000000000000000        2.0000000000000000     
          21   1.0000000000000000        2.0000000000000000        2.0000000000000000        1.0000000000000000        1.0000000000000000        2.0000000000000000        2.0000000000000000        2.0000000000000000        2.0000000000000000        2.0000000000000000     
          21   2.0000000000000000        2.0000000000000000        1.0000000000000000        1.0000000000000000        2.0000000000000000        1.0000000000000000        1.0000000000000000        1.0000000000000000        1.0000000000000000        2.0000000000000000     
          21   1.0000000000000000        1.0000000000000000        1.0000000000000000        2.0000000000000000        1.0000000000000000        1.0000000000000000        1.0000000000000000        1.0000000000000000        1.0000000000000000        1.0000000000000000     
          21   1.0000000000000000        2.0000000000000000        2.0000000000000000        1.0000000000000000        2.0000000000000000        1.0000000000000000        1.0000000000000000        1.0000000000000000        1.0000000000000000        2.0000000000000000     
          21   1.0000000000000000        1.0000000000000000        1.0000000000000000        1.0000000000000000        2.0000000000000000        1.0000000000000000        2.0000000000000000        1.0000000000000000        1.0000000000000000        2.0000000000000000     
          21   2.0000000000000000        1.0000000000000000        2.0000000000000000        2.0000000000000000        1.0000000000000000        2.0000000000000000        2.0000000000000000        1.0000000000000000        2.0000000000000000        2.0000000000000000     
          21   1.0000000000000000        1.0000000000000000        2.0000000000000000        2.0000000000000000        2.0000000000000000        2.0000000000000000        2.0000000000000000        1.0000000000000000        1.0000000000000000        2.0000000000000000     
          21   2.0000000000000000        1.0000000000000000        1.0000000000000000        2.0000000000000000        1.0000000000000000        1.0000000000000000        2.0000000000000000        1.0000000000000000        1.0000000000000000        2.0000000000000000     
          21   1.0000000000000000        1.0000000000000000        2.0000000000000000        1.0000000000000000        2.0000000000000000        2.0000000000000000        2.0000000000000000        2.0000000000000000        2.0000000000000000        2.0000000000000000     
          21   2.0000000000000000        2.0000000000000000        1.0000000000000000        2.0000000000000000        1.0000000000000000        1.0000000000000000        1.0000000000000000        1.0000000000000000        1.0000000000000000        1.0000000000000000     
          21   2.0000000000000000        2.0000000000000000        2.0000000000000000        1.0000000000000000        2.0000000000000000        1.0000000000000000        2.0000000000000000        2.0000000000000000        2.0000000000000000        2.0000000000000000     
          21   1.0000000000000000        2.0000000000000000        2.0000000000000000        2.0000000000000000        1.0000000000000000        2.0000000000000000        2.0000000000000000        2.0000000000000000        1.0000000000000000        2.0000000000000000     
          21   2.0000000000000000        1.0000000000000000        2.0000000000000000        1.0000000000000000        2.0000000000000000        2.0000000000000000        2.0000000000000000        1.0000000000000000        2.0000000000000000        1.0000000000000000     
          21   2.0000000000000000        1.0000000000000000        2.0000000000000000        2.0000000000000000        2.0000000000000000        1.0000000000000000        2.0000000000000000        2.0000000000000000        2.0000000000000000        2.0000000000000000     
          21   2.0000000000000000        2.0000000000000000        1.0000000000000000        1.0000000000000000        2.0000000000000000        2.0000000000000000        1.0000000000000000        2.0000000000000000        2.0000000000000000        1.0000000000000000     
          21   2.0000000000000000        2.0000000000000000        1.0000000000000000        2.0000000000000000        2.0000000000000000        1.0000000000000000        2.0000000000000000        1.0000000000000000        1.0000000000000000        1.0000000000000000     
          21   1.0000000000000000        2.0000000000000000        2.0000000000000000        2.0000000000000000        2.0000000000000000        2.0000000000000000        2.0000000000000000        2.0000000000000000        1.0000000000000000        2.0000000000000000     
          21   1.0000000000000000        1.0000000000000000        1.0000000000000000        1.0000000000000000        1.0000000000000000        2.0000000000000000        1.0000000000000000        1.0000000000000000        1.0000000000000000        1.0000000000000000     
          21   2.0000000000000000        1.0000000000000000        2.0000000000000000        2.0000000000000000        1.0000000000000000        1.0000000000000000        1.0000000000000000        2.0000000000000000        2.0000000000000000        2.0000000000000000     
