   1.0000000000000000        4.0000000000000000        1.9999999999999998        2.9999999999999987       0.45312497488716302        1.0000000000000000      -0.12499999416487538      -0.49999997713363076     
   2.0000000000000000        4.0000000000000000        1.9999999999999998        3.0582807581598566       0.29815286009059433        1.0000000000000000      -0.12500000318429566      -0.28139232770298439     
   3.0000000000000000        4.0000000000000000        2.4999999999999996        3.4022741185756700       0.51133982921126087        1.0000000000000000      -0.10962647187181881      -0.21284018632160656     
   4.0000000000000000        4.0000000000000000        2.4999999999999996        3.4357205828138433       0.55982866233365758        1.0000000000000000      -0.11002459308616129      -0.21839456919611300     
   5.0000000000000000        5.0000000000000000        2.4999999999999996        3.6928053518696933       0.35346747082930569        1.0000000000000000      -0.12499999950811945      -0.24379334249429757     
   6.0000000000000000        5.0000000000000000        2.9999999999999996        3.9273437191366267       0.23420117361266474        1.0000000000000000      -0.10391267837049230      -0.19056105935190260     
   7.0000000000000000        6.0000000000000000        2.9999999999999996        4.3044284924678529       0.40367818263382238        1.0000000000000000      -0.12499999431143613      -0.22145482529435020     
   8.0000000000000000        6.0000000000000000        3.4999999999999996        4.4676891436962984       0.27140670375303444        1.0000000000000000      -0.10091188210468584      -0.17498544072028380     
   9.0000000000000000        4.0000000000000000        1.9999999999999998        3.1221848548454925       0.33313983471746389        1.0000000000000000      -0.12499999906019882      -0.28360087558098657     
   10.000000000000000        4.0000000000000000        2.4999999999999996        3.4499918994139609       0.51557918673351688        1.0000000000000000      -0.10819094902564994      -0.21610145650321519     
   11.000000000000000        4.0000000000000000        2.9999999999999996        3.9287644729543616       0.97292869134953874        1.0000000000000000      -0.10216121563772126      -0.18711172761330569     
   12.000000000000000        5.0000000000000000        2.9999999999999996        3.9389644803158457       0.21419234146558563        1.0000000000000000      -0.10324244005148049      -0.19027424898348672     
   13.000000000000000        5.0000000000000000        3.4999999999999996        4.3711324557800522       0.49880469598989297        1.0000000000000000       -9.4471150912235874E-002 -0.16557097775547319     
   14.000000000000000        4.0000000000000000        2.4999999999999996        3.7500000000000009       0.87890624999999978        1.0000000000000000      -0.12499999940696549      -0.25000000301296799     
   15.000000000000000        5.0000000000000000        2.9999999999999996        4.1100688844723043       0.41477767560051149        1.0000000000000000      -0.11262207371140748      -0.20660494185983649     
   16.000000000000000        5.0000000000000000        3.4999999999999996        4.4734096933875565       0.58661436980794801        1.0000000000000000      -0.10004465448455531      -0.17491276155312280     
   17.000000000000000        6.0000000000000000        3.9999999999999996        4.9388326934101405       0.19343720964784444        1.0000000000000000       -9.3643862032972106E-002 -0.15717651322968823     
   18.000000000000000        6.0000000000000000        3.4999999999999996        4.5998694596870191       0.25001871037249690        1.0000000000000000      -0.10708406806834056      -0.18514660781701933     
   19.000000000000000        6.0000000000000000        3.9999999999999996        5.0255518180306504       0.32404809351611552        1.0000000000000000       -9.8280892284713442E-002 -0.16405332704655110     
   20.000000000000000        6.0000000000000000        4.4999999999999991        5.4392028808905462       0.52164108638817164        1.0000000000000000       -8.9636384966877397E-002 -0.14483627658115528     
   21.000000000000000        6.0000000000000000        4.9999999999999991        5.9052118205554098       0.97589830257259946        1.0000000000000000       -8.4450463919063537E-002 -0.13163095644391942     
