   1.0000000000000000        5.0000000000000000        2.5000000000000000        3.7500000000000000       0.39062499393034894        1.0000000000000000      -0.12499999845437601      -0.49999999651463417     
   2.0000000000000000        5.0000000000000000        2.5000000000000000        3.7156959234340583       0.20185440646862610        1.0000000000000000      -0.12500000009574005      -0.27766817773170205     
   3.0000000000000000        5.0000000000000000        3.0000000000000000        4.0707268412892210       0.34517514777026848        1.0000000000000000      -0.11284414204590379      -0.21693423633780981     
   4.0000000000000000        5.0000000000000000        2.5000000000000000        3.7422599874998803       0.18825959051797256        1.0000000000000000      -0.12500000881345985      -0.26772050009338838     
   5.0000000000000000        5.0000000000000000        2.5000000000000000        3.8047964503103771       0.22224099077390916        1.0000000000000000      -0.12500000000044748      -0.27258691754682407     
   6.0000000000000000        5.0000000000000000        3.0000000000000000        4.1272359416109907       0.39036518258617642        1.0000000000000000      -0.11367463531739448      -0.22249455549244473     
   7.0000000000000000        6.0000000000000000        3.0000000000000000        4.3559708483049366       0.23120053888218045        1.0000000000000000      -0.12499999943086962      -0.23958443087939038     
   8.0000000000000000        6.0000000000000000        3.5000000000000000        4.6012901704035318       0.15726405984874248        1.0000000000000000      -0.10777455604785820      -0.19622670123590211     
   9.0000000000000000        6.0000000000000000        3.0000000000000000        4.3869606046650258       0.24085208222037546        1.0000000000000000      -0.12500000657815460      -0.23899300438351914     
   10.000000000000000        6.0000000000000000        3.5000000000000000        4.6237808880527771       0.17356621632402727        1.0000000000000000      -0.10814284883809232      -0.19894856753944962     
   11.000000000000000        7.0000000000000000        3.5000000000000000        4.9715281337439539       0.26438264292483127        1.0000000000000000      -0.12499999994296357      -0.21881275425783642     
   12.000000000000000        7.0000000000000000        4.0000000000000000        5.1433563117640899       0.18557839997330289        1.0000000000000000      -0.10479337365040296      -0.18201584098215814     
   13.000000000000000        8.0000000000000000        4.0000000000000000        5.5744006471375123       0.29957964833773537        1.0000000000000000      -0.12499999930401662      -0.20470403207951471     
   14.000000000000000        8.0000000000000000        4.5000000000000000        5.6887934420455268       0.20897514673133893        1.0000000000000000      -0.10284915734640455      -0.17084600003267930     
   15.000000000000000        5.0000000000000000        2.5000000000000000        3.8047964503103819       0.20686352413665390        1.0000000000000000      -0.12499999997937905      -0.27258691758848891     
   16.000000000000000        5.0000000000000000        3.0000000000000000        4.1430370894310764       0.36035862479468972        1.0000000000000000      -0.11195677528075744      -0.22065480368421891     
   17.000000000000000        5.0000000000000000        3.5000000000000000        4.6024563918296000       0.68262401864930122        1.0000000000000000      -0.10599440075849878      -0.19251367535780287     
   18.000000000000000        5.0000000000000000        3.0000000000000000        4.1441886661906819       0.33313310450227368        1.0000000000000000      -0.11070238304579880      -0.21416703250488822     
   19.000000000000000        5.0000000000000000        2.5000000000000000        3.8679075520321096       0.23925499254291033        1.0000000000000000      -0.12499999999898123      -0.27587156678261926     
   20.000000000000000        5.0000000000000000        3.0000000000000000        4.1781317530337354       0.39661717673804042        1.0000000000000000      -0.11236846186749305      -0.22483029862097004     
   21.000000000000000        5.0000000000000000        3.0000000000000000        4.1906115537522739       0.36873339506829539        1.0000000000000000      -0.11062275592560412      -0.22173796679258018     
   22.000000000000000        5.0000000000000000        3.5000000000000000        4.6357516201120337       0.70616835022140378        1.0000000000000000      -0.10563484187432187      -0.19451403285441576     
   23.000000000000000        6.0000000000000000        3.0000000000000000        4.4426494605795268       0.25159872338348360        1.0000000000000000      -0.12499999871787179      -0.24491010147289097     
   24.000000000000000        6.0000000000000000        3.5000000000000000        4.6557784013826247       0.16718448656525692        1.0000000000000000      -0.10652459381516528      -0.20074087951089553     
   25.000000000000000        6.0000000000000000        3.5000000000000000        4.8165820614653967       0.44193368736411032        1.0000000000000000      -0.11398524975562839      -0.20960194016181574     
   26.000000000000000        6.0000000000000000        4.0000000000000000        5.1545709889438864       0.31324293968985012        1.0000000000000000      -0.10272553174629075      -0.18079733118541846     
   27.000000000000000        6.0000000000000000        3.5000000000000000        4.6180783302427990       0.13630143875688408        1.0000000000000000      -0.10657806940002501      -0.19284638059947348     
   28.000000000000000        6.0000000000000000        4.0000000000000000        5.0351502066455431       0.32363208901811802        1.0000000000000000       -9.8436447544671055E-002 -0.17117798909791218     
   29.000000000000000        5.0000000000000000        3.0000000000000000        4.4426494605795295       0.64674909637249445        1.0000000000000000      -0.12499998776885637      -0.24491008443813311     
   30.000000000000000        5.0000000000000000        3.0000000000000000        4.1616286813060235       0.42887599715594460        1.0000000000000000      -0.11411776185456106      -0.22624522159070326     
   31.000000000000000        6.0000000000000000        3.0000000000000000        4.3869606046650276       0.22630725170730129        1.0000000000000000      -0.12500000013555895      -0.23899301304676027     
   32.000000000000000        6.0000000000000000        3.5000000000000000        4.6355404876776758       0.15331542507293985        1.0000000000000000      -0.10745205070272633      -0.19810388382773955     
   33.000000000000000        6.0000000000000000        3.5000000000000000        4.8007428725802175       0.28340001704634321        1.0000000000000000      -0.11534292051732908      -0.20996833259106076     
   34.000000000000000        6.0000000000000000        4.0000000000000000        5.1487445410719843       0.41218143333762969        1.0000000000000000      -0.10391946835959727      -0.18147467613064039     
   35.000000000000000        6.0000000000000000        4.0000000000000000        5.0543766201003972       0.34570184733071796        1.0000000000000000       -9.8610257190269265E-002 -0.17464523059848019     
   36.000000000000000        7.0000000000000000        4.0000000000000000        5.2804324236424600       0.16203803116892102        1.0000000000000000      -0.10968309440835373      -0.18805928857801960     
   37.000000000000000        7.0000000000000000        4.5000000000000000        5.6043373432544890       0.12741828332160021        1.0000000000000000       -9.7343879309005996E-002 -0.16379206574050090     
   38.000000000000000        6.0000000000000000        3.5000000000000000        5.0509787928944254       0.45241954554183750        1.0000000000000000      -0.12499999812460044      -0.22545974168270150     
   39.000000000000000        6.0000000000000000        4.0000000000000000        5.3028610698597953       0.69013758024152283        1.0000000000000000      -0.11025303193930287      -0.19392473091946441     
   40.000000000000000        6.0000000000000000        4.0000000000000000        5.1574029141424989       0.39771779619391501        1.0000000000000000      -0.10360200260324257      -0.18101214193058099     
   41.000000000000000        7.0000000000000000        4.0000000000000000        5.1650641495467129       0.17809248137683281        1.0000000000000000      -0.10402736961614455      -0.18209768636999418     
   42.000000000000000        7.0000000000000000        4.0000000000000000        5.4388268785036802       0.32788314745652136        1.0000000000000000      -0.11654970644545236      -0.19796703981533326     
   43.000000000000000        7.0000000000000000        4.5000000000000000        5.7012481902287320       0.24514903656492731        1.0000000000000000      -0.10173655303668708      -0.17110415309789648     
   44.000000000000000        8.0000000000000000        4.5000000000000000        5.9179016834622358       0.18853843094176689        1.0000000000000000      -0.11192490364018462      -0.18168049958871332     
   45.000000000000000        8.0000000000000000        5.0000000000000000        6.1689729759939569       0.14555626094255944        1.0000000000000000       -9.6726131228521195E-002 -0.15703868190268122     
   46.000000000000000        6.0000000000000000        3.5000000000000000        4.8060429644640958       0.27077421883405772        1.0000000000000000      -0.11423685571039902      -0.20666197181822615     
   47.000000000000000        6.0000000000000000        3.0000000000000000        4.5000000000000027       0.28515623473908802        1.0000000000000000      -0.12499999698796885      -0.24999997148043521     
   48.000000000000000        6.0000000000000000        3.5000000000000000        4.8496530420706101       0.18355111697047061        1.0000000000000000      -0.11424593836760237      -0.21305773743993819     
   49.000000000000000        6.0000000000000000        4.0000000000000000        5.2974671226485128       0.47690507823553674        1.0000000000000000      -0.10885888117387484      -0.18954659280591546     
   50.000000000000000        6.0000000000000000        3.5000000000000000        4.6481353891131993       0.14352276245111206        1.0000000000000000      -0.10681444222621350      -0.19793789781625706     
   51.000000000000000        6.0000000000000000        3.5000000000000000        4.8332032253147315       0.33858892987680922        1.0000000000000000      -0.11562005485887357      -0.21324835289092126     
   52.000000000000000        6.0000000000000000        4.0000000000000000        5.1710174372588007       0.41294899178661088        1.0000000000000000      -0.10317866289901104      -0.18214799224792136     
   53.000000000000000        7.0000000000000000        3.5000000000000000        5.0509787928944245       0.28257685802900273        1.0000000000000000      -0.12499999863984097      -0.22545974336525187     
   54.000000000000000        7.0000000000000000        4.0000000000000000        5.3144557968434212       0.19117270620023813        1.0000000000000000      -0.10963247130739988      -0.19351831978441036     
   55.000000000000000        7.0000000000000000        4.5000000000000000        5.7082960339640749       0.13042157232942669        1.0000000000000000      -0.10110057920614496      -0.17153271963159206     
   56.000000000000000        6.0000000000000000        4.5000000000000000        5.7050813659389679       0.87669746356758371        1.0000000000000000      -0.10121485799736128      -0.17061531976944980     
   57.000000000000000        7.0000000000000000        4.5000000000000000        5.8183355629699456       0.35103069458849384        1.0000000000000000      -0.10645142888565803      -0.17812169801797867     
   58.000000000000000        7.0000000000000000        5.0000000000000000        6.1759266451383281       0.44609357660767224        1.0000000000000000       -9.6407701253947667E-002 -0.15776981946725058     
   59.000000000000000        7.0000000000000000        3.5000000000000000        5.0019731401188796       0.25894964509146268        1.0000000000000000      -0.12499999996542287      -0.22002134819693661     
   60.000000000000000        7.0000000000000000        4.0000000000000000        5.2955737529689912       0.17770807734641397        1.0000000000000000      -0.11043182961224578      -0.19150023025707397     
   61.000000000000000        7.0000000000000000        4.5000000000000000        5.7006339377358666       0.24468106335383066        1.0000000000000000      -0.10199107653339468      -0.17109927667591981     
   62.000000000000000        7.0000000000000000        4.5000000000000000        5.6144191897076734       0.13329203761264935        1.0000000000000000       -9.7167985939757090E-002 -0.16459163669939583     
   63.000000000000000        7.0000000000000000        4.5000000000000000        5.7019431425488065       0.21332135840340133        1.0000000000000000      -0.10139567346999079      -0.16954064198308594     
   64.000000000000000        7.0000000000000000        5.0000000000000000        6.0969943718388766       0.35038075815305830        1.0000000000000000       -9.3024397621350188E-002 -0.15133357079721499     
   65.000000000000000        7.0000000000000000        4.0000000000000000        5.2912563039749774       0.15915028716343785        1.0000000000000000      -0.10907131111498988      -0.18772728078100634     
   66.000000000000000        8.0000000000000000        4.0000000000000000        5.6324466421119439       0.30215258826866465        1.0000000000000000      -0.12500000002690848      -0.20806754684707093     
   67.000000000000000        8.0000000000000000        4.5000000000000000        5.8250299154246612       0.21031457302093531        1.0000000000000000      -0.10680810738499265      -0.17867570126977136     
   68.000000000000000        8.0000000000000000        4.5000000000000000        5.9424474203309261       0.20521142451626675        1.0000000000000000      -0.11199164521652161      -0.18422936620279218     
   69.000000000000000        8.0000000000000000        5.0000000000000000        6.2595872227222369       0.14514846230818429        1.0000000000000000      -0.10018565801740098      -0.16290491306280594     
   70.000000000000000        8.0000000000000000        5.5000000000000000        6.6714639210912603       0.19845334481184043        1.0000000000000000       -9.2999813921131519E-002 -0.14727858034099528     
   71.000000000000000        8.0000000000000000        5.0000000000000000        6.3486308554543962       0.26043603010708405        1.0000000000000000      -0.10430439093813614      -0.16731148374563679     
   72.000000000000000        9.0000000000000000        4.5000000000000000        6.2320508075688750       0.33420229304054139        1.0000000000000000      -0.12499999992619397      -0.19591327974289380     
   73.000000000000000        9.0000000000000000        5.0000000000000000        6.4578153282256405       0.23261816099784599        1.0000000000000000      -0.10903326093083390      -0.17234533768135646     
   74.000000000000000        9.0000000000000000        5.5000000000000000        6.8152074061126289       0.16488699266255785        1.0000000000000000       -9.9321736097633534E-002 -0.15558529174220265     
   75.000000000000000        9.0000000000000000        6.0000000000000000        7.1843308406797668       0.11453307270875834        1.0000000000000000       -9.0551379811764393E-002 -0.13932226560334410     
   76.000000000000000        5.0000000000000000        3.5000000000000000        4.6445071660054955       0.67485633610288898        1.0000000000000000      -0.10340898002460765      -0.18992798880459921     
   77.000000000000000        6.0000000000000000        3.5000000000000000        4.6665173914874778       0.15156429696142307        1.0000000000000000      -0.10584688047995833      -0.19956192279322932     
   78.000000000000000        6.0000000000000000        4.0000000000000000        5.0767738308165828       0.34915210596819635        1.0000000000000000       -9.7270142932325582E-002 -0.17725465326612097     
   79.000000000000000        6.0000000000000000        4.0000000000000000        5.1629614602094831       0.29996572554344125        1.0000000000000000      -0.10152361097533683      -0.17774147480832111     
   80.000000000000000        6.0000000000000000        4.5000000000000000        5.6125388027119891       0.71167364535833555        1.0000000000000000       -9.5789987068956195E-002 -0.16338620723278474     
   81.000000000000000        7.0000000000000000        4.5000000000000000        5.7296029588501174       0.28644981285418408        1.0000000000000000      -0.10132015819148373      -0.17510015501364742     
   82.000000000000000        6.0000000000000000        4.0000000000000000        5.2914276797093542       0.48217199767377711        1.0000000000000000      -0.10758703313091676      -0.18534408313526551     
   83.000000000000000        7.0000000000000000        4.5000000000000000        5.7084271997699876       0.13933716326978887        1.0000000000000000      -0.10051293843879881      -0.16953328458422537     
   84.000000000000000        7.0000000000000000        4.5000000000000000        5.6201601300851669       0.12432292554963194        1.0000000000000000       -9.6589072564493506E-002 -0.16455948156195413     
   85.000000000000000        7.0000000000000000        4.5000000000000000        5.8077965752165417       0.22259798413922985        1.0000000000000000      -0.10509596144362573      -0.17386478881126263     
   86.000000000000000        7.0000000000000000        5.0000000000000000        6.1773400753164349       0.38997090709141735        1.0000000000000000       -9.5738696695442882E-002 -0.15715231960149281     
   87.000000000000000        8.0000000000000000        5.0000000000000000        6.3352388638531547       0.12865240013744300        1.0000000000000000      -0.10300251811209261      -0.16320498841204290     
   88.000000000000000        8.0000000000000000        5.5000000000000000        6.6710634691400106       0.10717183347501902        1.0000000000000000       -9.2376604036953289E-002 -0.14669114222059129     
   89.000000000000000        7.0000000000000000        5.0000000000000000        6.1017553157589282       0.34168054042793383        1.0000000000000000       -9.2713559955398303E-002 -0.15126358952613844     
   90.000000000000000        7.0000000000000000        5.5000000000000000        6.5506098147980465       0.63816653317661665        1.0000000000000000       -8.7467694334618235E-002 -0.13758544381877247     
   91.000000000000000        8.0000000000000000        5.0000000000000000        6.1793527576611096       0.15661238904051403        1.0000000000000000       -9.6035832367572418E-002 -0.15702437320903426     
   92.000000000000000        8.0000000000000000        5.0000000000000000        6.2706057959096428       0.15620897660875810        1.0000000000000000      -0.10003785514058887      -0.16396442157412139     
   93.000000000000000        8.0000000000000000        5.5000000000000000        6.6739006095379860       0.11710356635308417        1.0000000000000000       -9.2606697762743662E-002 -0.14709849445789941     
   94.000000000000000        8.0000000000000000        6.0000000000000000        7.1313740487009394       0.32001356208531362        1.0000000000000000       -8.7950381542091449E-002 -0.13557711032627615     
   95.000000000000000        6.0000000000000000        4.0000000000000000        5.3267730648126586       0.57593984377626861        1.0000000000000000      -0.10905298953576492      -0.19353175309955301     
   96.000000000000000        7.0000000000000000        4.0000000000000000        5.4688961978747281       0.18722617495705257        1.0000000000000000      -0.11672104430082549      -0.20090978095331702     
   97.000000000000000        7.0000000000000000        4.5000000000000000        5.8315208411306818       0.27822443845845757        1.0000000000000000      -0.10605610848869068      -0.17904709294373364     
   98.000000000000000        7.0000000000000000        5.0000000000000000        6.2672865184197120       0.51482266507360785        1.0000000000000000       -9.9681978961535758E-002 -0.16370348200948920     
   99.000000000000000        7.0000000000000000        4.5000000000000000        5.9392224676436038       0.40081619590666212        1.0000000000000000      -0.11083013091108998      -0.18154167069801766     
   100.00000000000000        7.0000000000000000        5.0000000000000000        6.2574701425095931       0.50499139359807743        1.0000000000000000       -9.9507479287769984E-002 -0.16138936252465280     
   101.00000000000000        8.0000000000000000        5.0000000000000000        6.3517951287606360       0.15078418834862387        1.0000000000000000      -0.10362805923495749      -0.16645906069493296     
   102.00000000000000        8.0000000000000000        5.5000000000000000        6.7435454919578648       0.23005860706914072        1.0000000000000000       -9.5572330927910426E-002 -0.15157455845253864     
   103.00000000000000        8.0000000000000000        6.0000000000000000        7.1855302840270117       0.42176731734218553        1.0000000000000000       -9.0146789925422660E-002 -0.13926587557338146     
   104.00000000000000        9.0000000000000000        6.5000000000000000        7.6591476318382252        9.7417936798086441E-002   1.0000000000000000       -8.6406339337611132E-002 -0.12992912102139426     
   105.00000000000000        9.0000000000000000        5.5000000000000000        6.8191803235205350       0.17451322771490993        1.0000000000000000       -9.8963861528997096E-002 -0.15522836110674407     
   106.00000000000000        8.0000000000000000        5.5000000000000000        6.7461928041985244       0.41802648434478595        1.0000000000000000       -9.5833228233098811E-002 -0.15177032894235157     
   107.00000000000000        8.0000000000000000        5.5000000000000000        6.8108769131665650       0.30243776081423024        1.0000000000000000       -9.8600373892429552E-002 -0.15421062459138388     
   108.00000000000000        9.0000000000000000        6.0000000000000000        7.2440163888800280       0.13194583831436676        1.0000000000000000       -9.2659125305836421E-002 -0.14255262202964991     
   109.00000000000000        8.0000000000000000        6.0000000000000000        7.3001976354058806       0.67669553712860508        1.0000000000000000       -9.5049629253733225E-002 -0.14506702724092829     
   110.00000000000000        9.0000000000000000        6.5000000000000000        7.7065919543162424       0.21074953009423003        1.0000000000000000       -8.8331894931810623E-002 -0.13278024953997480     
   111.00000000000000        9.0000000000000000        7.0000000000000000        8.1503639077153860       0.32789680927146625        1.0000000000000000       -8.3617286776627234E-002 -0.12270034238564446     
   112.00000000000000        9.0000000000000000        7.5000000000000000        8.6191880477822735       0.67133980712544472        1.0000000000000000       -8.0217454362840571E-002 -0.11489607172933143     
