   1.0000000000000000        4.0000000000000000        1.9999999999999998        3.9999999999999942       0.99999999999998357        2.0000000000000000      -0.12499999601215701       0.12500000207290252        0.0000000000000000      -0.50000001701269803      -0.99999996552773252        0.0000000000000000     
   2.0000000000000000        4.0000000000000000        1.9999999999999998        3.7996212120121160       0.85013249464784990        3.0000000000000000      -0.17934890957244412      -0.12193835612963394       -7.7927575325175316E-002 -0.21767844149934898      -0.39075256760489629      -0.39470926113005977     
   3.0000000000000000        4.0000000000000000        2.4999999999999996        3.9485910206326174       0.97444337773948919        3.0000000000000000      -0.10492842835017442        8.6825465110463351E-002  -9.4438342385537527E-002 -0.15433092275568508       0.54889754539120283      -0.97085020907874919     
   4.0000000000000000        4.0000000000000000        2.4999999999999996        3.9655469487114368       0.97490793687518140        3.0000000000000000      -0.16234849591482847       -8.8116040165801476E-002  -5.2070205455572179E-002 -0.15758128214983169      -0.35235917335402434      -0.41515832307971295     
   5.0000000000000000        5.0000000000000000        2.4999999999999996        4.8312947941446565       0.89061354179217322        3.0000000000000000      -0.18180834989288813      -0.15859004931933574       -8.6580024423001861E-002 -0.17356481630643697      -0.32119384183378286      -0.33958841779850757     
   6.0000000000000000        5.0000000000000000        2.9999999999999996        4.5039798561338893       0.54324610022275688        3.0000000000000000      -0.14341625086531920       0.16033046814141788      -0.23784199680021020      -0.14746787103081038      -0.41592041129437485       0.10170101136495314     
   7.0000000000000000        6.0000000000000000        2.9999999999999996        5.9474217713142830       0.98298844407735619        3.0000000000000000      -0.18060172673892880      -0.17357819782588677       -8.8616759166100678E-002 -0.14326734433524979      -0.27656308517810202      -0.29601000999379423     
   8.0000000000000000        6.0000000000000000        3.4999999999999996        5.8601946951027095       0.95959514298144699        3.0000000000000000      -0.11670155067593709       0.19442894704917599       0.19016660596414542      -0.19752568220277797      -0.36090768393737060       0.16717518201166057     
   9.0000000000000000        4.0000000000000000        1.9999999999999998        3.7728167585051096       0.81131442695269684        3.0000000000000000      -0.20367796027560112      -0.16509763551533224       -9.1529302731506931E-002 -0.23919160548401494      -0.46422479841878300      -0.50851508809337698     
   10.000000000000000        4.0000000000000000        2.4999999999999996        3.9556473297921473       0.97407086746346239        3.0000000000000000       -7.7607451076868283E-002 -0.14034610621970797       0.21140265948613751      -0.38995640647821017       0.90551404968891203      -0.17237851048904268     
   11.000000000000000        4.0000000000000000        2.9999999999999996        3.9999999999999991       0.99999999999999889        3.0000000000000000      -0.15850139878068784       -7.4235785140526381E-002  -2.8593354210991368E-002  -9.7378234616679521E-002 -0.21931333730757072      -0.27828394206426432     
   12.000000000000000        5.0000000000000000        2.9999999999999996        4.6442739426392912       0.74047863911161016        3.0000000000000000      -0.15894035801439885      -0.11561715619323079       -8.1534382421861562E-002 -0.18339023072211372      -0.33197333943964202      -0.38201137965097687     
   13.000000000000000        5.0000000000000000        3.4999999999999996        4.9648770447788468       0.97422751111013173        3.0000000000000000      -0.17693420353919548       -8.5280248573496351E-002   9.7986071154506291E-002 -0.21832016714867317      -0.27000135067406889       0.49070091581726183     
   14.000000000000000        4.0000000000000000        2.4999999999999996        4.0000000000000000       0.99999999999994338        2.0000000000000000      -0.17556276282653965       -8.3520820738320109E-002   0.0000000000000000      -0.16704164651012288      -0.35112555816438185        0.0000000000000000     
   15.000000000000000        5.0000000000000000        2.9999999999999996        4.8261918883047752       0.85043108311971771        3.0000000000000000      -0.17016696571807510      -0.12766431487721677       -6.5070935843719008E-002 -0.15085916737591668      -0.30057722241726714      -0.33289582816127006     
   16.000000000000000        5.0000000000000000        3.4999999999999996        4.8553353083447641       0.87317716849768667        3.0000000000000000      -0.13941882718374868       0.15219825856024899      -0.22337520178596709      -0.12401700534908817      -0.37647215863982858        6.4325757028560457E-002
   17.000000000000000        6.0000000000000000        3.9999999999999996        5.5894464856962580       0.73600289257486673        3.0000000000000000      -0.24876159182073332       0.12688724022882533       0.22556493272400807       0.66381462904998589       0.58203624468342263      -0.25266698074705296     
   18.000000000000000        6.0000000000000000        3.4999999999999996        5.7807007185157717       0.84528293152521716        3.0000000000000000      -0.15092860630008195      -0.14051609955056493       -8.8143170384850603E-002 -0.14403381247318836      -0.29069701352431948      -0.29116081963688967     
   19.000000000000000        6.0000000000000000        3.9999999999999996        5.9150190111349055       0.94859315947944101        3.0000000000000000      -0.19742410602299168      -0.11041217963989070      -0.12621727145922107      -0.21145846663238022      -0.31714259279749241      -0.47300884994358661     
   20.000000000000000        6.0000000000000000        4.4999999999999991        5.9988526633793517       0.99908191685693892        3.0000000000000000      -0.22370230204320829      -0.22287694935209684       0.14549072259253720       0.75796636846325660      -0.20086730691132801      -0.64836532606973718     
   21.000000000000000        6.0000000000000000        4.9999999999999991        5.9999999999999964       0.99999999999999245        2.0000000000000000      -0.10452314424900590       -3.7090111455910242E-002   0.0000000000000000       -7.9709250062163339E-002 -0.23013444861437463        0.0000000000000000     
