   1.0000000000000000        5.0000000000000000        2.5000000000000000        4.9754805052359989       0.98665641984712416        3.0000000000000000      -0.20099564542781329      -0.12275019262520849       0.10918481389633006      -0.43930873767169820       0.23731044750115884       0.17951375083589544     
   2.0000000000000000        5.0000000000000000        2.5000000000000000        4.6708669170284498       0.76064690697605675        3.0000000000000000      -0.15782853849649467       -9.3281604856574510E-002  -7.3146878139260713E-002 -0.20476868706026413      -0.33727417832379908      -0.30840246173300923     
   3.0000000000000000        5.0000000000000000        3.0000000000000000        4.7625462027567060       0.84936060778377631        3.0000000000000000      -0.14363740659204494       -7.9170436131036026E-002  -6.2016334924720966E-002 -0.17653025480908185      -0.27318086408647535      -0.24921316132218516     
   4.0000000000000000        5.0000000000000000        2.5000000000000000        4.6541618267631710       0.74364899298326814        3.0000000000000000      -0.18109061574761254      -0.11748266165393939       -7.4183687212886346E-002 -0.17310192115446532      -0.36915760908627615      -0.38376116616061018     
   5.0000000000000000        5.0000000000000000        2.5000000000000000        4.5759983250779159       0.63276047217411857        3.0000000000000000      -0.18251189373504106      -0.12469015638290273       -6.8169198674815648E-002 -0.19611348328953529      -0.36875476274223024      -0.39381842434794490     
   6.0000000000000000        5.0000000000000000        3.0000000000000000        4.8615941105021943       0.89576828126714636        3.0000000000000000      -0.14295901775370481       -8.2498727355202653E-002  -5.6381568852982268E-002 -0.16478196476347015      -0.31502948457003216      -0.32368212459256018     
   7.0000000000000000        6.0000000000000000        3.0000000000000000        5.5794521759837421       0.76532311995512003        3.0000000000000000      -0.17250514789467977      -0.13126235884169393       -7.7826218875360287E-002 -0.17540865461122587      -0.28701138130943499      -0.27741062596034732     
   8.0000000000000000        6.0000000000000000        3.5000000000000000        5.3317880699781472       0.47354965940539007        3.0000000000000000       -6.3763353461809211E-002  0.10734968867195332        7.8429344761079711E-002 -0.31358760625221110       0.59360425784955273       0.38408824713410233     
   9.0000000000000000        6.0000000000000000        3.0000000000000000        5.6150116542824557       0.76127926457449169        3.0000000000000000      -0.18781631704113091      -0.15638024370184517       -8.9876570091972433E-002 -0.18001732394855133      -0.31854644390629988      -0.33358607717621142     
   10.000000000000000        6.0000000000000000        3.5000000000000000        5.3600562648522860       0.40545063085931554        3.0000000000000000      -0.14548081745978506       -8.9591015760046480E-002  -6.0915970458242472E-002 -0.15075292053058867      -0.26499214902568308      -0.29679480980484557     
   11.000000000000000        7.0000000000000000        3.5000000000000000        6.6538075415833955       0.80738288773037514        3.0000000000000000      -0.18180378390370952      -0.15980165370375188       -8.7381927225209058E-002 -0.14863039539972964      -0.26439540293995539      -0.26847705505691050     
   12.000000000000000        7.0000000000000000        4.0000000000000000        6.2471761963628216       0.63050159332882161        3.0000000000000000       -6.8651969667471613E-002  0.22840163758128762       0.10886185711925454       0.37101031731361528      -0.17565444567666422       0.33211068695415297     
   13.000000000000000        8.0000000000000000        4.0000000000000000        7.8139410529010727       0.94333385082681143        3.0000000000000000      -0.19889222425061281      -0.17932794591337206       -8.8407138597817694E-002 -0.16769530117873724      -0.25322972539421562      -0.28359662812596892     
   14.000000000000000        8.0000000000000000        4.5000000000000000        7.9495495407736154       0.98682828717621551        3.0000000000000000      -0.11807716703689973       0.24478052206582410       0.13019346601151188      -0.26264553262785689      -0.83863204643572398       0.18467912556312124     
   15.000000000000000        5.0000000000000000        2.5000000000000000        4.6394976015136953       0.73647130371877834        3.0000000000000000      -0.17732676127304761      -0.12569611555465832       -7.9750336510485645E-002 -0.22401946646761603      -0.37863605515913751      -0.39695790465542974     
   16.000000000000000        5.0000000000000000        3.0000000000000000        4.7053794340731425       0.74723801813796298        3.0000000000000000      -0.15467468073500487       -8.8465128624002534E-002  -6.0458382417209022E-002 -0.17954555090807145      -0.29239298084092291      -0.31473015919735348     
   17.000000000000000        5.0000000000000000        3.5000000000000000        4.9999999999999982       0.99999999999999600        3.0000000000000000      -0.24999999415982949      -0.24999999064075212      -0.12499999921095770      -0.25000001653190224       0.99999999724848621       0.75000000666743072     
   18.000000000000000        5.0000000000000000        3.0000000000000000        4.8699027336396972       0.92391689413397937        3.0000000000000000      -0.15989080873909201      -0.11856772160726445       -7.3232259277857301E-002 -0.18325732836440028      -0.36416073286818201      -0.35703229112579105     
   19.000000000000000        5.0000000000000000        2.5000000000000000        4.6057569977496140       0.64252290876943863        3.0000000000000000      -0.20674069404478837      -0.16858609389269058       -8.8938961257980217E-002 -0.22373773681471570      -0.43543769304566371      -0.49032538994355701     
   20.000000000000000        5.0000000000000000        3.0000000000000000        4.8701052692717184       0.89420703459866124        3.0000000000000000      -0.16093192754088725       -9.9138569271915444E-002  -6.1404757190540678E-002 -0.18022394017802154      -0.36005736793430626      -0.41114412072562917     
   21.000000000000000        5.0000000000000000        3.0000000000000000        4.7531259222177171       0.84814818212511234        3.0000000000000000      -0.15997031512516818      -0.12914467151737483      -0.22829085339383540      -0.51581736531396727      -0.96022048417957095      -0.23356709111674590     
   22.000000000000000        5.0000000000000000        3.5000000000000000        4.9297565022495151       0.94768626232235686        3.0000000000000000      -0.14321248071858458       -7.5178967547517725E-002  -4.0193977824291592E-002 -0.14206190442254393      -0.27459261639838195      -0.34531297905794756     
   23.000000000000000        6.0000000000000000        3.0000000000000000        5.5876906224201504       0.69396183670758949        3.0000000000000000      -0.19092854150342056      -0.15933307324604554       -8.3694152109885595E-002 -0.17869871528998441      -0.31793797031089605      -0.36161351308403300     
   24.000000000000000        6.0000000000000000        3.5000000000000000        5.3376950337176527       0.43892415613092400        3.0000000000000000      -0.15054398934226729       0.15726158538728019      -0.24240223951710044      -0.14279408806959953      -0.40329790191430642        9.6776477372015113E-002
   25.000000000000000        6.0000000000000000        3.5000000000000000        5.8538517072397598       0.93719877942392138        3.0000000000000000      -0.16836210313669658      -0.12666752963172187       -7.6481304314491794E-002 -0.17155638559100253      -0.27624910202254177      -0.26901040657988790     
   26.000000000000000        6.0000000000000000        4.0000000000000000        5.7123733790039752       0.75894532854365337        3.0000000000000000      -0.20385529924835205       0.10473369145662570      -0.13673989586733898      -0.81091322067167171      -0.91205187884679684       0.82697740947786225     
   27.000000000000000        6.0000000000000000        3.5000000000000000        5.5319877846269847       0.67478092836471992        3.0000000000000000      -0.14436891145348554       -9.6480308077069463E-002  -7.4472043613171196E-002 -0.16880547993348957      -0.32641099043374155      -0.31725427204481893     
   28.000000000000000        6.0000000000000000        4.0000000000000000        5.7680037088786920       0.85500245892518623        3.0000000000000000      -0.17440781103959110       -7.9104179611064140E-002   7.9479002778210531E-002 -0.17261378914078390      -0.26896408611801093       0.44297189103313495     
   29.000000000000000        5.0000000000000000        3.0000000000000000        4.9168951854743659       0.93104049777498443        3.0000000000000000      -0.18232324235855832      -0.11879422114064862       -4.6933035256440901E-002 -0.15512826921342049      -0.31359704774713754      -0.38787599228297021     
   30.000000000000000        5.0000000000000000        3.0000000000000000        4.9217038788993595       0.94865938910637504        3.0000000000000000      -0.18838459151944417       -9.1651847247896948E-002  -6.5645636803372306E-002 -0.15065291295708583      -0.33839276337249741      -0.44802283230501327     
   31.000000000000000        6.0000000000000000        3.0000000000000000        5.6448499690462128       0.79661010320670544        3.0000000000000000      -0.18414319842273083      -0.15705896561505533       -9.2411647900086824E-002 -0.17677771244522575      -0.31222739763889518      -0.33106365546172700     
   32.000000000000000        6.0000000000000000        3.5000000000000000        5.3807190397791942       0.46805835182689581        3.0000000000000000      -0.14395210111337919       -9.2130217119082952E-002  -5.9681765249272406E-002 -0.14173474135756861      -0.28845901372526117      -0.33171224084125539     
   33.000000000000000        6.0000000000000000        3.5000000000000000        5.6172314378554651       0.68879779587047341        3.0000000000000000      -0.16756227113965774      -0.11574188511150603       -6.3246672191646425E-002 -0.15181310507864434      -0.27691135009896273      -0.29947920322771659     
   34.000000000000000        6.0000000000000000        4.0000000000000000        5.7416225861797381       0.80285690191480819        3.0000000000000000      -0.13546977971573565       -8.3848434169705222E-002  -5.3220789181281793E-002 -0.11245716368150646      -0.25157463823066417      -0.30156070628062548     
   35.000000000000000        6.0000000000000000        4.0000000000000000        5.8331464549622103       0.88572035740857769        3.0000000000000000      -0.12100802335783062       -7.0445584637179717E-002  -6.1513680367600854E-002 -0.13349537641817033      -0.27472853038587558      -0.35988746550491418     
   36.000000000000000        7.0000000000000000        4.0000000000000000        6.5025336354480414       0.71105119609997314        3.0000000000000000      -0.16297197604626751      -0.13567937947011491       -8.3667023229978377E-002 -0.14624170630079994      -0.28107812343552890      -0.28386821151774999     
   37.000000000000000        7.0000000000000000        4.5000000000000000        6.2757952738614140       0.36408739581767724        3.0000000000000000      -0.18924638295525487       -7.2052030568455980E-002   8.1313103746022589E-002 -0.17197923412349525      -0.24965585525004172       0.39306636332554540     
   38.000000000000000        6.0000000000000000        3.5000000000000000        5.7879620665791807       0.81896784029111980        3.0000000000000000      -0.19130223105162580      -0.13850436401501143       -6.4668560800962671E-002 -0.15704307095329076      -0.29154210175999834      -0.36439374829733856     
   39.000000000000000        6.0000000000000000        4.0000000000000000        5.9720753621008775       0.98930535470198944        3.0000000000000000      -0.15859985089524370       -9.8337506093088570E-002  -5.0885718416055922E-002 -0.12060881334007593      -0.23097956366517577      -0.25621988778110721     
   40.000000000000000        6.0000000000000000        4.0000000000000000        5.7255470271868516       0.76352982207862130        3.0000000000000000      -0.14588259653511429       -8.8889565721110161E-002  -5.3832773342643497E-002 -0.13313855361950844      -0.25512125383323214      -0.30423813108405351     
   41.000000000000000        7.0000000000000000        4.0000000000000000        6.3023684390066981       0.64092360588302177        3.0000000000000000      -0.14671466171036496       0.17925236533906955       0.21424728329435766      -0.15564575752298926      -0.33965017666689334       0.10129744792282272     
   42.000000000000000        7.0000000000000000        4.0000000000000000        6.7589764186233268       0.87870172549014525        3.0000000000000000      -0.17570172751018678      -0.14769217932942263       -7.9375890811312036E-002 -0.14705240726999996      -0.26371250264338075      -0.27785017316146643     
   43.000000000000000        7.0000000000000000        4.5000000000000000        6.4625542400670586       0.58652691346320318        3.0000000000000000      -0.14312752936627712       0.17009769926039536       0.23788563317940739      -0.13478995733686250      -0.32961992154207398        7.3518914610177580E-002
   44.000000000000000        8.0000000000000000        4.5000000000000000        7.6792971449548091       0.83830238012390945        3.0000000000000000      -0.18821913841464863      -0.16233335147729644       -8.8402541933318507E-002 -0.16699853825803412      -0.26434964976050895      -0.29228426290744530     
   45.000000000000000        8.0000000000000000        5.0000000000000000        7.3261848874956650       0.79642380537639013        3.0000000000000000      -0.17392030373494421      -0.18725880818125554      -0.12461231151582564      -0.25434327290473235      -0.27552614845775747      -0.37967331014741279     
   46.000000000000000        6.0000000000000000        3.5000000000000000        5.7166607832786740       0.79214038983273216        3.0000000000000000      -0.16877548335189355      -0.13035211165128766       -7.4761697404716623E-002 -0.15571789099397365      -0.30865686626819844      -0.33086432121681725     
   47.000000000000000        6.0000000000000000        3.0000000000000000        5.9999999999999929        1.0000000000000000        3.0000000000000000      -0.18837283715751268      -0.19647880760275682      -0.14998327472489428      -0.29996655216104173      -0.39295761556583531      -0.37674567254162944     
   48.000000000000000        6.0000000000000000        3.5000000000000000        5.4302584887820267       0.55299462587758841        3.0000000000000000       -9.5387612574745914E-002 -0.24646542501719318      -0.14855118980878684       0.62747804732060164      -0.47323787418554564      -0.15371364154004058     
   49.000000000000000        6.0000000000000000        4.0000000000000000        5.8296654308896079       0.90307748977552083        3.0000000000000000      -0.20685675861581113       0.11437586197415563       0.23370400935702709       0.18551835832446498       0.35847215127584831       0.89583858967297747     
   50.000000000000000        6.0000000000000000        3.5000000000000000        5.4949571929349110       0.60173067821019688        3.0000000000000000      -0.18531889878029417      -0.10422646510110038       -7.5948744038574323E-002 -0.16416164046002638      -0.32184623132403639      -0.41956570611783889     
   51.000000000000000        6.0000000000000000        3.5000000000000000        5.7084892448139524       0.74541240163593725        3.0000000000000000      -0.17558151798629690      -0.12183223057411970       -6.1563385974394397E-002 -0.14319832983091907      -0.29905929404079806      -0.35249937298549683     
   52.000000000000000        6.0000000000000000        4.0000000000000000        5.7879706153537720       0.83355396723911179        3.0000000000000000      -0.13876855832391294       -8.5965541498327025E-002  -5.3824461156389010E-002 -0.12486407705584032      -0.27716979269090963      -0.33329836261614665     
   53.000000000000000        7.0000000000000000        3.5000000000000000        6.7436622125595642       0.90757803044395113        3.0000000000000000      -0.18988772409056284      -0.17857459182881252      -0.10590196644843536      -0.18270369090088889      -0.29067170578237617      -0.33361073772205474     
   54.000000000000000        7.0000000000000000        4.0000000000000000        6.3363561146614797       0.60282776977835495        3.0000000000000000      -0.17111885847485903      -0.13356948643127908       -7.9845660917248554E-002 -0.15666142607088951      -0.27098079675987097      -0.31561586481409731     
   55.000000000000000        7.0000000000000000        4.5000000000000000        6.2564734869094130       0.40160148608709390        3.0000000000000000      -0.15442393646138636       -8.7189822675754300E-002  -5.7107045845162220E-002 -0.15237997173238879      -0.31204863614346762      -0.44976996419921816     
   56.000000000000000        6.0000000000000000        4.5000000000000000        5.9965379501580731       0.99884129440654368        3.0000000000000000      -0.19349680873248087       -4.9886355247030896E-002   6.4119426251004863E-002 -0.12664012458454085      -0.21942667958370174       0.30811455709524072     
   57.000000000000000        7.0000000000000000        4.5000000000000000        6.6995543477025690       0.77802083173858227        3.0000000000000000      -0.15889357818553604      -0.11647471451720505       -6.3200383946236643E-002 -0.12572675758138874      -0.24527937852684620      -0.27303543520970258     
   58.000000000000000        7.0000000000000000        5.0000000000000000        6.7207303635707891       0.76381786925069250        3.0000000000000000      -0.13442890638100055       0.17749274560321437       0.24426858958173683      -0.11145441379479044      -0.30972425039593598        4.7708742722854997E-002
   59.000000000000000        7.0000000000000000        3.5000000000000000        6.7169068456556014       0.81867737503727933        3.0000000000000000      -0.18399145307818102      -0.17190120172856327       -9.1696867196932472E-002 -0.15455957839435475      -0.27249713901468653      -0.29984261358343189     
   60.000000000000000        7.0000000000000000        4.0000000000000000        6.4361996241056092       0.56916271545864561        3.0000000000000000      -0.15869279094952976      -0.12848623857181179       -7.3207612817193554E-002 -0.13817076585689483      -0.26757306374971251      -0.29057705947276463     
   61.000000000000000        7.0000000000000000        4.5000000000000000        6.7041583893825232       0.81930404638852483        3.0000000000000000      -0.18757653913639352       -8.9724493840762670E-002   8.0638924776451695E-002 -0.17778700672256156      -0.28547957992134371       0.45577326864336759     
   62.000000000000000        7.0000000000000000        4.5000000000000000        6.2630796728048628       0.35130535429068088        3.0000000000000000      -0.13347278729475973       -8.1607734274574947E-002  -6.0440852998972387E-002 -0.12345158509001494      -0.22977167297298501      -0.29764381169730747     
   63.000000000000000        7.0000000000000000        4.5000000000000000        6.6064755954473844       0.73865735106523245        3.0000000000000000      -0.13260320907737891      -0.10831483877335052       -7.4059655932811413E-002 -0.12696801318369041      -0.26864845136722332      -0.26851852518285935     
   64.000000000000000        7.0000000000000000        5.0000000000000000        6.8000380957490796       0.86763383079851286        3.0000000000000000      -0.11364650719049608       -7.1838287317942312E-002  -6.6038830477436555E-002 -0.10418218036312892      -0.25360662814777907      -0.32858628423555902     
   65.000000000000000        7.0000000000000000        4.0000000000000000        6.6946520548641137       0.83890446803752539        3.0000000000000000      -0.15066203165032743      -0.14223926053612035       -9.3879668810621625E-002 -0.15998487906199516      -0.29670865335470548      -0.30035774639382379     
   66.000000000000000        8.0000000000000000        4.0000000000000000        7.8033268370395072       0.94370722105857807        3.0000000000000000      -0.18850106987033899      -0.18540709187863516      -0.10010094737269123      -0.15288057224111662      -0.24978647578048294      -0.29187845422976200     
   67.000000000000000        8.0000000000000000        4.5000000000000000        7.4103368232358626       0.81408739000645125        3.0000000000000000      -0.16659603571633275      -0.15383103377788540       -9.4800448113458974E-002 -0.15000840003697641      -0.25166605633166672      -0.28164905083505337     
   68.000000000000000        8.0000000000000000        4.5000000000000000        7.5143082587416519       0.75140888267162920        3.0000000000000000      -0.17370216486386642      -0.15556999466411539       -8.6392979446042878E-002 -0.15054528715550505      -0.25599561196897153      -0.29059388021347266     
   69.000000000000000        8.0000000000000000        5.0000000000000000        7.2710668584603937       0.55165951351588438        3.0000000000000000      -0.15450468692270913      -0.12371359107351289       -7.6046017029809690E-002 -0.12757733001712432      -0.25850352177503216      -0.28241400182535892     
   70.000000000000000        8.0000000000000000        5.5000000000000000        7.4363433912752326       0.62610924785141320        3.0000000000000000      -0.12844139492619933       -9.8312077397646108E-002  -7.3731026825759549E-002 -0.11011772658618806      -0.26098651302955650      -0.28298387677333164     
   71.000000000000000        8.0000000000000000        5.0000000000000000        7.6542171059795230       0.81720559058158859        3.0000000000000000      -0.15065442570871143      -0.13419258160963829       -8.0829108139431713E-002 -0.11099058099860513      -0.23797173922381382      -0.23238614611373673     
   72.000000000000000        9.0000000000000000        4.5000000000000000        8.8578602549639545       0.97139134522035420        3.0000000000000000      -0.18625098831115208      -0.18903389241141524       -9.8716552733407514E-002 -0.13504707398301694      -0.21900784480637606      -0.26180157242471813     
   73.000000000000000        9.0000000000000000        5.0000000000000000        8.6413417442259810       0.91004902636048457        3.0000000000000000      -0.17161578284311488      -0.17062990434504297       -9.6338133059135342E-002 -0.14717337790809562      -0.23142058001945068      -0.26515133015347653     
   74.000000000000000        9.0000000000000000        5.5000000000000000        8.3820401563222653       0.71094413444419113        3.0000000000000000      -0.17043347874673634      -0.16857448492035598       -9.2492415008958689E-002 -0.14902870000672289      -0.25235403183202565      -0.26771980943023660     
   75.000000000000000        9.0000000000000000        6.0000000000000000        8.4604705459512335       0.75984497173004550        3.0000000000000000      -0.12368470874593485      -0.11904895500300121       -9.8925974513500131E-002 -0.13407803216103423      -0.30179072083047948      -0.26493183418481625     
   76.000000000000000        5.0000000000000000        3.5000000000000000        4.9999999999999982       0.99999999999999811        3.0000000000000000      -0.24999999311200563      -0.24999998913399812      -0.12500000333554340      -0.25000000894896446       0.99999999138695517       0.75000000908823306     
   77.000000000000000        6.0000000000000000        3.5000000000000000        5.5092582946024669       0.61655888570241946        3.0000000000000000      -0.15979615692419499      -0.11641193428190656       -7.9679741829811052E-002 -0.18447190422752882      -0.32353274073775584      -0.38594470145668625     
   78.000000000000000        6.0000000000000000        4.0000000000000000        5.6916177755612107       0.74367688829141387        3.0000000000000000      -0.13768863370449244       0.18390493558771001       0.24365505748187122      -0.14384759439161485      -0.41475401553531072        6.2657629313683377E-002
   79.000000000000000        6.0000000000000000        4.0000000000000000        5.5968137814793959       0.68600764891717025        3.0000000000000000      -0.15392713382311290      -0.10408537397775330       -6.7789553840987782E-002 -0.16351624495850189      -0.28772028492512336      -0.31931083312913933     
   80.000000000000000        6.0000000000000000        4.5000000000000000        5.9693294130799943       0.97806752543801478        3.0000000000000000      -0.10464696471229998       -3.7570687523651759E-002   3.5050326677376370E-002 -0.10682879731058777      -0.27910746575606760       0.67533908906103790     
   81.000000000000000        7.0000000000000000        4.5000000000000000        6.5831249817308199       0.64390778162446138        3.0000000000000000      -0.14145358982261261       0.16478165046822518       0.24683347349749810      -0.12158911256032734      -0.36420068690099561        6.6828590314145009E-002
   82.000000000000000        6.0000000000000000        4.0000000000000000        5.9263102614791165       0.95053824429297706        3.0000000000000000      -0.15743543988313913      -0.10180921117133000       -5.8463129321080387E-002 -0.13599366246336292      -0.30223017606695080      -0.34068376406042400     
   83.000000000000000        7.0000000000000000        4.5000000000000000        6.2612415843495182       0.33779672078319306        3.0000000000000000      -0.14307417271598336       -9.0603063098216780E-002  -5.8774766510465710E-002 -0.12866615884605448      -0.25255441896688169      -0.30500113688467528     
   84.000000000000000        7.0000000000000000        4.5000000000000000        6.3081976012746397       0.47383681115444454        3.0000000000000000      -0.15987503355478197      -0.10587491527729742      -0.16156171231819372       0.81754778987319787       0.89013878856292694      -0.78108796477981968     
   85.000000000000000        7.0000000000000000        4.5000000000000000        6.6212487622558758       0.72523421966567581        3.0000000000000000      -0.15273323611925030      -0.11676915485677082       -7.3580610146070272E-002 -0.14988129499310920      -0.28239589405016285      -0.30242705638876055     
   86.000000000000000        7.0000000000000000        5.0000000000000000        6.7231826833230848       0.80282022662742669        3.0000000000000000      -0.13217924457395797       -7.3256463259402368E-002  -5.1401191709924243E-002 -0.12063887769822292      -0.29037389439856942      -0.38254939253888837     
   87.000000000000000        8.0000000000000000        5.0000000000000000        7.7022225881406108       0.85436374276496674        3.0000000000000000      -0.21147434881199589       0.11402140024569897      -0.23900503746956842       0.14673225188779748       0.26061240205259217       0.91774065324256782     
   88.000000000000000        8.0000000000000000        5.5000000000000000        7.5601874220504905       0.83241013166101152        3.0000000000000000      -0.20291094144958491       0.14685406902793680      -0.17853799159530853       0.30333125782981279       0.30132761536123365       0.45853707997280946     
   89.000000000000000        7.0000000000000000        5.0000000000000000        6.6542300232474085       0.69935494543541643        3.0000000000000000      -0.12679114079359810       -7.5027798533805493E-002  -5.8100042767093463E-002 -0.11489513811895057      -0.21269184300428978      -0.28750708559074811     
   90.000000000000000        7.0000000000000000        5.5000000000000000        6.9125637720802349       0.95406621282853044        3.0000000000000000       -9.4257471138205373E-002  -6.8804019581379230E-002   4.5229119742835180E-002 -0.22929148788620657      -0.41727757117751690      -0.81387983210820281     
   91.000000000000000        8.0000000000000000        5.0000000000000000        7.0497243730430341       0.59082029583273366        3.0000000000000000      -0.14150812737917906       0.21687140740979055       0.18483807266054933      -0.15673484446350050      -0.31507984755015567        8.5259897950028474E-002
   92.000000000000000        8.0000000000000000        5.0000000000000000        7.2126917976273290       0.45183684075621861        3.0000000000000000      -0.14747315000306407      -0.10519797905392134       -6.8006111337858846E-002 -0.11835333697514479      -0.22822215896862857      -0.26556075556467318     
   93.000000000000000        8.0000000000000000        5.5000000000000000        7.1835706786094731       0.28698766188659985        3.0000000000000000      -0.18884055012006790       -5.9417820424742016E-002   7.4811047919727314E-002 -0.14997040505317327      -0.22792008629988639       0.35436717352866520     
   94.000000000000000        8.0000000000000000        6.0000000000000000        7.7158252579533597       0.82931968066697248        3.0000000000000000      -0.19609487360422162       0.10259002521527553      -0.13600686429185541      -0.84712413883856597      -0.90159783089138545       0.83411910555042590     
   95.000000000000000        6.0000000000000000        4.0000000000000000        5.8834360396561216       0.92078468337668895        3.0000000000000000      -0.17095387090905637       -9.8709279196164443E-002  -4.7257250356143699E-002 -0.14311836099277744      -0.29515823405222275      -0.41013481701547233     
   96.000000000000000        7.0000000000000000        4.0000000000000000        6.4546678120073864       0.54158889613537964        3.0000000000000000      -0.17942018560043688      -0.13309786015475167       -6.6814263317391348E-002 -0.15084499208066193      -0.28473345539961703      -0.34945851799927896     
   97.000000000000000        7.0000000000000000        4.5000000000000000        6.5513383368731430       0.64254459951411791        3.0000000000000000      -0.16529410335693798      -0.10825561393455388       -5.7887192450716732E-002 -0.13417670004369683      -0.27189298191586114      -0.35273642784323389     
   98.000000000000000        7.0000000000000000        5.0000000000000000        6.8959418744478658       0.93156915647197092        3.0000000000000000      -0.14335411856277736      -0.24559731047719266        4.9237795461882089E-002  0.20452938251576963       -5.1337586673436325E-002  0.43882572405945086     
   99.000000000000000        7.0000000000000000        4.5000000000000000        6.8780220711924409       0.92332400224895839        3.0000000000000000      -0.16128153762886979      -0.10917344355713847       -5.3865549616914837E-002 -0.13003578926974960      -0.27296338185003866      -0.33257303864880405     
   100.00000000000000        7.0000000000000000        5.0000000000000000        6.8159933979826510       0.84797343006814863        3.0000000000000000      -0.14589864053352802       -9.3429815341303499E-002  -5.0746049473968442E-002 -0.11314503002485271      -0.23123714971698164      -0.27415815597436494     
   101.00000000000000        8.0000000000000000        5.0000000000000000        7.3607555697506566       0.51306487116143873        3.0000000000000000      -0.15866145199173512      -0.12132165424073001       -7.0171495549444643E-002 -0.13712821746514811      -0.25695638199092374      -0.29668072773471210     
   102.00000000000000        8.0000000000000000        5.5000000000000000        7.4712101028292572       0.58193001547443934        3.0000000000000000      -0.13882495829576341       -8.7660768381731993E-002  -5.7826930508168395E-002 -0.10971218352549204      -0.24832332834388068      -0.30522783974923329     
   103.00000000000000        8.0000000000000000        6.0000000000000000        7.7460215912320347       0.80882482377906451        3.0000000000000000      -0.12410238091662382       -7.0216874598232254E-002  -5.0595503254492337E-002 -0.10166428462505270      -0.25706092517608681      -0.32889173531726262     
   104.00000000000000        9.0000000000000000        6.5000000000000000        8.2534793373218438       0.63168217082330813        3.0000000000000000      -0.24933516183448540      -0.11603609177731199      -0.14007928432706840       0.82866962381258225       0.82729575969187041      -0.68040795123527797     
   105.00000000000000        9.0000000000000000        5.5000000000000000        8.2297058295371670       0.73670551872230272        3.0000000000000000      -0.15624838840118835      -0.13603955679307625       -8.5754134890448835E-002 -0.13553406766719953      -0.23520292633267031      -0.26262938996693730     
   106.00000000000000        8.0000000000000000        5.5000000000000000        7.8472355776477611       0.94126424831172650        3.0000000000000000      -0.11915520240694148       0.16470683605158701       0.22959129497828171      -0.12359480239625975      -0.30989282974088567        6.5982899688302649E-002
   107.00000000000000        8.0000000000000000        5.5000000000000000        7.6208873402704409       0.69907892057525545        3.0000000000000000      -0.14651049134653749      -0.10986886066625014       -6.1401371597462145E-002 -0.11124830003881145      -0.23011395928295669      -0.24839691784831924     
   108.00000000000000        9.0000000000000000        6.0000000000000000        8.1174163961258508       0.42219059251338464        3.0000000000000000      -0.13802152649095359       -9.8504143663438973E-002  -6.8606673254868050E-002 -0.11100988597411252      -0.21911097330348298      -0.24770008751469549     
   109.00000000000000        8.0000000000000000        6.0000000000000000        7.9958896915603201       0.99842212563867649        3.0000000000000000      -0.16638870507038472      -0.14031085263873141       0.17124087420792058       0.20227774866936152      -0.30584605303874790      -0.26564474056035847     
   110.00000000000000        9.0000000000000000        6.5000000000000000        8.6632863420347590       0.74281406613113687        3.0000000000000000      -0.17613846760329602       0.20354173747143189      -0.11600916600038207       0.44888479616885946       0.20471842383494784      -0.72470879849550229     
   111.00000000000000        9.0000000000000000        7.0000000000000000        8.8159937250091556       0.89397903220825992        3.0000000000000000      -0.15637842910749911       0.10746431853418249       0.18195965427430327      -0.28361993861299573      -0.88447228071911055       0.47546259509753058     
   112.00000000000000        9.0000000000000000        7.5000000000000000        8.9999999995211013       0.99999978269815060        3.0000000000000000      -0.14445281059518317       -9.1963132001394013E-002  -5.1801332790641759E-002 -0.16944077956289844      -0.19142455126452201      -0.27225560227519335     
