          10           1   7.0000000000000000        3.9999999999999996        5.7908174340762884       0.41224320642509232                1 -0.11740065527971652      -0.13785734567093108        1.5999999999999999       0.48989794855663626     
          10           2   6.0000000000000000        3.4999999999999996        5.1717099104570501       0.41167029916211895                1 -0.11249628746863957      -0.16661419392750731        1.3999999999999999       0.48989794855663604     
          10           3   8.0000000000000000        4.4999999999999991        6.3792192249513517       0.21044098410927997                1 -0.11361607322890370      -0.12372468266764543        1.7999999999999998       0.40000000000000130     
          10           4   5.0000000000000000        2.9999999999999996        4.1521713280348154       0.35227348470803277                1 -0.10842834607874838      -0.16291323738360816        1.2000000000000002       0.39999999999999963     
          10           5   8.0000000000000000        4.9999999999999991        6.8999837988279280       0.51557918785134671                1 -0.10819096571303433      -0.10805071479393635        2.0000000000000000        0.0000000000000000     
          10           6   7.0000000000000000        3.9999999999999996        5.5199831263373005       0.18738812828269302                1 -0.11122253350990689      -0.12500018076357358        1.6000000000000001       0.48989794855663493     
          10           7   6.0000000000000000        3.4999999999999996        4.9408564680524041       0.37013141041845377                1 -0.11526880318316843      -0.14548563663514261        1.3999999999999999       0.48989794855663604     
          10           8   7.0000000000000000        3.9999999999999996        5.7908174340762901       0.41224320527070257                1 -0.11740064801744791      -0.13785735684830833        1.6000000000000001       0.48989794855663493     
          10           9   6.0000000000000000        3.4999999999999996        5.1189311050096160       0.58970026141558562                1 -0.11961780460928439      -0.15632655039714768        1.4000000000000001       0.48989794855663538     
          10          10   6.0000000000000000        3.4999999999999996        5.2404645737220301       0.48577833890285510                1 -0.11230886356590811      -0.17261115233720278        1.3999999999999999       0.48989794855663604     
          10          11   7.0000000000000000        4.4999999999999991        6.1719845939415494       0.46905791076807668                1 -0.10332436126403617      -0.11353427589378272        1.8000000000000003       0.39999999999999908     
          10          12   4.0000000000000000        2.4999999999999996        3.4499918994139636       0.51557919013106779                1 -0.10819095301477361      -0.21610145638160261        1.0000000000000000        0.0000000000000000     
          10          13   8.0000000000000000        4.4999999999999991        6.3792192249513509       0.21044098385293497                1 -0.11361607297033048      -0.12372468236614392        1.7999999999999998       0.40000000000000130     
          10          14   7.0000000000000000        3.9999999999999996        5.9737855760066454       0.52454131442599961                1 -0.11722250872249457      -0.15164110127349562        1.5999999999999999       0.48989794855663626     
          10          15   6.0000000000000000        3.4999999999999996        5.2404645737220301       0.48577834126400066                1 -0.11230886796367268      -0.17261114971261535        1.3999999999999999       0.48989794855663604     
          10          16   4.0000000000000000        2.4999999999999996        3.4499918994139636       0.51557918655025203                1 -0.10819094882379372      -0.21610145648649481        1.0000000000000000        0.0000000000000000     
          10          17   8.0000000000000000        4.4999999999999991        6.4609743076829877       0.25524234670233448                1 -0.11369005820581235      -0.12635255413694982        1.7999999999999998       0.40000000000000130     
          10          18   8.0000000000000000        4.4999999999999991        6.4609743076829860       0.25524234978537924                1 -0.11369006170760569      -0.12635255553669097        1.7999999999999998       0.40000000000000130     
          10          19   7.0000000000000000        3.9999999999999996        5.7232266093460735       0.21247477358417927                1 -0.10865496476708833      -0.13918954102238687        1.6000000000000001       0.48989794855663493     
          10          20   6.0000000000000000        3.4999999999999996        4.7639777816572870       0.19730774749548982                1 -0.10555888295551348      -0.13079086694243305        1.3999999999999999       0.48989794855663604     
          10          21   5.0000000000000000        2.9999999999999996        4.2186097861973959       0.41635947942639356                1 -0.10806810942820164      -0.17173602313290773        1.2000000000000000       0.39999999999999991     
          10          22   6.0000000000000000        3.4999999999999996        5.1517968811986679       0.48211310157984111                1 -0.11516706389757463      -0.16577194832803369        1.4000000000000001       0.48989794855663538     
          10          23   6.0000000000000000        3.4999999999999996        4.9408564680524050       0.37013141378228365                1 -0.11526880084731901      -0.14548564722839358        1.3999999999999999       0.48989794855663604     
          10          24   5.0000000000000000        2.9999999999999996        4.4594807932345519       0.56796426082447127                1 -0.11456306705686191      -0.19601656486626437        1.2000000000000000       0.40000000000000019     
          10          25   8.0000000000000000        4.4999999999999991        6.4609743076829860       0.25524234784728816                1 -0.11369006073497243      -0.12635255360683598        1.8000000000000000       0.40000000000000019     
          10          26   7.0000000000000000        3.9999999999999996        5.7232266093460717       0.21247477326545539                1 -0.10865496469605519      -0.13918954012530704        1.6000000000000001       0.48989794855663493     
          10          27   7.0000000000000000        3.9999999999999996        5.6024265240247120       0.22293302057576520                1 -0.11136598634666889      -0.12821246151731985        1.5999999999999999       0.48989794855663626     
          10          28   7.0000000000000000        3.9999999999999996        5.6024265240247120       0.22293302062325970                1 -0.11136598640131068      -0.12821246154893406        1.6000000000000001       0.48989794855663493     
          10          29   7.0000000000000000        3.9999999999999996        5.9737855760066472       0.52454131553827554                1 -0.11722250842149019      -0.15164110250742197        1.5999999999999999       0.48989794855663626     
          10          30   5.0000000000000000        2.9999999999999996        4.1521713280348154       0.35227347519613972                1 -0.10842834550584728      -0.16291322145186193        1.2000000000000002       0.39999999999999963     
          10          31   6.0000000000000000        3.4999999999999996        5.1189311050096160       0.58970027472523445                1 -0.11961781150733387       0.84367343657445992        1.4000000000000001       0.48989794855663538     
          10          32   6.0000000000000000        3.4999999999999996        4.9408564680524032       0.37013141255601123                1 -0.11526880603377128      -0.14548563649160062        1.4000000000000001       0.48989794855663538     
          10          33   5.0000000000000000        2.9999999999999996        4.1521713280348154       0.35227347752715488                1 -0.10842834667410842      -0.16291322397012187        1.2000000000000002       0.39999999999999963     
          10          34   7.0000000000000000        4.4999999999999991        6.1719845939415494       0.46905790846320933                1 -0.10332436003613679      -0.11353427432498236        1.8000000000000003       0.39999999999999908     
          10          35   7.0000000000000000        3.9999999999999996        5.9737855760066481       0.52454131526351888                1 -0.11722250810110267      -0.15164110255463667        1.5999999999999999       0.48989794855663626     
          10          36   6.0000000000000000        3.4999999999999996        5.1517968811986679       0.48211310739515145                1 -0.11516706868843735      -0.16577195024102739        1.4000000000000001       0.48989794855663538     
          10          37   6.0000000000000000        3.4999999999999996        5.1717099104570501       0.41167030721513931                1 -0.11249629684594810      -0.16661420265216717        1.3999999999999999       0.48989794855663604     
          10          38   6.0000000000000000        3.4999999999999996        5.1189311050096160       0.58970030690383857                1 -0.11961781568038030       0.84367338648510548        1.4000000000000001       0.48989794855663538     
          10          39   7.0000000000000000        3.9999999999999996        5.6024265240247120       0.22293301993775153                1 -0.11136598535566461      -0.12821246129066136        1.5999999999999999       0.48989794855663626     
          10          40   7.0000000000000000        3.9999999999999996        5.7467364651079267       0.24124811367455831                1 -0.10875589979729063      -0.13943820745319807        1.6000000000000001       0.48989794855663582     
          10          41   8.0000000000000000        4.9999999999999991        6.8999837988279360       0.51557919457976331                1 -0.10819094855628072       0.89194926342693959        2.0000000000000000        0.0000000000000000     
          10          42   6.0000000000000000        3.4999999999999996        4.9408564680524050       0.37013141166462576                1 -0.11526880400764962      -0.14548563787953075        1.3999999999999999       0.48989794855663604     
          10          43   8.0000000000000000        4.4999999999999991        6.3792192249513526       0.21044096064524984                1 -0.11361604416816409      -0.12372467012338861        1.7999999999999998       0.40000000000000130     
          10          44   6.0000000000000000        3.4999999999999996        4.9408564680524059       0.37013141036424047                1 -0.11526880344337173      -0.14548563611144713        1.3999999999999999       0.48989794855663604     
          10          45   6.0000000000000000        3.4999999999999996        5.1717099104570492       0.41167029707153280                1 -0.11249627863368349      -0.16661421274009028        1.3999999999999999       0.48989794855663604     
          10          46   5.0000000000000000        2.9999999999999996        4.4594807932345510       0.56796425867431277                1 -0.11456306368848086      -0.19601656464681452        1.2000000000000000       0.40000000000000019     
          10          47   4.0000000000000000        2.4999999999999996        3.4499918994139631       0.51557918495663713                1 -0.10819094837687343      -0.21610145405408826        1.0000000000000000        0.0000000000000000     
          10          48   6.0000000000000000        3.4999999999999996        4.7639777816572852       0.19730774763484607                1 -0.10555888243006731      -0.13079086757752556        1.3999999999999999       0.48989794855663604     
          10          49   7.0000000000000000        3.9999999999999996        5.5199831263373014       0.18738812376438641                1 -0.11122253041456980      -0.12500017538672717        1.6000000000000001       0.48989794855663493     
          10          50   6.0000000000000000        3.4999999999999996        4.7415904778477387       0.17693179701148765                1 -0.10550240668216988      -0.12980400521944446        1.3999999999999999       0.48989794855663604     
