           3           1   7.0000000000000000        3.9999999999999996        5.5791494930885088       0.21433839644623170                1 -0.11173656577883369      -0.12813363724832805        1.6000000000000001       0.48989794855663493     
           3           2   7.0000000000000000        3.9999999999999996        5.9545683304188177       0.53169177861872419                1 -0.11854385977191520      -0.15725072415503738        1.5999999999999999       0.48989794855663626     
           3           3   6.0000000000000000        3.4999999999999996        4.9129732656185059       0.36656354741850078                1 -0.11550119138452586      -0.14749588785561871        1.3999999999999999       0.48989794855663604     
           3           4   7.0000000000000000        3.9999999999999996        5.6863542812859178       0.41153654962283370                1 -0.11835376140421681      -0.14168369104287404        1.6000000000000001       0.48989794855663493     
           3           5   8.0000000000000000        4.4999999999999991        6.3765066903842671       0.23947447733373994                1 -0.11501131235783529      -0.12659809202269853        1.8000000000000000       0.40000000000000019     
           3           6   7.0000000000000000        3.9999999999999996        5.4854768586192453       0.18547055588303579                1 -0.11148523847086421      -0.12513396997747397        1.6000000000000001       0.48989794855663493     
           3           7   7.0000000000000000        4.4999999999999991        6.0261981447821320       0.44428335326028068                1 -0.10613315965810276      -0.10497478713511134        1.8000000000000003       0.39999999999999908     
           3           8   7.0000000000000000        3.9999999999999996        5.6863542812859160       0.41153654921399713                1 -0.11835376111096904      -0.14168369116571569        1.6000000000000001       0.48989794855663493     
           3           9   6.0000000000000000        3.4999999999999996        4.9853519510493696       0.34251303722299092                1 -0.15940716989955012      -0.69324704686079142        1.3999999999999999       0.48989794855663604     
           3          10   6.0000000000000000        3.9999999999999996        5.2175913590660681       0.37864082598593374                1 -0.10153174785933448      -0.10176065754926762        1.6000000000000001       0.48989794855663493     
           3          11   6.0000000000000000        3.4999999999999996        4.6809322884780196       0.16044786170863448                1 -0.10649651780895718      -0.12443409065042209        1.3999999999999999       0.48989794855663604     
           3          12   6.0000000000000000        3.4999999999999996        4.9853519510493713       0.34251303447696607                1 -0.15940716974413344      -0.69324704875500986        1.3999999999999999       0.48989794855663604     
           3          13   7.0000000000000000        3.9999999999999996        5.4854768586192453       0.18547055198057033                1 -0.11148524068479278      -0.12513396122120726        1.6000000000000001       0.48989794855663493     
           3          14   4.0000000000000000        2.4999999999999996        3.4022741185756735       0.51133983918364878                1 -0.10962647985083961      -0.21284018497563253        1.0000000000000000        0.0000000000000000     
           3          15   8.0000000000000000        4.9999999999999991        6.8045482371513479       0.51133976469202858                1 -0.10962644532733411       0.89357992472375414        2.0000000000000000        0.0000000000000000     
           3          16   7.0000000000000000        3.9999999999999996        5.4854768586192453       0.18547056472556964                1 -0.11148523124404448      -0.12513399330411701        1.6000000000000001       0.48989794855663493     
           3          17   6.0000000000000000        3.4999999999999996        4.9853519510493705       0.34251303995332744                1 -0.15940717089856241      -0.69324704555839944        1.3999999999999999       0.48989794855663604     
           3          18   6.0000000000000000        3.4999999999999996        4.9129732656185059       0.36656356466383755                1 -0.11550120590072649      -0.14749588453687354        1.3999999999999999       0.48989794855663604     
           3          19   7.0000000000000000        3.9999999999999996        5.4854768586192444       0.18547056181950572                1 -0.11148524243985260      -0.12513397172644528        1.6000000000000001       0.48989794855663493     
           3          20   7.0000000000000000        3.9999999999999996        5.9545683304188168       0.53169175388976408                1 -0.11854385898709763      -0.15725069840941933        1.5999999999999999       0.48989794855663626     
           3          21   6.0000000000000000        3.4999999999999996        4.9129732656185068       0.36656356070423013                1 -0.11550120105828353      -0.14749588801305663        1.3999999999999999       0.48989794855663604     
           3          22   7.0000000000000000        3.9999999999999996        5.5791494930885088       0.21433838443766509                1 -0.11173654103261807      -0.12813363755452734        1.6000000000000001       0.48989794855663582     
           3          23   6.0000000000000000        3.4999999999999996        4.9129732656185059       0.36656355728947276                1 -0.11550120429796060      -0.14749587767643341        1.4000000000000001       0.48989794855663538     
           3          24   7.0000000000000000        4.4999999999999991        6.0261981447821338       0.44428332978436325                1 -0.10613315517216866      -0.10497477219333216        1.8000000000000003       0.39999999999999908     
           3          25   5.0000000000000000        2.9999999999999996        4.0787766935891971       0.32352273205354298                1 -0.10963419713398996      -0.15425856457955767        1.2000000000000000       0.39999999999999991     
           3          26   8.0000000000000000        4.9999999999999991        6.8045482371513453       0.51133983441925790                1 -0.10962646899236549      -0.10642009905795134        2.0000000000000000        0.0000000000000000     
           3          27   7.0000000000000000        3.9999999999999996        5.4854768586192444       0.18547054941179431                1 -0.11148523613242180      -0.12513396493548654        1.6000000000000001       0.48989794855663493     
           3          28   7.0000000000000000        4.4999999999999991        6.0261981447821329       0.44428332951073396                1 -0.10613315490838728      -0.10497477218598150        1.8000000000000003       0.39999999999999908     
           3          29   7.0000000000000000        3.9999999999999996        5.5791494930885088       0.21433839467398852                1 -0.11173656745711644      -0.12813363223589572        1.6000000000000001       0.48989794855663582     
           3          30   6.0000000000000000        3.4999999999999996        4.9129732656185077       0.36656357171246468                1 -0.11550121209324749      -0.14749588271404859        1.4000000000000001       0.48989794855663538     
           3          31   6.0000000000000000        3.4999999999999996        4.6809322884780205       0.16044786289195037                1 -0.10649651585961785      -0.12443409612728873        1.3999999999999999       0.48989794855663604     
           3          32   5.0000000000000000        2.9999999999999996        4.3179949074645823       0.56826728736939991                1 -0.11799228751912906      -0.19003624083045484        1.2000000000000000       0.40000000000000019     
           3          33   7.0000000000000000        3.9999999999999996        5.4854768586192453       0.18547056228914793                1 -0.11148524167658831      -0.12513397356378211        1.6000000000000001       0.48989794855663493     
           3          34   7.0000000000000000        3.9999999999999996        5.5791494930885097       0.21433831450224117                1 -0.11173642467002518      -0.12813361300406856        1.5999999999999999       0.48989794855663626     
           3          35   6.0000000000000000        3.4999999999999996        4.9129732656185050       0.36656357081176277                1 -0.11550122325855440      -0.14749586144757657        1.3999999999999999       0.48989794855663604     
           3          36   5.0000000000000000        2.9999999999999996        4.1908121427355134       0.41440352976463002                1 -0.10920262363873094      -0.16897692614103671        1.2000000000000000       0.39999999999999991     
           3          37   5.0000000000000000        2.9999999999999996        4.0787766935891980       0.32352272708246477                1 -0.10963418454748669      -0.15425857823642861        1.2000000000000002       0.39999999999999963     
           3          38   6.0000000000000000        3.4999999999999996        4.6809322884780187       0.16044786381504028                1 -0.10649651729076046      -0.12443409561644829        1.3999999999999999       0.48989794855663604     
           3          39   4.0000000000000000        2.4999999999999996        3.4022741185756740       0.51133983607123390                1 -0.10962647377404387      -0.21284019175659358        1.0000000000000000        0.0000000000000000     
           3          40   8.0000000000000000        4.4999999999999991        6.2523042044201933       0.21583343182944389                1 -0.11465303139962270      -0.12543012483077318        1.7999999999999998       0.40000000000000130     
           3          41   7.0000000000000000        3.9999999999999996        5.5791494930885097       0.21433839347482431                1 -0.11173656797509955      -0.12813362943030385        1.5999999999999999       0.48989794855663626     
           3          42   8.0000000000000000        4.4999999999999991        6.3765066903842671       0.23947447447974363                1 -0.11501129249208093      -0.12659811038206301        1.7999999999999998       0.40000000000000130     
           3          43   8.0000000000000000        4.4999999999999991        6.3765066903842653       0.23947447352770701                1 -0.11501129099705060      -0.12659811020075404        1.8000000000000000       0.40000000000000019     
           3          44   5.0000000000000000        2.9999999999999996        4.3179949074645823       0.56826724392528449                1 -0.11799225343693712      -0.19003624745375766        1.2000000000000000       0.40000000000000019     
           3          45   6.0000000000000000        3.4999999999999996        4.9853519510493705       0.34251303985062276                1 -0.15940716645675712      -0.69324704257728420        1.3999999999999999       0.48989794855663604     
           3          46   7.0000000000000000        3.9999999999999996        5.4854768586192453       0.18547055248196009                1 -0.11148524028262073      -0.12513396253188375        1.6000000000000001       0.48989794855663493     
           3          47   7.0000000000000000        3.9999999999999996        5.5791494930885115       0.21433839458125806                1 -0.11173656744014386      -0.12813363207305081        1.6000000000000001       0.48989794855663493     
           3          48   5.0000000000000000        2.9999999999999996        4.3179949074645814       0.56826729456888514                1 -0.11799227517757387      -0.19003627324915745        1.2000000000000000       0.40000000000000019     
           3          49   8.0000000000000000        4.4999999999999991        6.3765066903842671       0.23947447449949133                1 -0.11501130114046054      -0.12659809979732523        1.7999999999999998       0.40000000000000130     
           3          50   6.0000000000000000        3.4999999999999996        5.0868817264229556       0.61333375470221341                1 -0.12058093172041789       0.83477618651234853        1.4000000000000001       0.48989794855663538     
