          21           1   10.000000000000000        6.9999999999999991        8.4873167946010888       0.15788772027954226                1  -9.0197140534334808E-002  -9.3461018506733107E-002   1.4000000000000001       0.48989794855663582     
          21           2   8.0000000000000000        5.9999999999999991        7.3083912135033753       0.54158324668410107                1  -9.0060525775722544E-002 -0.11358233716295107        1.2000000000000000       0.40000000000000019     
          21           3   11.000000000000000        7.4999999999999991        9.1128725623685263       0.17381913615250233                1  -9.0603161465091064E-002  -8.8871123649606740E-002   1.5000000000000000       0.50000000000000000     
          21           4   12.000000000000000        8.4999999999999982        10.161359490500644       0.16567759227692860                1  -8.7426622704220802E-002  0.92413949203353019        1.7000000000000000       0.45825756949558394     
          21           5   11.000000000000000        7.9999999999999991        9.5908454768274858       0.15378517257989194                1  -8.8086495204834164E-002  -7.9803628313568506E-002   1.6000000000000001       0.48989794855663493     
          21           6   10.000000000000000        7.4999999999999991        9.0835218634702546       0.38064171452369733                1  -8.9653023506093013E-002  -8.7521171179103532E-002   1.5000000000000000       0.50000000000000000     
          21           7   10.000000000000000        6.9999999999999991        8.5410217613708141       0.16405772467308388                1  -9.0978234946786168E-002  -9.6096397923490978E-002   1.3999999999999999       0.48989794855663604     
          21           8   12.000000000000000        8.9999999999999982        10.725590095745362       0.13932869867948405                1  -8.6538420466477126E-002  -7.2348616878254154E-002   1.7999999999999998       0.40000000000000074     
          21           9   10.000000000000000        7.4999999999999991        9.0030987445776347       0.27949123962831640                1  -8.8530821083379327E-002  -8.4096440557327665E-002   1.5000000000000000       0.50000000000000000     
          21          10   10.000000000000000        7.4999999999999991        9.0030987445776365       0.27949124787694191                1  -8.8530815778716021E-002  -8.4096450022036279E-002   1.5000000000000000       0.50000000000000000     
          21          11   9.0000000000000000        6.4999999999999991        7.9470325999892655       0.30435724966800182                1  -9.0837691161995998E-002 -0.10491095327713904        1.3000000000000000       0.45825756949558422     
          21          12   10.000000000000000        7.4999999999999991        9.0835218634702564       0.38064171446194656                1  -8.9653017113469347E-002  -8.7521176711529799E-002   1.5000000000000002       0.49999999999999911     
          21          13   11.000000000000000        7.9999999999999991        9.6826543027371414       0.27774543197095858                1  -8.9679597484480511E-002  -8.3267718622566461E-002   1.6000000000000001       0.48989794855663493     
          21          14   10.000000000000000        6.9999999999999991        8.4873167946010870       0.15788771933290230                1  -9.0197139845808780E-002  -9.3461017379833075E-002   1.3999999999999999       0.48989794855663604     
          21          15   10.000000000000000        7.4999999999999991        9.0424889795525996       0.39523339948058250                1  -8.9163060082479761E-002  -8.5761446189815932E-002   1.5000000000000000       0.50000000000000044     
          21          16   9.0000000000000000        6.4999999999999991        7.8737468834967341       0.28713802350883283                1  -9.0169549080574091E-002  -9.9503649816320094E-002   1.3000000000000003       0.45825756949558372     
          21          17   10.000000000000000        6.9999999999999991        8.5410217613708159       0.16405772310104164                1  -9.0978232882627977E-002  -9.6096397052033961E-002   1.3999999999999999       0.48989794855663604     
          21          18   12.000000000000000        8.4999999999999982        10.238082408953192       0.15199582558634414                1  -8.8772795970754437E-002  -7.8329634780811633E-002   1.7000000000000000       0.45825756949558394     
          21          19   10.000000000000000        7.9999999999999991        9.6236242680480366       0.86153324173398260                1  -8.8413504719974459E-002  -8.1087866937577857E-002   1.6000000000000001       0.48989794855663493     
          21          20   10.000000000000000        6.9999999999999991        8.4873167946010870       0.15788772343660501                1  -9.0197143878442174E-002  -9.3461021227686722E-002   1.3999999999999999       0.48989794855663604     
          21          21   7.0000000000000000        5.4999999999999991        6.5942071002494238       0.68519666819169023                1  -8.7828895494683146E-002 -0.11840619857580421        1.0999999999999999       0.30000000000000049     
          21          22   9.0000000000000000        6.9999999999999991        8.5042245428643390       0.68975143228520208                1  -8.9773522551093457E-002  -9.4000189312174215E-002   1.4000000000000001       0.48989794855663538     
          21          23   9.0000000000000000        6.4999999999999991        7.8737468834967350       0.28713801720118803                1  -9.0169536170518511E-002  -9.9503653421334728E-002   1.3000000000000000       0.45825756949558422     
          21          24   12.000000000000000        9.4999999999999982        11.325995527347427       0.82591157396312265                1 -0.12338100884893485      -0.57718601570592343        1.8999999999999999       0.29999999999999977     
          21          25   7.0000000000000000        5.4999999999999991        6.5942071002494220       0.68519666858969441                1  -8.7828895243836858E-002 -0.11840619920751599        1.0999999999999999       0.30000000000000016     
          21          26   12.000000000000000        8.9999999999999982        10.766654921250318       0.24848663862914033                1  -8.7323012737408459E-002  -7.3549596214259022E-002   1.7999999999999998       0.40000000000000074     
          21          27   10.000000000000000        6.9999999999999991        8.4873167946010888       0.15788773030941122                1  -9.0197149508204774E-002  -9.3461028784673009E-002   1.3999999999999999       0.48989794855663604     
          21          28   11.000000000000000        7.9999999999999991        9.5908454768274822       0.15378515666208878                1  -8.8086476596953206E-002  -7.9803620312659113E-002   1.6000000000000003       0.48989794855663493     
          21          29   11.000000000000000        7.4999999999999991        9.1128725623685281       0.17381910961404023                1  -9.0603139137778468E-002  -8.8871106074931094E-002   1.5000000000000002       0.49999999999999911     
          21          30   11.000000000000000        7.4999999999999991        9.1128725623685281       0.17381920272170023                1  -9.0603222557066709E-002  -8.8871162916386040E-002   1.5000000000000000       0.50000000000000000     
          21          31   10.000000000000000        7.9999999999999991        9.6236242680480331       0.86153344686152777                1  -8.8413274126539321E-002  0.91891187758840409        1.6000000000000001       0.48989794855663493     
          21          32   8.0000000000000000        5.9999999999999991        7.3083912135033753       0.54158324441883787                1  -9.0060523954127086E-002 -0.11358233679184829        1.2000000000000000       0.40000000000000019     
          21          33   10.000000000000000        7.4999999999999991        9.0835218634702546       0.38064171522990675                1  -8.9653017659603679E-002  -8.7521177284706153E-002   1.5000000000000002       0.49999999999999911     
          21          34   10.000000000000000        7.4999999999999991        9.0835218634702581       0.38064171491672277                1  -8.9653017906343918E-002  -8.7521176638449300E-002   1.5000000000000000       0.50000000000000000     
          21          35   12.000000000000000        7.9999999999999991        10.332117958562234       0.64954310025171835                1 -0.22056138006682391      -0.66867741603656605        1.6000000000000001       0.48989794855663493     
          21          36   10.000000000000000        6.9999999999999991        8.5410217613708141       0.16405772468128088                1  -9.0978234890302018E-002  -9.6096397990447099E-002   1.4000000000000004       0.48989794855663471     
          21          37   9.0000000000000000        6.4999999999999991        7.8737468834967350       0.28713802420611945                1  -9.0169542429534622E-002  -9.9503656893059941E-002   1.3000000000000000       0.45825756949558372     
          21          38   10.000000000000000        7.4999999999999991        9.0030987445776347       0.27949123830514933                1  -8.8530816731025058E-002  -8.4096441982281583E-002   1.5000000000000000       0.50000000000000000     
          21          39   10.000000000000000        6.9999999999999991        8.4873167946010888       0.15788772338705229                1  -9.0197143877828026E-002  -9.3461021133628377E-002   1.4000000000000001       0.48989794855663538     
          21          40   10.000000000000000        6.9999999999999991        8.4823613935727735       0.31290718716579835                1  -9.0504005149862468E-002  -9.2408946907283601E-002   1.4000000000000001       0.48989794855663538     
          21          41   10.000000000000000        7.4999999999999991        9.0030987445776365       0.27949133047335545                1  -8.8530845048931592E-002  -8.4096498193608954E-002   1.5000000000000000       0.50000000000000000     
          21          42   11.000000000000000        7.9999999999999991        9.6234574216326934       0.13999176077264169                1  -8.8553179897479586E-002  -8.0971643812701929E-002   1.6000000000000001       0.48989794855663538     
          21          43   10.000000000000000        7.4999999999999991        9.0835218634702528       0.38064172946043373                1  -8.9653037795694696E-002  -8.7521179104875876E-002   1.5000000000000000       0.50000000000000000     
          21          44   11.000000000000000        7.9999999999999991        9.5908454768274840       0.15378515319779587                1  -8.8086473972984913E-002  -7.9803617720911380E-002   1.6000000000000001       0.48989794855663493     
          21          45   10.000000000000000        7.4999999999999991        8.9745290515917606       0.26324463310057655                1  -8.8074854751019879E-002  -8.2154649152996320E-002   1.5000000000000000       0.50000000000000000     
          21          46   11.000000000000000        7.9999999999999991        9.6234574216326845       0.13999176271622282                1  -8.8553188004673419E-002  -8.0971641385271034E-002   1.5999999999999999       0.48989794855663582     
          21          47   12.000000000000000        8.4999999999999982        10.238082408953193       0.15199582757235303                1  -8.8772789106916036E-002  -7.8329644786243866E-002   1.7000000000000002       0.45825756949558349     
          21          48   9.0000000000000000        6.4999999999999991        7.8737468834967332       0.28713802317407877                1  -9.0169540700302642E-002  -9.9503657128416967E-002   1.3000000000000003       0.45825756949558372     
          21          49   11.000000000000000        7.9999999999999991        9.5908454768274858       0.15378514574761629                1  -8.8086513200278688E-002  -7.9803585382709652E-002   1.6000000000000001       0.48989794855663493     
          21          50   9.0000000000000000        6.9999999999999991        8.4025194152226153       0.58557519382314260                1  -8.8759246240011871E-002  -8.8231407719409960E-002   1.4000000000000001       0.48989794855663538     
