          11           1   7.0000000000000000        4.9999999999999991        6.6598459702784867       0.76144559473553386                1 -0.10164339288440129      -0.10905684419070021        1.6666666666666667       0.47140452079103085     
          11           2   7.0000000000000000        4.9999999999999991        6.5579023377866648       0.71032990535428531                1 -0.10348830536218265      -0.10303608638157855        1.6666666666666665       0.47140452079103223     
          11           3   7.0000000000000000        4.4999999999999991        5.9963405315398735       0.29203314601013630                1 -0.10742095859460243      -0.11985804970380433        1.5000000000000000       0.50000000000000000     
          11           4   7.0000000000000000        4.4999999999999991        5.9963405315398717       0.29203315315625544                1 -0.10742096050811581      -0.11985805733178076        1.4999999999999998       0.50000000000000000     
          11           5   8.0000000000000000        5.9999999999999991        7.8575289459087347       0.97292869759478529                1 -0.10216122472342906       0.40644412311997213        1.9999999999999998        2.1073424255447017E-008
          11           6   7.0000000000000000        4.4999999999999991        6.1800902488977156       0.36724807471610743                1 -0.10528704177694884      -0.12955104818036448        1.5000000000000000       0.49999999999999956     
          11           7   7.0000000000000000        4.4999999999999991        6.0703032663774961       0.32754099700253636                1 -0.10708937628784114      -0.12190101092718328        1.5000000000000000       0.49999999999999956     
          11           8   5.0000000000000000        3.4999999999999996        4.6687104630638725       0.75249515062938532                1 -0.10599569519275630      -0.15336389020595231        1.1666666666666665       0.37267799624996550     
          11           9   7.0000000000000000        4.4999999999999991        5.9963405315398735       0.29203314942498082                1 -0.10742095360191210      -0.11985806465824327        1.5000000000000000       0.49999999999999956     
          11          10   8.0000000000000000        5.9999999999999991        7.8575289459087339       0.97292870086653938                1 -0.10216124803877834      -0.59355587296616907        1.9999999999999998        2.1073424255447017E-008
          11          11   8.0000000000000000        4.9999999999999991        6.7254658898147426       0.17706616559494728                1 -0.10666860478821572      -0.11368638323541359        1.6666666666666665       0.47140452079103223     
          11          12   7.0000000000000000        4.4999999999999991        6.1800902488977156       0.36724807414774141                1 -0.10528704173487442      -0.12955104756455865        1.5000000000000000       0.49999999999999956     
          11          13   4.0000000000000000        2.9999999999999996        3.9287644729543674       0.97292869794332903                1 -0.10216122505057412      -0.18711175542801872       0.99999999999999989        1.0536712127723509E-008
          11          14   8.0000000000000000        4.9999999999999991        6.7254658898147426       0.17706616536366274                1 -0.10666860513224236      -0.11368638195312969        1.6666666666666665       0.47140452079103179     
          11          15   5.0000000000000000        3.4999999999999996        4.6687104630638734       0.75249517121958698                1 -0.10599569921021838      -0.15336391796426230        1.1666666666666665       0.37267799624996550     
          11          16   8.0000000000000000        5.9999999999999991        7.8575289459087339       0.97292869920099090                1 -0.10216125474630884       0.40644413581638839        1.9999999999999998        2.1073424255447017E-008
          11          17   7.0000000000000000        4.4999999999999991        6.1800902488977147       0.36724807615306232                1 -0.10528704432537614      -0.12955104764927228        1.4999999999999998       0.50000000000000044     
          11          18   6.0000000000000000        3.9999999999999996        5.3751836742372943       0.54453821556753690                1 -0.10874940587583534      -0.13513677444407693        1.3333333333333333       0.47140452079103157     
          11          19   7.0000000000000000        4.4999999999999991        6.0703032663774952       0.32754099726019731                1 -0.10708939927076026      -0.12190098998379985        1.5000000000000000       0.49999999999999956     
          11          20   6.0000000000000000        3.9999999999999996        5.5924706600011787       0.65911013156562159                1 -0.10554578449610826      -0.15229339928320940        1.3333333333333333       0.47140452079103179     
          11          21   6.0000000000000000        3.9999999999999996        5.5338952692659973       0.65687232378043969                1 -0.10709595802792983      -0.14853705744875684        1.3333333333333333       0.47140452079103179     
          11          22   5.0000000000000000        3.4999999999999996        4.6687104630638716       0.75249516316363596                1 -0.10599569361360742      -0.15336391277040370        1.1666666666666665       0.37267799624996550     
          11          23   6.0000000000000000        3.9999999999999996        5.5338952692659973       0.65687232082173752                1 -0.10709595330307667      -0.14853705744740289        1.3333333333333333       0.47140452079103179     
          11          24   7.0000000000000000        4.4999999999999991        6.0703032663774952       0.32754099107622420                1 -0.10708938425512941      -0.12190099212489378        1.5000000000000000       0.49999999999999956     
          11          25   7.0000000000000000        4.4999999999999991        6.1559916843432907       0.36798856105405653                1 -0.10569082618773595      -0.13006401220606573        1.5000000000000000       0.50000000000000000     
          11          26   6.0000000000000000        3.9999999999999996        5.3751836742372943       0.54453823827161796                1 -0.10874942055201348      -0.13513678709938942        1.3333333333333335       0.47140452079103129     
          11          27   7.0000000000000000        4.4999999999999991        6.0703032663774952       0.32754099791622449                1 -0.10708939809985750      -0.12190099233467948        1.5000000000000000       0.49999999999999956     
          11          28   8.0000000000000000        4.9999999999999991        7.2698228486547727       0.43194913218286873                1 -0.17559693365972814      -0.67606642198230305        1.6666666666666667       0.47140452079103085     
          11          29   6.0000000000000000        3.9999999999999996        5.5338952692659973       0.65687232678897089                1 -0.10709595553943263      -0.14853706227261229        1.3333333333333333       0.47140452079103179     
          11          30   6.0000000000000000        3.9999999999999996        5.5338952692659982       0.65687232365972148                1 -0.10709595808740519      -0.14853705728189726        1.3333333333333335       0.47140452079103129     
          11          31   8.0000000000000000        4.9999999999999991        6.7254658898147435       0.17706616339423292                1 -0.10666860657137099      -0.11368637312318620        1.6666666666666665       0.47140452079103179     
          11          32   6.0000000000000000        3.9999999999999996        5.3751836742372943       0.54453825140323575                1 -0.10874944003571578      -0.13513677081672765        1.3333333333333333       0.47140452079103157     
          11          33   8.0000000000000000        4.9999999999999991        6.7254658898147408       0.17706616724628693                1 -0.10666860735005082      -0.11368638535699142        1.6666666666666665       0.47140452079103179     
          11          34   7.0000000000000000        4.4999999999999991        6.1800902488977147       0.36724804879646122                1 -0.10528701821404485      -0.12955103860331013        1.5000000000000002       0.49999999999999867     
          11          35   7.0000000000000000        4.4999999999999991        6.0703032663774952       0.32754098856288794                1 -0.10708938110533320      -0.12190099024066110        1.5000000000000000       0.49999999999999956     
          11          36   7.0000000000000000        4.4999999999999991        6.0703032663774943       0.32754099752520233                1 -0.10708939694516531      -0.12190099266149684        1.4999999999999998       0.50000000000000044     
          11          37   7.0000000000000000        4.9999999999999991        6.5579023377866639       0.71032990809238938                1 -0.10348830428522965      -0.10303609034008303        1.6666666666666665       0.47140452079103179     
          11          38   7.0000000000000000        4.4999999999999991        6.1800902488977130       0.36724808235367062                1 -0.10528703871920460      -0.12955105955323751        1.5000000000000002       0.49999999999999867     
          11          39   5.0000000000000000        3.4999999999999996        4.6687104630638716       0.75249515781693821                1 -0.10599569089881389      -0.15336390791581803        1.1666666666666667       0.37267799624996456     
          11          40   6.0000000000000000        3.9999999999999996        5.3751836742372952       0.54453823891001651                1 -0.10874942137303872      -0.13513678657866188        1.3333333333333333       0.47140452079103179     
          11          41   7.0000000000000000        4.4999999999999991        5.9963405315398708       0.29203314913081579                1 -0.10742096033849204      -0.11985805129599827        1.4999999999999998       0.50000000000000000     
          11          42   6.0000000000000000        4.4999999999999991        5.8131680784380819       0.91776517073427588                1 -0.10044199270072671       0.89619727319557285        1.5000000000000000       0.50000000000000000     
          11          43   7.0000000000000000        4.4999999999999991        6.0703032663774943       0.32754099969399497                1 -0.10708939771266889      -0.12190099610679357        1.5000000000000000       0.49999999999999956     
          11          44   6.0000000000000000        4.4999999999999991        5.8131680784380819       0.91776514935729425                1 -0.10044198247392837      -0.10380270256648221        1.5000000000000000       0.50000000000000000     
          11          45   7.0000000000000000        4.4999999999999991        6.1800902488977139       0.36724807421976191                1 -0.10528704156264292      -0.12955104779440912        1.5000000000000000       0.50000000000000000     
          11          46   6.0000000000000000        3.9999999999999996        5.3751836742372943       0.54453823838139659                1 -0.10874942139810100      -0.13513678549670818        1.3333333333333333       0.47140452079103157     
          11          47   4.0000000000000000        2.9999999999999996        3.9287644729543674       0.97292869755431044                1 -0.10216122624300615       0.81288824824051464       0.99999999999999989        1.0536712127723509E-008
          11          48   8.0000000000000000        5.4999999999999991        7.3001665425208611       0.42000804535460867                1 -0.10337025300841948      -0.10175372959244806        1.8333333333333330       0.37267799624996606     
          11          49   7.0000000000000000        4.4999999999999991        6.1559916843432898       0.36798856871895058                1 -0.10569082679728645      -0.13006402062851963        1.5000000000000000       0.50000000000000000     
          11          50   8.0000000000000000        5.4999999999999991        7.3001665425208619       0.42000805065358565                1 -0.10337025865714981      -0.10175373439480195        1.8333333333333333       0.37267799624996489     
