          20           1   9.0000000000000000        6.4999999999999991        8.0208212002586734       0.51744076206801637                1 -0.24970977073367948      -0.51358925762446672        1.4444444444444446       0.49690399499995302     
          20           2   11.000000000000000        6.9999999999999991        8.7064436297313961       0.21530185844538466                1  -9.5433478105790531E-002  -9.4175391986494494E-002   1.5555555555555558       0.49690399499995258     
          20           3   10.000000000000000        6.4999999999999991        8.2025580115656780       0.18037908122453034                1  -9.8106371384143423E-002 -0.10389720961660898        1.4444444444444446       0.49690399499995302     
          20           4   11.000000000000000        6.9999999999999991        8.7064436297313961       0.21530179341260447                1  -9.5433446879287023E-002  -9.4175354859526300E-002   1.5555555555555558       0.49690399499995258     
          20           5   10.000000000000000        6.9999999999999991        8.6476922228759854       0.28924189840419279                1  -9.4324146825547975E-002  -9.1017746613152345E-002   1.5555555555555558       0.49690399499995214     
          20           6   11.000000000000000        6.9999999999999991        8.7950075543561326       0.19258232585225510                1  -9.8122621613901867E-002  -9.6137353566629447E-002   1.5555555555555556       0.49690399499995302     
          20           7   12.000000000000000        7.9999999999999991        9.7431255420031704       0.19608371020996207                1  -9.1407138002854132E-002  -7.9558689270746483E-002   1.7777777777777781       0.41573970964154838     
          20           8   9.0000000000000000        5.9999999999999991        7.3943090763564605       0.18482411098679596                1  -9.3518118593347674E-002 -0.10349310416019514        1.3333333333333335       0.47140452079103129     
          20           9   10.000000000000000        6.9999999999999991        8.4886615573524402       0.16495316275715313                1  -9.0597681565917992E-002  -8.4320767339463892E-002   1.5555555555555558       0.49690399499995258     
          20          10   8.0000000000000000        5.4999999999999991        6.8045266237868054       0.30210013117009665                1  -9.5085588550389274E-002 -0.11359345650229993        1.2222222222222223       0.41573970964154888     
          20          11   9.0000000000000000        6.4999999999999991        8.0208212002586734       0.51744075766284081                1 -0.24970974752383809      -0.51358925323772187        1.4444444444444446       0.49690399499995302     
          20          12   9.0000000000000000        5.9999999999999991        7.5277172602765203       0.19512276726922037                1  -9.5650325762235269E-002 -0.11201314205797128        1.3333333333333335       0.47140452079103129     
          20          13   10.000000000000000        6.9999999999999991        8.6215125160103909       0.33337770540948741                1  -9.3554602906503345E-002  -9.0513356944286444E-002   1.5555555555555558       0.49690399499995258     
          20          14   11.000000000000000        7.4999999999999991        9.1461468374441051       0.18369326804387220                1  -9.1522390873135517E-002  -8.3228628042427449E-002   1.6666666666666670       0.47140452079103085     
          20          15   9.0000000000000000        5.9999999999999991        7.3943090763564587       0.18482411124272119                1  -9.3518115280348826E-002 -0.10349310732925360        1.3333333333333335       0.47140452079103129     
          20          16   11.000000000000000        7.4999999999999991        9.3268914504069542       0.31851375279346211                1  -9.5645782961815320E-002  -8.8774940492328605E-002   1.6666666666666670       0.47140452079103040     
          20          17   10.000000000000000        6.9999999999999991        8.5654777712682808       0.17514500774499597                1  -9.1818989191707778E-002  -8.8617430090972588E-002   1.5555555555555558       0.49690399499995258     
          20          18   10.000000000000000        7.4999999999999991        9.1678041315075944       0.64482652805115614                1  -9.2112476752903918E-002  -8.3678913589756904E-002   1.6666666666666670       0.47140452079103085     
          20          19   10.000000000000000        6.9999999999999991        8.6958541019953142       0.28948841387837276                1  -9.4917528246630120E-002  -9.2796127472581424E-002   1.5555555555555558       0.49690399499995258     
          20          20   9.0000000000000000        5.9999999999999991        7.3943090763564587       0.18482411026509776                1  -9.3518119682395831E-002 -0.10349310229681141        1.3333333333333335       0.47140452079103129     
          20          21   9.0000000000000000        6.4999999999999991        7.9623656082423349       0.39868791968469869                1  -9.2956979106915638E-002  -9.2421818829704849E-002   1.4444444444444446       0.49690399499995302     
          20          22   9.0000000000000000        6.4999999999999991        7.9482597358433891       0.30235118743969425                1  -9.2834760790169765E-002  -9.3470059801419522E-002   1.4444444444444446       0.49690399499995302     
          20          23   10.000000000000000        6.4999999999999991        8.1359644616392686       0.17504762422550918                1  -9.7075522187697411E-002 -0.10126314561738566        1.4444444444444446       0.49690399499995302     
          20          24   9.0000000000000000        5.9999999999999991        7.5853438677748892       0.40142878160433981                1  -9.7792832993157011E-002 -0.11585778808216599        1.3333333333333335       0.47140452079103129     
          20          25   9.0000000000000000        5.9999999999999991        7.4038483726476354       0.17707710618873618                1  -9.4824386589242832E-002 -0.10350160432308804        1.3333333333333335       0.47140452079103129     
          20          26   10.000000000000000        6.9999999999999991        8.7923354396616222       0.45433059514281404                1  -9.7036629249044826E-002  -9.6964414310132779E-002   1.5555555555555558       0.49690399499995214     
          20          27   10.000000000000000        6.4999999999999991        8.1712858224729690       0.20668850048605020                1  -9.7223180594342123E-002 -0.10373859091281160        1.4444444444444446       0.49690399499995258     
          20          28   10.000000000000000        6.9999999999999991        8.6393573922064064       0.16229773215626911                1  -9.3159257023877187E-002  -9.1269061971550811E-002   1.5555555555555554       0.49690399499995391     
          20          29   9.0000000000000000        5.9999999999999991        7.5250610279816224       0.34001938821628919                1  -9.7703002352137261E-002 -0.10930002127947525        1.3333333333333335       0.47140452079103129     
          20          30   8.0000000000000000        5.4999999999999991        6.8663162971009681       0.36176834411143788                1  -9.4864462144389455E-002 -0.12161967875560283        1.2222222222222223       0.41573970964154888     
          20          31   8.0000000000000000        5.4999999999999991        6.8045266237868036       0.30210014627914689                1  -9.5085610366828568E-002 -0.11359345343425868        1.2222222222222225       0.41573970964154838     
          20          32   10.000000000000000        6.4999999999999991        8.0237590364145941       0.19513971919252920                1  -9.4160891193744364E-002  -9.6255599928393221E-002   1.4444444444444446       0.49690399499995302     
          20          33   10.000000000000000        6.4999999999999991        8.1712858224729690       0.20668848735544554                1  -9.7223167732077884E-002 -0.10373858629385690        1.4444444444444446       0.49690399499995302     
          20          34   10.000000000000000        6.9999999999999991        8.5483450132367054       0.34094693488364458                1  -9.2002985849230501E-002  0.91211205969692410        1.5555555555555558       0.49690399499995258     
          20          35   9.0000000000000000        5.9999999999999991        7.5250610279816232       0.34001938662943443                1  -9.7703003666094218E-002 -0.10930001702775058        1.3333333333333335       0.47140452079103129     
          20          36   10.000000000000000        6.4999999999999991        8.0999462317171691       0.19711876922925736                1  -9.5966806874404037E-002 -0.10025872899685928        1.4444444444444446       0.49690399499995302     
          20          37   11.000000000000000        7.4999999999999991        9.3268914504069524       0.31851374935549548                1  -9.5645780942759231E-002  -8.8774937716924893E-002   1.6666666666666665       0.47140452079103179     
          20          38   11.000000000000000        7.4999999999999991        9.3268914504069542       0.31851376098394912                1  -9.5645796989849152E-002  -8.8774935041449426E-002   1.6666666666666670       0.47140452079103085     
          20          39   10.000000000000000        6.9999999999999991        8.6393573922064082       0.16229773525279950                1  -9.3159258607025744E-002  -9.1269065744180367E-002   1.5555555555555558       0.49690399499995258     
          20          40   10.000000000000000        6.4999999999999991        8.0683902257227480       0.20107405486104823                1  -9.5050820842706024E-002  -9.9741925864339859E-002   1.4444444444444446       0.49690399499995302     
          20          41   10.000000000000000        6.9999999999999991        8.5140931368911072       0.15559480015398164                1  -9.1331613504082809E-002  -8.5089364257276187E-002   1.5555555555555558       0.49690399499995258     
          20          42   7.0000000000000000        4.9999999999999991        6.1716014287795229       0.43191271144977988                1  -9.3833215112638382E-002 -0.13032676441772911        1.1111111111111112       0.31426968052735443     
          20          43   7.0000000000000000        4.9999999999999991        6.1716014287795238       0.43191276831524988                1  -9.3833252374321233E-002 -0.13032679874313552        1.1111111111111114       0.31426968052735410     
          20          44   8.0000000000000000        5.9999999999999991        7.3237782233196969       0.52690611387402253                1  -9.2236007517804003E-002  -9.9076934859574639E-002   1.3333333333333335       0.47140452079103129     
          20          45   10.000000000000000        7.4999999999999991        9.1678041315075820       0.64482659793155106                1  -9.2112464357195709E-002  0.91632104136123704        1.6666666666666670       0.47140452079103085     
          20          46   10.000000000000000        7.4999999999999991        9.1678041315075856       0.64482653267149681                1  -9.2112477599787301E-002  0.91632108434705262        1.6666666666666670       0.47140452079103085     
          20          47   8.0000000000000000        5.9999999999999991        7.3237782233196986       0.52690610951122629                1  -9.2236005052212910E-002  -9.9076933741469073E-002   1.3333333333333335       0.47140452079103129     
          20          48   10.000000000000000        6.4999999999999991        8.0237590364145941       0.19513972422649750                1  -9.4160928724146567E-002  -9.6255573047897253E-002   1.4444444444444446       0.49690399499995302     
          20          49   12.000000000000000        8.9999999999999982        10.878405761781124       0.52164109833020278                1  -8.9636385713829286E-002  0.92758185499583135        2.0000000000000004                            NaN
          20          50   9.0000000000000000        5.9999999999999991        7.3943090763564578       0.18482415959487900                1  -9.3518164339179588E-002 -0.10349312759837494        1.3333333333333333       0.47140452079103179     
