          14           1   6.0000000000000000        3.4999999999999996        5.2435990689065735       0.58959578297778747                1 -0.12499999987426785      -0.16090070435457707        1.3999999999999999       0.48989794855663604     
          14           2   6.0000000000000000        3.4999999999999996        5.4824655892600553       0.70965776918252477                1 -0.12500000520665958      -0.18155373609656542        1.3999999999999999       0.48989794855663604     
          14           3   7.0000000000000000        3.9999999999999996        6.1907386041328021       0.52596979681461775                1 -0.12499999985654042      -0.15801519291688707        1.6000000000000001       0.48989794855663493     
          14           4   6.0000000000000000        3.4999999999999996        5.2435990689065743       0.58959578311040073                1 -0.12500000002316919      -0.16090070447341459        1.3999999999999999       0.48989794855663604     
          14           5   8.0000000000000000        4.4999999999999991        6.8082065530612503       0.25604784078651938                1 -0.12500000090577354      -0.13644146524133910        1.7999999999999998       0.40000000000000130     
          14           6   6.0000000000000000        3.4999999999999996        5.2435990689065761       0.58959578131302015                1 -0.12499999773719839      -0.16090070333166645        1.3999999999999999       0.48989794855663604     
          14           7   6.0000000000000000        3.4999999999999996        5.4824655892600553       0.70965778369818155                1 -0.12500000011059864      -0.18155376215809693        1.3999999999999999       0.48989794855663604     
          14           8   7.0000000000000000        3.9999999999999996        6.0105250460854673       0.42402908581733090                1 -0.12500000039765252      -0.14489585979883923        1.6000000000000001       0.48989794855663493     
          14           9   7.0000000000000000        3.9999999999999996        6.1907386041328030       0.52596978061760913                1 -0.12499997287890524      -0.15801519495097982        1.5999999999999999       0.48989794855663626     
          14          10   6.0000000000000000        3.4999999999999996        5.2435990689065752       0.58959578186144146                1 -0.12500000001393879      -0.16090070091504538        1.4000000000000001       0.48989794855663538     
          14          11   4.0000000000000000        2.4999999999999996        3.7500000000000018       0.87890624999999778                1 -0.12499999504904270      -0.25000000242437670        1.0000000000000000        0.0000000000000000     
          14          12   5.0000000000000000        2.9999999999999996        4.5735772857577839       0.77813291536861962                1 -0.12500000023452004      -0.19900353946841159        1.2000000000000002       0.39999999999999963     
          14          13   8.0000000000000000        4.4999999999999991        6.8082065530612512       0.25604784078725606                1 -0.12500000000908354      -0.13644146603896870        1.7999999999999998       0.40000000000000130     
          14          14   5.0000000000000000        2.9999999999999996        4.5735772857577839       0.77813291475696889                1 -0.12499999982508303      -0.19900353819984881        1.2000000000000000       0.39999999999999991     
          14          15   7.0000000000000000        3.9999999999999996        6.1907386041328030       0.52596979553266865                1 -0.12500000318570137      -0.15801518904729048        1.5999999999999999       0.48989794855663626     
          14          16   5.0000000000000000        2.9999999999999996        4.5735772857577839       0.77813291552903885                1 -0.12500000012331475      -0.19900354004575432        1.2000000000000002       0.39999999999999963     
          14          17   7.0000000000000000        3.9999999999999996        6.0105250460854673       0.42402909021003893                1 -0.12500001450223383      -0.14489585172002506        1.5999999999999999       0.48989794855663626     
          14          18   7.0000000000000000        3.9999999999999996        6.0105250460854656       0.42402908594090827                1 -0.12500000044963699      -0.14489586039875596        1.5999999999999999       0.48989794855663626     
          14          19   6.0000000000000000        3.4999999999999996        5.2435990689065752       0.58959577494498427                1 -0.12499999323737529      -0.16090069298477996        1.3999999999999999       0.48989794855663604     
          14          20   5.0000000000000000        2.9999999999999996        4.5735772857577830       0.77813289374086791                1 -0.12499997296442653      -0.19900350892936300        1.2000000000000000       0.40000000000000019     
          14          21   7.0000000000000000        3.9999999999999996        6.1907386041328039       0.52596979628177287                1 -0.12499999870924436      -0.15801519317542984        1.6000000000000001       0.48989794855663493     
          14          22   7.0000000000000000        3.9999999999999996        6.0105250460854664       0.42402908527572647                1 -0.12500000384404886      -0.14489584835520186        1.5999999999999999       0.48989794855663626     
          14          23   6.0000000000000000        3.4999999999999996        5.2435990689065752       0.58959578236964749                1 -0.12499999676340101      -0.16090070806070478        1.3999999999999999       0.48989794855663604     
          14          24   6.0000000000000000        3.4999999999999996        5.4824655892600545       0.70965777682345710                1 -0.12500000001607103      -0.18155375164852330        1.4000000000000001       0.48989794855663538     
          14          25   6.0000000000000000        3.4999999999999996        5.2435990689065743       0.58959578344159513                1 -0.12500000112073337      -0.16090070349963731        1.3999999999999999       0.48989794855663604     
          14          26   6.0000000000000000        3.4999999999999996        5.2435990689065743       0.58959578473634755                1 -0.12500000362960009      -0.16090070281260682        1.4000000000000001       0.48989794855663538     
          14          27   5.0000000000000000        2.9999999999999996        4.5735772857577857       0.77813291572715160                1 -0.12499999498107679      -0.19900354635997991        1.2000000000000000       0.39999999999999991     
          14          28   5.0000000000000000        2.9999999999999996        4.5735772857577839       0.77813291587325106                1 -0.12500000059909708      -0.19900354048504887        1.2000000000000000       0.40000000000000019     
          14          29   7.0000000000000000        3.9999999999999996        6.0105250460854673       0.42402908578968557                1 -0.12500000019109678      -0.14489586013225852        1.6000000000000001       0.48989794855663493     
          14          30   7.0000000000000000        3.9999999999999996        6.0105250460854664       0.42402908535374395                1 -0.12499999955735475      -0.14489585909633976        1.5999999999999999       0.48989794855663626     
          14          31   6.0000000000000000        3.4999999999999996        5.2435990689065752       0.58959578350096153                1 -0.12500000065598846      -0.16090070448323693        1.3999999999999999       0.48989794855663604     
          14          32   8.0000000000000000        4.4999999999999991        6.8082065530612512       0.25604784074506537                1 -0.12500000006204806      -0.13644146588183698        1.7999999999999998       0.40000000000000130     
          14          33   6.0000000000000000        3.4999999999999996        5.2435990689065752       0.58959578298166793                1 -0.12499999997776774      -0.16090070418447083        1.3999999999999999       0.48989794855663604     
          14          34   8.0000000000000000        4.4999999999999991        6.8082065530612503       0.25604784063731945                1 -0.12500000016056287      -0.13644146551316419        1.7999999999999998       0.40000000000000130     
          14          35   7.0000000000000000        3.9999999999999996        6.0105250460854673       0.42402907870980744                1 -0.12499998471560744      -0.14489585574304695        1.6000000000000001       0.48989794855663493     
          14          36   5.0000000000000000        2.9999999999999996        4.5735772857577839       0.77813291533075546                1 -0.12500000135346290      -0.19900353810925570        1.2000000000000000       0.40000000000000019     
          14          37   6.0000000000000000        3.4999999999999996        5.4824655892600545       0.70965777736845692                1 -0.12500000028407562      -0.18155375229124820        1.3999999999999999       0.48989794855663604     
          14          38   6.0000000000000000        3.4999999999999996        5.4824655892600545       0.70965777682000653                1 -0.12500000003074194      -0.18155375163248941        1.4000000000000001       0.48989794855663538     
          14          39   8.0000000000000000        4.9999999999999991        7.5000000000000027       0.87890624999999423                1 -0.12500000020187232       0.37499998943841889        2.0000000000000000        0.0000000000000000     
          14          40   5.0000000000000000        2.9999999999999996        4.5735772857577857       0.77813291664465223                1 -0.12500000250241253      -0.19900354053274147        1.2000000000000000       0.40000000000000019     
          14          41   7.0000000000000000        3.9999999999999996        6.0105250460854691       0.42402908076118162                1 -0.12499997330253321      -0.14489589515170045        1.5999999999999999       0.48989794855663626     
          14          42   7.0000000000000000        3.9999999999999996        6.0105250460854664       0.42402908605513412                1 -0.12500000058270408      -0.14489586074932490        1.6000000000000001       0.48989794855663493     
          14          43   8.0000000000000000        4.4999999999999991        6.8082065530612530       0.25604784052762336                1 -0.12499999996858269      -0.13644146539718083        1.8000000000000000       0.40000000000000019     
          14          44   6.0000000000000000        3.4999999999999996        5.4824655892600536       0.70965777671353336                1 -0.12500000001689404      -0.18155375147877414        1.4000000000000001       0.48989794855663538     
          14          45   7.0000000000000000        3.9999999999999996        6.0105250460854664       0.42402908351641411                1 -0.12499998951783760      -0.14489587240731661        1.6000000000000001       0.48989794855663582     
          14          46   6.0000000000000000        3.4999999999999996        5.4824655892600545       0.70965777661094331                1 -0.12499999971333756      -0.18155375154280787        1.3999999999999999       0.48989794855663604     
          14          47   6.0000000000000000        3.4999999999999996        5.4824655892600536       0.70965777768046145                1 -0.12500000305348918      -0.18155375074693725        1.3999999999999999       0.48989794855663604     
          14          48   8.0000000000000000        4.9999999999999991        7.5000000000000036       0.87890624999998423                1 -0.12499998219503793       0.87500000219770901        2.0000000000000000        0.0000000000000000     
          14          49   6.0000000000000000        3.4999999999999996        5.4824655892600545       0.70965777028441379                1 -0.12499999278606694      -0.18155374687146830        1.4000000000000001       0.48989794855663538     
          14          50   5.0000000000000000        2.9999999999999996        4.5735772857577830       0.77813291507780946                1 -0.12499999978889093      -0.19900353914613511        1.2000000000000002       0.39999999999999963     
