           8           1   10.000000000000000        5.4999999999999991        7.3654300485821373       0.31198312286858415                1 -0.10996321505032447      -0.11679412717360418        1.5714285714285712       0.49487165930539379     
           8           2   9.0000000000000000        4.9999999999999991        6.6360570263685634       0.29157676133626953                1 -0.10796187763296121      -0.12111728762316314        1.4285714285714284       0.49487165930539379     
           8           3   10.000000000000000        5.9999999999999991        7.6986147105207277       0.24083441543674394                1 -0.10141633021890882       -9.7320983265708275E-002   1.7142857142857140       0.45175395145262637     
           8           4   9.0000000000000000        4.9999999999999991        6.8214190598136550       0.32580468210929997                1 -0.11081461583586649      -0.13631709836010511        1.4285714285714284       0.49487165930539379     
           8           5   8.0000000000000000        4.4999999999999991        6.0791611380091828       0.30754408110487275                1 -0.10863575117618628      -0.14638915177973941        1.2857142857142856       0.45175395145262587     
           8           6   10.000000000000000        5.4999999999999991        7.4189173321992818       0.32415523228020499                1 -0.11022667577238011      -0.11921537849816082        1.5714285714285712       0.49487165930539379     
           8           7   10.000000000000000        5.4999999999999991        7.4189173321992818       0.32415523303862692                1 -0.11022667666302201      -0.11921537818258043        1.5714285714285712       0.49487165930539379     
           8           8   9.0000000000000000        4.9999999999999991        6.6360570263685625       0.29157676214858719                1 -0.10796187693405640      -0.12111728908235499        1.4285714285714284       0.49487165930539379     
           8           9   10.000000000000000        5.4999999999999991        7.4189173321992810       0.32415523255653345                1 -0.11022667598875206      -0.11921537850180731        1.5714285714285712       0.49487165930539379     
           8          10   11.000000000000000        6.4999999999999991        8.3192689539874678       0.25690282504540540                1 -0.10101659316767110       -9.1834458058566368E-002   1.8571428571428568       0.34992710611188405     
           8          11   9.0000000000000000        5.4999999999999991        7.0013781859850459       0.21846364132556667                1  -9.9778345666436605E-002  -9.8614001978283419E-002   1.5714285714285712       0.49487165930539423     
           8          12   8.0000000000000000        4.4999999999999991        5.9719208114318718       0.28502358839510966                1 -0.10840232109893894      -0.13660777511239952        1.2857142857142856       0.45175395145262565     
           8          13   8.0000000000000000        4.9999999999999991        6.4479459149751044       0.21957598083540208                1 -0.10116963990187974      -0.11296412578820592        1.4285714285714284       0.49487165930539379     
           8          14   9.0000000000000000        5.4999999999999991        7.0013781859850450       0.21846362314741277                1  -9.9778339032280408E-002  -9.8613991412183105E-002   1.5714285714285712       0.49487165930539423     
           8          15   7.0000000000000000        3.9999999999999996        5.2511610509937956       0.27874312686502073                1 -0.10545970600557250      -0.15274718093074197        1.1428571428571426       0.34992710611188310     
           8          16   8.0000000000000000        4.4999999999999991        5.8631020466660724       0.26608037496438802                1 -0.10506110547914112      -0.12445773522065992        1.2857142857142854       0.45175395145262609     
           8          17   8.0000000000000000        4.9999999999999991        6.2834189507590983       0.19336968670454577                1  -9.7846708758096354E-002  -9.9308041698135938E-002   1.4285714285714284       0.49487165930539379     
           8          18   11.000000000000000        5.9999999999999991        8.0277589977168642       0.32676269539012875                1 -0.11015719558448712      -0.10849183616743598        1.7142857142857140       0.45175395145262687     
           8          19   8.0000000000000000        4.4999999999999991        6.0791611380091819       0.30754411500491052                1 -0.10863577919082763      -0.14638915395605281        1.2857142857142856       0.45175395145262565     
           8          20   9.0000000000000000        4.9999999999999991        6.8214190598136550       0.32580469827906194                1 -0.11081461588007195      -0.13631711591617346        1.4285714285714284       0.49487165930539334     
           8          21   10.000000000000000        5.9999999999999991        7.6986147105207312       0.24083443195843576                1 -0.10141635092263289       -9.7320981493188685E-002   1.7142857142857140       0.45175395145262637     
           8          22   7.0000000000000000        4.4999999999999991        5.7158679175608658       0.19192036549332353                1  -9.9468917970323187E-002 -0.11659961144707753        1.2857142857142856       0.45175395145262587     
           8          23   8.0000000000000000        4.9999999999999991        6.4023056201904538       0.20842475098464519                1 -0.10112953997194070      -0.11008927199870212        1.4285714285714284       0.49487165930539379     
           8          24   11.000000000000000        6.4999999999999991        8.3192689539874678       0.25690278927974558                1 -0.10101657765144258       -9.1834445504619555E-002   1.8571428571428568       0.34992710611188405     
           8          25   10.000000000000000        5.9999999999999991        7.7288822602042027       0.24939808331133667                1 -0.10151136713962694       -9.8768475862425806E-002   1.7142857142857140       0.45175395145262637     
           8          26   11.000000000000000        5.9999999999999991        8.0277589977168660       0.32676269802441948                1 -0.11015719600178206      -0.10849183779534551        1.7142857142857140       0.45175395145262687     
           8          27   10.000000000000000        5.4999999999999991        7.4189173321992810       0.32415522239099437                1 -0.11022666894808039      -0.11921537735923367        1.5714285714285712       0.49487165930539379     
           8          28   9.0000000000000000        4.9999999999999991        6.8214190598136550       0.32580469024553621                1 -0.11081462103961412      -0.13631710041829331        1.4285714285714284       0.49487165930539379     
           8          29   9.0000000000000000        5.4999999999999991        7.1525546038774568       0.24369616637869038                1 -0.10268492361236937      -0.10952404459668298        1.5714285714285712       0.49487165930539423     
           8          30   10.000000000000000        5.9999999999999991        7.7288822602042009       0.24939808227051946                1 -0.10151136537827715       -9.8768476323241483E-002   1.7142857142857140       0.45175395145262637     
           8          31   9.0000000000000000        4.9999999999999991        6.6360570263685625       0.29157674785736348                1 -0.10796187933026347      -0.12111727360029956        1.4285714285714284       0.49487165930539379     
           8          32   10.000000000000000        5.9999999999999991        7.7288822602042035       0.24939808313952128                1 -0.10151136703916168       -9.8768475809154044E-002   1.7142857142857140       0.45175395145262637     
           8          33   7.0000000000000000        4.4999999999999991        5.7158679175608675       0.19192036581353869                1  -9.9468923062297404E-002 -0.11659960860903998        1.2857142857142856       0.45175395145262565     
           8          34   9.0000000000000000        4.9999999999999991        6.6685915196974079       0.29369177933442914                1 -0.11022692713878218      -0.12634263381531749        1.4285714285714284       0.49487165930539379     
           8          35   9.0000000000000000        5.4999999999999991        7.1525546038774550       0.24369614607298679                1 -0.10268490846553952      -0.10952403836682439        1.5714285714285712       0.49487165930539423     
           8          36   7.0000000000000000        4.4999999999999991        5.7158679175608658       0.19192036439481575                1  -9.9468921453145856E-002 -0.11659960805262620        1.2857142857142856       0.45175395145262587     
           8          37   7.0000000000000000        4.4999999999999991        5.7158679175608667       0.19192037065256787                1  -9.9468912318624106E-002 -0.11659962067994881        1.2857142857142856       0.45175395145262565     
           8          38   10.000000000000000        5.4999999999999991        7.2810675242174145       0.29849349103758405                1 -0.10827823688143802      -0.11017847138347292        1.5714285714285712       0.49487165930539379     
           8          39   9.0000000000000000        4.9999999999999991        6.6360570263685634       0.29157675916059878                1 -0.10796187518557665      -0.12111728816075716        1.4285714285714284       0.49487165930539334     
           8          40   10.000000000000000        5.4999999999999991        7.3654300485821373       0.31198309601504781                1 -0.10996319530299516      -0.11679412479999882        1.5714285714285712       0.49487165930539379     
           8          41   9.0000000000000000        5.4999999999999991        7.0013781859850459       0.21846362525335883                1  -9.9778342223410005E-002  -9.8613991061969358E-002   1.5714285714285712       0.49487165930539423     
           8          42   8.0000000000000000        4.4999999999999991        5.8631020466660715       0.26608038278058704                1 -0.10506109964817312      -0.12445774802949758        1.2857142857142856       0.45175395145262565     
           8          43   12.000000000000000        6.4999999999999991        9.3409067142531761       0.46590675098010670                1 -0.16554770270706065      -0.61270452433503819        1.8571428571428568       0.34992710611188343     
           8          44   6.0000000000000000        3.4999999999999996        4.4676891436962993       0.27140670764393082                1 -0.10091188375101950      -0.17498544294530141       0.99999999999999978        1.4901161193847656E-008
           8          45   9.0000000000000000        4.9999999999999991        6.6685915196974070       0.29369178515976729                1 -0.11022692521235877      -0.12634264265866230        1.4285714285714284       0.49487165930539334     
           8          46   9.0000000000000000        4.9999999999999991        6.6360570263685634       0.29157681172567607                1 -0.10796190020209312      -0.12111731028483017        1.4285714285714284       0.49487165930539334     
           8          47   8.0000000000000000        4.4999999999999991        5.9719208114318718       0.28502358510059905                1 -0.10840231794122357      -0.13660777515853076        1.2857142857142856       0.45175395145262587     
           8          48   10.000000000000000        5.4999999999999991        7.3654300485821373       0.31198309586759609                1 -0.10996319446104767      -0.11679412561395557        1.5714285714285712       0.49487165930539379     
           8          49   9.0000000000000000        4.9999999999999991        6.6360570263685625       0.29157674407274431                1 -0.10796187817515857      -0.12111727134241855        1.4285714285714284       0.49487165930539334     
           8          50   7.0000000000000000        3.9999999999999996        5.2511610509937956       0.27874315259639082                1 -0.10545972990136927      -0.15274718049457311        1.1428571428571426       0.34992710611188277     
