           2           1   6.0000000000000000        2.9999999999999996        4.9131410145858165       0.30287394265234452                1 -0.12499999602036913      -0.19757191818047767        1.5000000000000000       0.50000000000000000     
           2           2   6.0000000000000000        2.9999999999999996        4.5286044250975541       0.25741222542323244                1 -0.12500000857915061      -0.16095408500225916        1.5000000000000000       0.50000000000000000     
           2           3   5.0000000000000000        2.4999999999999996        3.8954964957457245       0.28118225106967676                1 -0.12499999167615401      -0.21084383262367121        1.2500000000000000       0.43301270189221930     
           2           4   7.0000000000000000        3.4999999999999996        5.3613829164661464       0.27545955172818537                1 -0.12500000495558380      -0.14782376099716077        1.7500000000000000       0.43301270189221930     
           2           5   5.0000000000000000        2.4999999999999996        3.8954964957457232       0.28118225755730053                1 -0.12499999957629726      -0.21084383259833878        1.2500000000000000       0.43301270189221930     
           2           6   7.0000000000000000        3.4999999999999996        5.6474890257861832       0.32111354767059253                1 -0.12499999965465498      -0.17498045151260533        1.7500000000000000       0.43301270189221930     
           2           7   6.0000000000000000        2.9999999999999996        4.5527891016751241       0.25667217697726030                1 -0.12500000048665622      -0.15917367905763427        1.5000000000000000       0.50000000000000000     
           2           8   5.0000000000000000        2.4999999999999996        3.8954964957457241       0.28118225637700389                1 -0.12499999881686437      -0.21084383086457870        1.2500000000000000       0.43301270189221930     
           2           9   7.0000000000000000        3.4999999999999996        5.3613829164661464       0.27545954338164214                1 -0.12500000001207409      -0.14782374742347612        1.7500000000000000       0.43301270189221930     
           2          10   7.0000000000000000        3.4999999999999996        5.2689166411078840       0.27663254887032962                1 -0.12499999655073285      -0.14965057730468367        1.7500000000000000       0.43301270189221930     
           2          11   7.0000000000000000        3.4999999999999996        5.6474890257861823       0.32111354554901905                1 -0.12499999768078522      -0.17498044862263118        1.7500000000000000       0.43301270189221930     
           2          12   6.0000000000000000        2.9999999999999996        4.5527891016751232       0.25667217066941833                1 -0.12500000008895129      -0.15917366299741637        1.5000000000000000       0.50000000000000000     
           2          13   6.0000000000000000        2.9999999999999996        4.5286044250975550       0.25741221802735537                1 -0.12500000209882253      -0.16095408055737850        1.5000000000000000       0.50000000000000000     
           2          14   5.0000000000000000        2.4999999999999996        3.8954964957457241       0.28118226690760773                1 -0.12500000553322949      -0.21084384648525195        1.2500000000000000       0.43301270189221930     
           2          15   7.0000000000000000        3.4999999999999996        5.6474890257861823       0.32111354696901223                1 -0.12499999875068660      -0.17498045234095536        1.7500000000000000       0.43301270189221930     
           2          16   6.0000000000000000        2.9999999999999996        4.6162637878375046       0.28491115998254624                1 -0.12500000580466164      -0.17388067038515742        1.5000000000000000       0.50000000000000000     
           2          17   6.0000000000000000        2.9999999999999996        4.6162637878375046       0.28491115748538332                1 -0.12500000016012652      -0.17388067552005013        1.5000000000000000       0.50000000000000000     
           2          18   5.0000000000000000        2.4999999999999996        3.7616689434950845       0.24843669570297325                1 -0.12500000133075895      -0.18717532331090955        1.2500000000000000       0.43301270189221930     
           2          19   4.0000000000000000        1.9999999999999998        3.0582807581598619       0.29815285687068183                1 -0.12499999984138781      -0.28139232702823064        1.0000000000000000        0.0000000000000000     
           2          20   7.0000000000000000        3.4999999999999996        5.3613829164661464       0.27545954351924040                1 -0.12500000115313145      -0.14782374563023393        1.7500000000000000       0.43301270189221930     
           2          21   6.0000000000000000        2.9999999999999996        4.5527891016751241       0.25667217433081191                1 -0.12499999678353366      -0.15917367786275585        1.5000000000000000       0.50000000000000000     
           2          22   5.0000000000000000        2.4999999999999996        4.0019731401188849       0.29008622435624742                1 -0.12500000709039194      -0.22002135237420561        1.2500000000000000       0.43301270189221930     
           2          23   7.0000000000000000        3.4999999999999996        5.2689166411078832       0.27663255103953621                1 -0.12499999807652501      -0.14965057826688641        1.7500000000000000       0.43301270189221930     
           2          24   7.0000000000000000        3.4999999999999996        5.3613829164661482       0.27545956014197887                1 -0.12500001063441815      -0.14782377335625840        1.7500000000000000       0.43301270189221930     
           2          25   7.0000000000000000        3.4999999999999996        5.3613829164661455       0.27545954235858039                1 -0.12499999908624360      -0.14782374636866077        1.7500000000000000       0.43301270189221930     
           2          26   5.0000000000000000        2.4999999999999996        3.8954964957457241       0.28118225785630380                1 -0.12500000046130971      -0.21084383126127354        1.2500000000000000       0.43301270189221930     
           2          27   5.0000000000000000        2.4999999999999996        3.8954964957457241       0.28118224870337571                1 -0.12500000049029195      -0.21084380263880464        1.2500000000000000       0.43301270189221930     
           2          28   6.0000000000000000        2.9999999999999996        4.6162637878375072       0.28491115705063186                1 -0.12500000108099746      -0.17388067314166158        1.5000000000000000       0.50000000000000000     
           2          29   5.0000000000000000        2.4999999999999996        3.8954964957457241       0.28118225675107816                1 -0.12499999873937293      -0.21084383223005498        1.2500000000000000       0.43301270189221930     
           2          30   8.0000000000000000        3.9999999999999996        6.1165615163197238       0.29815285669605573                1 -0.12499999994253198       0.85930383717141579        2.0000000000000000        0.0000000000000000     
           2          31   7.0000000000000000        3.4999999999999996        5.3613829164661473       0.27545954540346018                1 -0.12500000384636467      -0.14782374569197956        1.7500000000000000       0.43301270189221930     
           2          32   4.0000000000000000        1.9999999999999998        3.0582807581598619       0.29815286076546677                1 -0.12500000463578864      -0.28139232429685407        1.0000000000000000        0.0000000000000000     
           2          33   5.0000000000000000        2.4999999999999996        3.8954964957457245       0.28118225873931135                1 -0.12500000142251005      -0.21084383155033967        1.2500000000000000       0.43301270189221930     
           2          34   6.0000000000000000        2.9999999999999996        4.9131410145858165       0.30287394546611629                1 -0.12499999981116942      -0.19757189916329523        1.5000000000000000       0.50000000000000000     
           2          35   5.0000000000000000        2.4999999999999996        4.0019731401188849       0.29008621854194616                1 -0.12499999496335674      -0.22002136179196466        1.2500000000000000       0.43301270189221930     
           2          36   7.0000000000000000        3.4999999999999996        5.6474890257861832       0.32111353399846870                1 -0.12499998386712950      -0.17498045466967380        1.7500000000000000       0.43301270189221930     
           2          37   5.0000000000000000        2.4999999999999996        4.0019731401188858       0.29008622662170519                1 -0.12500000852853954      -0.22002136564992800        1.2500000000000000       0.43301270189221930     
           2          38   6.0000000000000000        2.9999999999999996        4.5286044250975550       0.25741221799230812                1 -0.12499999995562174      -0.16095408410531681        1.5000000000000000       0.50000000000000000     
           2          39   8.0000000000000000        3.9999999999999996        6.1165615163197229       0.29815286031708421                1 -0.12499999991770272       0.85930382785232085        2.0000000000000000        0.0000000000000000     
           2          40   7.0000000000000000        3.4999999999999996        5.2689166411078840       0.27663255251269137                1 -0.12500000024736257      -0.14965057689219124        1.7500000000000000       0.43301270189221930     
           2          41   7.0000000000000000        3.4999999999999996        5.3613829164661464       0.27545952910073912                1 -0.12499999469787540      -0.14782371821373527        1.7500000000000000       0.43301270189221930     
           2          42   5.0000000000000000        2.4999999999999996        4.0019731401188867       0.29008622113724014                1 -0.12500000118380894      -0.22002135342594767        1.2500000000000000       0.43301270189221930     
           2          43   7.0000000000000000        3.4999999999999996        5.6474890257861832       0.32111354201828218                1 -0.12499999285948214      -0.17498045472313334        1.7500000000000000       0.43301270189221930     
           2          44   7.0000000000000000        3.4999999999999996        5.3613829164661491       0.27545953898785125                1 -0.12499999290307372      -0.14782374885699862        1.7500000000000000       0.43301270189221930     
           2          45   5.0000000000000000        2.4999999999999996        4.0019731401188858       0.29008620636391436                1 -0.12499998226750650      -0.22002131602425548        1.2500000000000000       0.43301270189221930     
           2          46   7.0000000000000000        3.4999999999999996        5.6474890257861823       0.32111354936329950                1 -0.12500000165262451      -0.17498045081383351        1.7500000000000000       0.43301270189221930     
           2          47   8.0000000000000000        3.9999999999999996        6.1165615163197238       0.29815283931615882                1 -0.12500000064575062       0.85930388328003393        2.0000000000000000        0.0000000000000000     
           2          48   7.0000000000000000        3.4999999999999996        5.2689166411078832       0.27663255574451007                1 -0.12500000010214180      -0.14965058264866329        1.7500000000000000       0.43301270189221930     
           2          49   7.0000000000000000        3.4999999999999996        5.3613829164661464       0.27545954359854541                1 -0.12499999999214463      -0.14782374805871268        1.7500000000000000       0.43301270189221930     
           2          50   5.0000000000000000        2.4999999999999996        4.0019731401188858       0.29008621981478971                1 -0.12500000001447409      -0.22002134737663642        1.2500000000000000       0.43301270189221930     
