          12           1   7.0000000000000000        4.4999999999999991        5.8925836129651508       0.30203087140304696                1 -0.10312852015290634      -0.11267305657222067        1.4999999999999998       0.50000000000000000     
          12           2   7.0000000000000000        4.4999999999999991        5.8925836129651499       0.30203084906865940                1 -0.10312850233143116      -0.11267304300633942        1.5000000000000002       0.49999999999999867     
          12           3   9.0000000000000000        4.9999999999999991        6.9300794480071932       0.27735815637890027                1 -0.11133656309365955      -0.12202559311411026        1.6666666666666665       0.47140452079103179     
          12           4   7.0000000000000000        4.4999999999999991        5.7775085374554491       0.16018667764447175                1  -9.8801652632791129E-002 -0.10273361205014979        1.5000000000000000       0.50000000000000000     
          12           5   8.0000000000000000        4.9999999999999991        6.4723646025380965       0.17517921780605117                1 -0.10100369444562013       -9.9642981943084366E-002   1.6666666666666665       0.47140452079103223     
          12           6   7.0000000000000000        4.4999999999999991        5.8925836129651499       0.30203087170415799                1 -0.10312852002960453      -0.11267305719626532        1.4999999999999998       0.50000000000000000     
          12           7   5.0000000000000000        3.4999999999999996        4.5695655925544703       0.65780495343281520                1 -0.10126629454543148      -0.14327189729895068        1.1666666666666665       0.37267799624996550     
          12           8   8.0000000000000000        4.4999999999999991        6.0631794780175436       0.23849102046977780                1 -0.10839795815585117      -0.12171339852962544        1.4999999999999998       0.50000000000000044     
          12           9   6.0000000000000000        3.4999999999999996        4.6727228895964101       0.21584416652737762                1 -0.10698546342010505      -0.15349844518510020        1.1666666666666665       0.37267799624996550     
          12          10   6.0000000000000000        3.9999999999999996        5.2146371502989233       0.42396381583747095                1 -0.10232965758974975      -0.12098973324756408        1.3333333333333333       0.47140452079103179     
          12          11   6.0000000000000000        3.4999999999999996        4.7223408029722558       0.22855263533054060                1 -0.10640478307538291      -0.16015475677912566        1.1666666666666667       0.37267799624996456     
          12          12   7.0000000000000000        4.4999999999999991        6.1890742901879836       0.55294374869934604                1 -0.10613500906822478      -0.13278500186229625        1.5000000000000000       0.49999999999999956     
          12          13   9.0000000000000000        5.4999999999999991        7.2848308977981340       0.19709940257804526                1 -0.10480067870937157      -0.10265107349638354        1.8333333333333330       0.37267799624996606     
          12          14   7.0000000000000000        4.4999999999999991        6.1890742901879836       0.55294374235388621                1 -0.10613500674107422      -0.13278499873259320        1.5000000000000000       0.49999999999999956     
          12          15   8.0000000000000000        4.9999999999999991        6.8046640330707504       0.41839627563602289                1 -0.10721395967903508      -0.11834665953423396        1.6666666666666665       0.47140452079103179     
          12          16   7.0000000000000000        4.4999999999999991        5.8925836129651517       0.30203088604459255                1 -0.10312854326237621      -0.11267305160086839        1.4999999999999998       0.50000000000000000     
          12          17   8.0000000000000000        4.4999999999999991        6.2552615778924094       0.25476554482831593                1 -0.11334315949692138      -0.13332899193659081        1.4999999999999998       0.50000000000000000     
          12          18   9.0000000000000000        4.9999999999999991        6.9300794480071906       0.27735815535071690                1 -0.11133656203271587      -0.12202559304362558        1.6666666666666665       0.47140452079103179     
          12          19   7.0000000000000000        3.9999999999999996        5.5243506169261343       0.23854342166497117                1 -0.11287381996244476      -0.14623336902841627        1.3333333333333335       0.47140452079103129     
          12          20   8.0000000000000000        4.4999999999999991        6.0779665542476353       0.24472379727899252                1 -0.10821600533725720      -0.12202314088740195        1.5000000000000000       0.50000000000000000     
          12          21   9.0000000000000000        5.4999999999999991        7.3202411196918149       0.20489773833392702                1 -0.10407122761511985      -0.10365760170320301        1.8333333333333330       0.37267799624996606     
          12          22   7.0000000000000000        3.9999999999999996        5.5243506169261334       0.23854343234822323                1 -0.11287382726494558      -0.14623337774787099        1.3333333333333335       0.47140452079103129     
          12          23   8.0000000000000000        4.4999999999999991        6.3750058716377653       0.27535062242859820                1 -0.11336629815778007      -0.14350295791830531        1.5000000000000000       0.50000000000000000     
          12          24   7.0000000000000000        3.9999999999999996        5.5243506169261334       0.23854343390399277                1 -0.11287382755042924      -0.14623338013678783        1.3333333333333335       0.47140452079103129     
          12          25   8.0000000000000000        4.9999999999999991        6.8046640330707513       0.41839627562955661                1 -0.10721395967759076      -0.11834665953063921        1.6666666666666665       0.47140452079103179     
          12          26   6.0000000000000000        3.4999999999999996        4.7223408029722558       0.22855263546217447                1 -0.10640478287224941      -0.16015475729795986        1.1666666666666667       0.37267799624996456     
          12          27   7.0000000000000000        4.4999999999999991        6.0823079621436396       0.49478708011331596                1 -0.10759009333355667      -0.12366561867255471        1.5000000000000000       0.50000000000000000     
          12          28   8.0000000000000000        4.4999999999999991        6.0779665542476344       0.24472373347908671                1 -0.10821573535246212      -0.12202333176934853        1.4999999999999998       0.50000000000000000     
          12          29   9.0000000000000000        4.9999999999999991        6.8757441736859661       0.26660875508238169                1 -0.11200705435159691      -0.12156820442114202        1.6666666666666665       0.47140452079103179     
          12          30   7.0000000000000000        4.4999999999999991        5.7775085374554518       0.16018667239750817                1  -9.8801658051936497E-002 -0.10273360019512322        1.5000000000000000       0.50000000000000000     
          12          31   6.0000000000000000        3.4999999999999996        4.7223408029722558       0.22855262854980024                1 -0.10640477668243874      -0.16015475213086822        1.1666666666666665       0.37267799624996550     
          12          32   7.0000000000000000        3.9999999999999996        5.3242749349491341       0.22819061346527175                1 -0.10499147778458469      -0.12844323614708436        1.3333333333333333       0.47140452079103157     
          12          33   5.0000000000000000        3.4999999999999996        4.5695655925544703       0.65780493738420076                1 -0.10126629753230008      -0.14327188138696062        1.1666666666666665       0.37267799624996550     
          12          34   7.0000000000000000        3.9999999999999996        5.6973249655465450       0.26046584608432821                1 -0.11157149150469413      -0.16127187501310081        1.3333333333333333       0.47140452079103157     
          12          35   6.0000000000000000        3.9999999999999996        5.5494963982926944       0.81367244144496298                1 -0.10764561631517794       0.84854728091615872        1.3333333333333335       0.47140452079103129     
          12          36   8.0000000000000000        4.9999999999999991        6.7506718071281755       0.34861244281798576                1 -0.10716345687400955      -0.11586765949273607        1.6666666666666667       0.47140452079103085     
          12          37   9.0000000000000000        5.4999999999999991        7.3202411196918149       0.20489773842682205                1 -0.10407122767129338      -0.10365760179154183        1.8333333333333330       0.37267799624996606     
          12          38   7.0000000000000000        3.9999999999999996        5.3999050941321105       0.22762390192223619                1 -0.10946822839730969      -0.13597337812413587        1.3333333333333333       0.47140452079103179     
          12          39   8.0000000000000000        4.9999999999999991        6.7506718071281773       0.34861244480230047                1 -0.10716347130095512      -0.11586763946341186        1.6666666666666667       0.47140452079103085     
          12          40   7.0000000000000000        4.4999999999999991        5.9440702711868472       0.35837227363025015                1 -0.10309601823584476      -0.11582447483050766        1.5000000000000000       0.50000000000000000     
          12          41   6.0000000000000000        3.4999999999999996        4.7223408029722558       0.22855263326573383                1 -0.10640479030666722      -0.16015474334289242        1.1666666666666665       0.37267799624996550     
          12          42   6.0000000000000000        3.9999999999999996        5.2406348790712327       0.44868112854607700                1 -0.10177059534461087      -0.12418776574342290        1.3333333333333333       0.47140452079103179     
          12          43   6.0000000000000000        3.4999999999999996        4.6727228895964092       0.21584417265231848                1 -0.10698546779547795      -0.15349845096482617        1.1666666666666665       0.37267799624996550     
          12          44   9.0000000000000000        4.9999999999999991        6.9300794480071923       0.27735815254064539                1 -0.11133656080414780      -0.12202559083103452        1.6666666666666665       0.47140452079103179     
          12          45   7.0000000000000000        3.9999999999999996        5.2780882576797339       0.21266098123912841                1 -0.10560112745254994      -0.12473393668745385        1.3333333333333333       0.47140452079103179     
          12          46   7.0000000000000000        4.4999999999999991        5.7516514282464017       0.15132852058551435                1  -9.9423435940564547E-002 -0.10053178572704588        1.4999999999999998       0.50000000000000044     
          12          47   7.0000000000000000        3.9999999999999996        5.5243506169261343       0.23854343851235291                1 -0.11287382637702256      -0.14623339011751257        1.3333333333333335       0.47140452079103129     
          12          48   7.0000000000000000        4.4999999999999991        5.9440702711868463       0.35837227334106336                1 -0.10309601775756631      -0.11582447488957807        1.5000000000000000       0.50000000000000000     
          12          49   8.0000000000000000        4.4999999999999991        6.0631794780175454       0.23849102020960694                1 -0.10839795819595442      -0.12171339811215888        1.4999999999999998       0.50000000000000044     
          12          50   7.0000000000000000        4.4999999999999991        5.7775085374554518       0.16018667052481869                1  -9.8801652526304018E-002 -0.10273360073644161        1.5000000000000000       0.50000000000000000     
