          13           1   10.000000000000000        6.9999999999999991        8.7422649115601132       0.49880469358995871                1  -9.4471150897454600E-002  0.91721451192823922        1.9999999999999996        2.9802322387695312E-008
          13           2   8.0000000000000000        4.9999999999999991        6.3611884580666027       0.19577952053252495                1  -9.7769668839666729E-002 -0.10865153603381106        1.4285714285714284       0.49487165930539379     
          13           3   9.0000000000000000        5.4999999999999991        6.9806741090115061       0.20955580863889997                1  -9.7352711275076442E-002  -9.9817331119573888E-002   1.5714285714285712       0.49487165930539379     
          13           4   6.0000000000000000        3.9999999999999996        5.0578795306920119       0.34143345399816594                1  -9.7459599030605373E-002 -0.13541404781284944        1.1428571428571428       0.34992710611188244     
          13           5   8.0000000000000000        5.4999999999999991        7.1294259816115497       0.64331657631974815                1 -0.10074824954000532      -0.10888129851507475        1.5714285714285712       0.49487165930539423     
          13           6   10.000000000000000        6.4999999999999991        8.2367525679703260       0.19128653564190534                1  -9.6853783136658919E-002  -9.0309235285530670E-002   1.8571428571428568       0.34992710611188343     
          13           7   9.0000000000000000        5.4999999999999991        7.2223621014038430       0.24015863093379833                1 -0.10253586574882831      -0.11340185038129587        1.5714285714285712       0.49487165930539379     
          13           8   9.0000000000000000        5.9999999999999991        7.6725265568322003       0.36921263558732725                1  -9.8934631183514865E-002  -9.7530313854147621E-002   1.7142857142857140       0.45175395145262637     
          13           9   9.0000000000000000        5.9999999999999991        7.6405148141975268       0.36506999291267206                1  -9.9030382090768698E-002  -9.6258125180968226E-002   1.7142857142857140       0.45175395145262637     
          13          10   9.0000000000000000        5.4999999999999991        7.2223621014038439       0.24015863800535125                1 -0.10253585806356445      -0.11340186370003044        1.5714285714285712       0.49487165930539379     
          13          11   7.0000000000000000        4.9999999999999991        6.2404166017018898       0.42569983815993351                1  -9.4247674390412040E-002  -9.8894986115302119E-002   1.4285714285714284       0.49487165930539379     
          13          12   9.0000000000000000        5.9999999999999991        7.4486924648377135       0.16668175662426826                1  -9.3170043232922717E-002  -8.6583354729689782E-002   1.7142857142857140       0.45175395145262637     
          13          13   9.0000000000000000        5.4999999999999991        7.2223621014038439       0.24015863758111350                1 -0.10253585718377362      -0.11340186399372408        1.5714285714285712       0.49487165930539379     
          13          14   9.0000000000000000        5.4999999999999991        7.1727374988158017       0.22480869872756343                1 -0.10278742121899319      -0.11146462725892649        1.5714285714285712       0.49487165930539379     
          13          15   9.0000000000000000        5.9999999999999991        7.6725265568322012       0.36921257436728561                1  -9.8934624134798102E-002  -9.7530283674817392E-002   1.7142857142857140       0.45175395145262687     
          13          16   9.0000000000000000        5.4999999999999991        6.9806741090115061       0.20955580732428614                1  -9.7352716511625539E-002  -9.9817325672641025E-002   1.5714285714285712       0.49487165930539423     
          13          17   7.0000000000000000        4.4999999999999991        5.6873583390025884       0.18058558022039062                1  -9.7236538612360104E-002 -0.11569416373458319        1.2857142857142854       0.45175395145262609     
          13          18   8.0000000000000000        4.9999999999999991        6.6999680250804587       0.47521215015454865                1 -0.10567233403108378       0.86689372456492264        1.4285714285714284       0.49487165930539334     
          13          19   8.0000000000000000        4.9999999999999991        6.6291937674568171       0.23702753567843560                1 -0.10226059321251273      -0.12705730965697223        1.4285714285714284       0.49487165930539379     
          13          20   9.0000000000000000        5.9999999999999991        7.6725265568322047       0.36921279343220859                1  -9.8934664637945050E-002  -9.7530383136973514E-002   1.7142857142857140       0.45175395145262637     
          13          21   8.0000000000000000        5.4999999999999991        7.0214416574509579       0.48632611889385202                1  -9.9640535971499758E-002 -0.10088912052471423        1.5714285714285712       0.49487165930539423     
          13          22   8.0000000000000000        5.4999999999999991        6.8720023340313467       0.31491105058153052                1  -9.4646005297690308E-002  -9.3573972969262717E-002   1.5714285714285712       0.49487165930539379     
          13          23   8.0000000000000000        4.9999999999999991        6.5421814774081604       0.21267481258443721                1 -0.10316719025988595      -0.11980884466922075        1.4285714285714284       0.49487165930539379     
          13          24   9.0000000000000000        5.4999999999999991        7.2223621014038457       0.24015863581204494                1 -0.10253585694875943      -0.11340186242014819        1.5714285714285712       0.49487165930539423     
          13          25   9.0000000000000000        5.9999999999999991        7.6725265568322012       0.36921263037438534                1  -9.8934613153432036E-002  -9.7530321013275689E-002   1.7142857142857140       0.45175395145262637     
          13          26   8.0000000000000000        4.9999999999999991        6.3611884580666036       0.19577952093341894                1  -9.7769667633324356E-002 -0.10865153751670117        1.4285714285714284       0.49487165930539334     
          13          27   7.0000000000000000        4.4999999999999991        6.0400597084901877       0.45028048026035311                1 -0.10460248248145718      -0.14766548910952582        1.2857142857142856       0.45175395145262565     
          13          28   8.0000000000000000        5.4999999999999991        6.8800750922236755       0.31498202128071373                1  -9.4488468373399290E-002  -9.4080684391751407E-002   1.5714285714285712       0.49487165930539379     
          13          29   9.0000000000000000        5.9999999999999991        7.6725265568322012       0.36921258680227498                1  -9.8934632502423847E-002  -9.7530285933389027E-002   1.7142857142857140       0.45175395145262637     
          13          30   8.0000000000000000        5.4999999999999991        6.8720023340313485       0.31491106475055597                1  -9.4645994222169350E-002  -9.3573987621137666E-002   1.5714285714285712       0.49487165930539334     
          13          31   9.0000000000000000        5.9999999999999991        7.6725265568322012       0.36921263204523136                1  -9.8934629809450184E-002  -9.7530312647347572E-002   1.7142857142857140       0.45175395145262637     
          13          32   8.0000000000000000        5.4999999999999991        6.8641237217834439       0.31368727246384992                1  -9.4696036255299446E-002  -9.3144595845920164E-002   1.5714285714285712       0.49487165930539334     
          13          33   8.0000000000000000        4.9999999999999991        6.4825098158243319       0.19845112854467997                1 -0.10319673786058944      -0.11716601467862299        1.4285714285714284       0.49487165930539379     
          13          34   9.0000000000000000        5.4999999999999991        7.1727374988158017       0.22480869797931169                1 -0.10278742091402267      -0.11146462662683938        1.5714285714285712       0.49487165930539379     
          13          35   8.0000000000000000        5.4999999999999991        6.8641237217834448       0.31368722774687213                1  -9.4696028929181109E-002  -9.3144571071619386E-002   1.5714285714285712       0.49487165930539334     
          13          36   8.0000000000000000        4.9999999999999991        6.6291937674568171       0.23702753825528017                1 -0.10226059345063213      -0.12705731219497535        1.4285714285714284       0.49487165930539379     
          13          37   7.0000000000000000        4.9999999999999991        6.2856599139387574       0.53671666070908908                1  -9.5907953566287327E-002 -0.10354218585740761        1.4285714285714284       0.49487165930539379     
          13          38   7.0000000000000000        4.4999999999999991        5.6722148790296982       0.17383767949327183                1  -9.7289884282926870E-002 -0.11465431752947983        1.2857142857142856       0.45175395145262587     
          13          39   7.0000000000000000        4.4999999999999991        5.9139244811229554       0.39303702049396683                1 -0.10514438462192026      -0.13589815281702028        1.2857142857142856       0.45175395145262565     
          13          40   9.0000000000000000        5.9999999999999991        7.6725265568321994       0.36921263196192883                1  -9.8934643215786905E-002  -9.7530305117851157E-002   1.7142857142857140       0.45175395145262637     
          13          41   8.0000000000000000        5.4999999999999991        6.8720023340313485       0.31491106521739198                1  -9.4646008766972670E-002  -9.3573980426468042E-002   1.5714285714285712       0.49487165930539334     
          13          42   7.0000000000000000        4.4999999999999991        5.9139244811229572       0.39303701947754954                1 -0.10514438322753601      -0.13589815309380709        1.2857142857142856       0.45175395145262565     
          13          43   7.0000000000000000        4.4999999999999991        5.9139244811229545       0.39303703267050083                1 -0.10514438539331382      -0.13589816352361789        1.2857142857142856       0.45175395145262587     
          13          44   8.0000000000000000        5.4999999999999991        7.0214416574509562       0.48632607232140868                1  -9.9640526863052234E-002 -0.10088910232608524        1.5714285714285712       0.49487165930539423     
          13          45   8.0000000000000000        4.9999999999999991        6.5421814774081621       0.21267481698435878                1 -0.10316719236907843      -0.11980884885984656        1.4285714285714284       0.49487165930539379     
          13          46   8.0000000000000000        5.4999999999999991        6.8720023340313485       0.31491106242709388                1  -9.4645991228312576E-002  -9.3573987695317440E-002   1.5714285714285712       0.49487165930539379     
          13          47   9.0000000000000000        5.4999999999999991        7.1727374988158026       0.22480869617914517                1 -0.10278743513302961      -0.11146461109425096        1.5714285714285712       0.49487165930539334     
          13          48   8.0000000000000000        4.9999999999999991        6.3611884580666018       0.19577952234874876                1  -9.7769670362302427E-002 -0.10865153703446012        1.4285714285714284       0.49487165930539334     
          13          49   9.0000000000000000        5.4999999999999991        7.1727374988158026       0.22480870644213125                1 -0.10278743118491343      -0.11146462738339784        1.5714285714285712       0.49487165930539334     
          13          50   9.0000000000000000        6.4999999999999991        7.9825692903457428       0.43191753752670087                1  -9.1066520163235187E-002  -7.9586383149412382E-002   1.8571428571428568       0.34992710611188405     
