           7           1   9.0000000000000000        4.4999999999999991        6.5268496595476844       0.36691455228382319                1 -0.12499999841102850      -0.13746358387023663        1.4999999999999998       0.50000000000000044     
           7           2   7.0000000000000000        3.4999999999999996        5.0968899127673604       0.37672788345391650                1 -0.12499999669389301      -0.18155613580588209        1.1666666666666665       0.37267799624996550     
           7           3   10.000000000000000        4.9999999999999991        7.1968024723443822       0.36882447844888766                1 -0.12499999784644031      -0.12332747385405297        1.6666666666666667       0.47140452079103085     
           7           4   10.000000000000000        4.9999999999999991        7.3130101190523806       0.38976316618333590                1 -0.12499997119593852      -0.13058226310640461        1.6666666666666665       0.47140452079103223     
           7           5   8.0000000000000000        3.9999999999999996        5.7911875628147902       0.36682637928487571                1 -0.12500001092304874      -0.15422428936840096        1.3333333333333333       0.47140452079103179     
           7           6   8.0000000000000000        3.9999999999999996        5.7911875628147920       0.36682634587520846                1 -0.12499999821644450      -0.15422426514865353        1.3333333333333333       0.47140452079103179     
           7           7   9.0000000000000000        4.4999999999999991        6.5268496595476826       0.36691455814919977                1 -0.12500000166814598      -0.13746358678263770        1.4999999999999998       0.50000000000000000     
           7           8   8.0000000000000000        3.9999999999999996        5.9575659360382254       0.38448590909994268                1 -0.12500000352455548      -0.16601716039040768        1.3333333333333335       0.47140452079103129     
           7           9   11.000000000000000        5.4999999999999991        7.9422333862743422       0.39210707670189759                1 -0.12499999998837168      -0.11864810580773917        1.8333333333333330       0.37267799624996606     
           7          10   11.000000000000000        5.4999999999999991        7.9422333862743395       0.39210707490479246                1 -0.12499999988662003      -0.11864810408760540        1.8333333333333333       0.37267799624996489     
           7          11   7.0000000000000000        3.4999999999999996        5.0968899127673595       0.37672788116204581                1 -0.12499999338592861      -0.18155613858277886        1.1666666666666665       0.37267799624996550     
           7          12   7.0000000000000000        3.4999999999999996        5.0968899127673586       0.37672786008603870                1 -0.12499997050050672      -0.18155614876352386        1.1666666666666665       0.37267799624996550     
           7          13   11.000000000000000        5.4999999999999991        7.9422333862743422       0.39210707589891691                1 -0.12499999997022973      -0.11864810500300914        1.8333333333333330       0.37267799624996606     
           7          14   7.0000000000000000        3.4999999999999996        5.0968899127673586       0.37672787810891473                1 -0.12499998689016142      -0.18155614653954941        1.1666666666666665       0.37267799624996550     
           7          15   9.0000000000000000        4.4999999999999991        6.5268496595476844       0.36691455794949285                1 -0.12499999971608416      -0.13746358925553759        1.4999999999999998       0.50000000000000000     
           7          16   10.000000000000000        4.9999999999999991        7.2482036337768632       0.38169845336872826                1 -0.12500001073806827      -0.12917752499991325        1.6666666666666665       0.47140452079103179     
           7          17   9.0000000000000000        4.4999999999999991        6.5268496595476861       0.36691451882622644                1 -0.12499994418290862      -0.13746361705774157        1.4999999999999998       0.50000000000000000     
           7          18   7.0000000000000000        3.4999999999999996        5.0968899127673604       0.37672788516390754                1 -0.12499999810903055      -0.18155613587998556        1.1666666666666665       0.37267799624996550     
           7          19   10.000000000000000        4.9999999999999991        7.3130101190523797       0.38976320171245299                1 -0.12499999879802406      -0.13058226544500789        1.6666666666666665       0.47140452079103179     
           7          20   8.0000000000000000        3.9999999999999996        5.7911875628147902       0.36682634917678325                1 -0.12499999888989174      -0.15422426843739589        1.3333333333333333       0.47140452079103179     
           7          21   10.000000000000000        4.9999999999999991        7.3130101190523806       0.38976320963244859                1 -0.12500000077581291      -0.13058227241639242        1.6666666666666665       0.47140452079103223     
           7          22   10.000000000000000        4.9999999999999991        7.1968024723443840       0.36882447955986808                1 -0.12499999952790518      -0.12332747307792950        1.6666666666666665       0.47140452079103179     
           7          23   10.000000000000000        4.9999999999999991        7.1968024723443840       0.36882448588148203                1 -0.12500000653212157      -0.12332747164496777        1.6666666666666667       0.47140452079103085     
           7          24   9.0000000000000000        4.4999999999999991        6.4803671092787489       0.37010585363625659                1 -0.12499999975486391      -0.13991049823096746        1.5000000000000000       0.50000000000000000     
           7          25   9.0000000000000000        4.4999999999999991        6.6844030712753923       0.39273763073975998                1 -0.12499999661474503      -0.14915586209340997        1.5000000000000000       0.49999999999999956     
           7          26   8.0000000000000000        3.9999999999999996        5.9575659360382272       0.38448589838179631                1 -0.12499999972644286      -0.16601714564502970        1.3333333333333333       0.47140452079103157     
           7          27   8.0000000000000000        3.9999999999999996        5.9575659360382263       0.38448589811272349                1 -0.12499999851749757      -0.16601714832423117        1.3333333333333333       0.47140452079103157     
           7          28   8.0000000000000000        3.9999999999999996        5.7911875628147911       0.36682634790639196                1 -0.12499999999184179      -0.15422426507894160        1.3333333333333333       0.47140452079103157     
           7          29   10.000000000000000        4.9999999999999991        7.2482036337768569       0.38169841831443946                1 -0.12500001123847759      -0.12917748166263182        1.6666666666666665       0.47140452079103179     
           7          30   9.0000000000000000        4.4999999999999991        6.5268496595476826       0.36691455768628489                1 -0.12500000000875403      -0.13746358851180460        1.5000000000000000       0.49999999999999956     
           7          31   10.000000000000000        4.9999999999999991        7.1968024723443813       0.36882451828920915                1 -0.12500001029863922      -0.12332750170217073        1.6666666666666665       0.47140452079103179     
           7          32   9.0000000000000000        4.4999999999999991        6.5268496595476844       0.36691457079767054                1 -0.12499999930829113      -0.13746360617196890        1.5000000000000000       0.49999999999999956     
           7          33   10.000000000000000        4.9999999999999991        7.1968024723443822       0.36882447933698914                1 -0.12499999999446898      -0.12332747229811207        1.6666666666666665       0.47140452079103223     
           7          34   10.000000000000000        4.9999999999999991        7.3130101190523806       0.38976321035899725                1 -0.12500000089692534      -0.13058227314910911        1.6666666666666665       0.47140452079103223     
           7          35   9.0000000000000000        4.4999999999999991        6.5268496595476853       0.36691455802059825                1 -0.12499999998873856      -0.13746358896511288        1.5000000000000000       0.49999999999999956     
           7          36   9.0000000000000000        4.4999999999999991        6.5268496595476835       0.36691455996643602                1 -0.12500000012139179      -0.13746359125549032        1.5000000000000000       0.49999999999999956     
           7          37   8.0000000000000000        3.9999999999999996        5.7911875628147902       0.36682634805715097                1 -0.12499999962216275      -0.15422426584487620        1.3333333333333333       0.47140452079103179     
           7          38   10.000000000000000        4.9999999999999991        7.3130101190523806       0.38976320610918636                1 -0.12499999830891116      -0.13058227176694401        1.6666666666666665       0.47140452079103179     
           7          39   10.000000000000000        4.9999999999999991        7.3130101190523806       0.38976320849980395                1 -0.12499999991515524      -0.13058227231205527        1.6666666666666665       0.47140452079103179     
           7          40   8.0000000000000000        3.9999999999999996        5.9575659360382280       0.38448589888833112                1 -0.12500000003595205      -0.16601714598587528        1.3333333333333333       0.47140452079103157     
           7          41   8.0000000000000000        3.9999999999999996        5.9575659360382263       0.38448590727520954                1 -0.12500000777544917      -0.16601714446912647        1.3333333333333333       0.47140452079103157     
           7          42   8.0000000000000000        3.9999999999999996        5.9575659360382254       0.38448589786765297                1 -0.12500000068728079      -0.16601714180772598        1.3333333333333335       0.47140452079103129     
           7          43   10.000000000000000        4.9999999999999991        7.2482036337768569       0.38169838634440573                1 -0.12500000101037703      -0.12917745859525814        1.6666666666666667       0.47140452079103085     
           7          44   8.0000000000000000        3.9999999999999996        5.9575659360382272       0.38448593294005490                1 -0.12500002377932126      -0.16601716085771767        1.3333333333333333       0.47140452079103179     
           7          45   10.000000000000000        4.9999999999999991        7.3130101190523842       0.38976321130412672                1 -0.12499999493226391      -0.13058228356029930        1.6666666666666665       0.47140452079103179     
           7          46   8.0000000000000000        3.9999999999999996        5.7911875628147902       0.36682634824119037                1 -0.12499999992636696      -0.15422426561813757        1.3333333333333333       0.47140452079103179     
           7          47   11.000000000000000        5.4999999999999991        7.9422333862743404       0.39210707567909353                1 -0.12499999989439967      -0.11864810487644306        1.8333333333333333       0.37267799624996489     
           7          48   10.000000000000000        4.9999999999999991        7.3130101190523797       0.38976320866112879                1 -0.12500000004658193      -0.13058227231325753        1.6666666666666665       0.47140452079103179     
           7          49   7.0000000000000000        3.4999999999999996        5.0968899127673604       0.37672790403063339                1 -0.12500000173298839      -0.18155616113259107        1.1666666666666667       0.37267799624996456     
           7          50   9.0000000000000000        4.4999999999999991        6.5268496595476844       0.36691456427341618                1 -0.12499998506257809      -0.13746361777212898        1.5000000000000000       0.49999999999999956     
