           5           1   6.0000000000000000        2.9999999999999996        4.5348144760077655       0.33326215016988758                1 -0.12500000076766304      -0.19465421268338015        1.2000000000000000       0.40000000000000019     
           5           2   7.0000000000000000        3.4999999999999996        5.2105128297967758       0.32744760447029997                1 -0.12500000328067448      -0.16324524524050027        1.3999999999999999       0.48989794855663604     
           5           3   7.0000000000000000        3.4999999999999996        5.2194334122062420       0.32447861263050426                1 -0.12499999945912443      -0.15855910047005276        1.3999999999999999       0.48989794855663604     
           5           4   8.0000000000000000        3.9999999999999996        5.9433733105375985       0.32079237048841652                1 -0.12500000002447101      -0.14001190291551860        1.6000000000000001       0.48989794855663582     
           5           5   7.0000000000000000        3.4999999999999996        5.3733943349533071       0.33054579171143539                1 -0.12500000004860015      -0.17297631683546491        1.4000000000000001       0.48989794855663538     
           5           6   8.0000000000000000        3.9999999999999996        5.9181378049325239       0.31180777062482901                1 -0.12500000001443382      -0.13960308055928419        1.5999999999999999       0.48989794855663626     
           5           7   9.0000000000000000        4.4999999999999991        6.6829941167887652       0.34030680452457385                1 -0.12500000023394062      -0.13416694502030732        1.7999999999999998       0.40000000000000130     
           5           8   8.0000000000000000        3.9999999999999996        5.9753484056158159       0.33226108133911364                1 -0.12499999894717254      -0.14460749745677562        1.6000000000000001       0.48989794855663493     
           5           9   9.0000000000000000        4.4999999999999991        6.6829941167887661       0.34030680538591734                1 -0.12500000014430043      -0.13416694663326154        1.7999999999999998       0.40000000000000130     
           5          10   7.0000000000000000        3.4999999999999996        5.1340899740549339       0.30076974658966071                1 -0.12499999842367752      -0.15399600489826262        1.4000000000000001       0.48989794855663538     
           5          11   8.0000000000000000        3.9999999999999996        6.1566839027579281       0.35769485815190322                1 -0.12500000473816111      -0.15925600045536620        1.6000000000000001       0.48989794855663493     
           5          12   7.0000000000000000        3.4999999999999996        5.1593152084594456       0.30554269723125577                1 -0.12500000065527395      -0.15330081881897809        1.3999999999999999       0.48989794855663604     
           5          13   7.0000000000000000        3.4999999999999996        5.4762578320614281       0.36142890386103543                1 -0.12500000009179965      -0.18338151720224799        1.3999999999999999       0.48989794855663604     
           5          14   9.0000000000000000        4.4999999999999991        6.6829941167887652       0.34030680651504247                1 -0.12499999992356747      -0.13416694893015443        1.7999999999999998       0.40000000000000130     
           5          15   7.0000000000000000        3.4999999999999996        5.2105128297967740       0.32744760251974298                1 -0.12499999862776749      -0.16324524967487278        1.3999999999999999       0.48989794855663604     
           5          16   9.0000000000000000        4.4999999999999991        6.6054659852690536       0.31982921901300465                1 -0.12500000000562680      -0.12464977525290927        1.8000000000000000       0.40000000000000019     
           5          17   9.0000000000000000        4.4999999999999991        6.6054659852690554       0.31982921522215935                1 -0.12499999564948606      -0.12464977450201375        1.8000000000000000       0.40000000000000019     
           5          18   8.0000000000000000        3.9999999999999996        5.9181378049325239       0.31180777325072412                1 -0.12500000757099688      -0.13960307439029790        1.5999999999999999       0.48989794855663626     
           5          19   6.0000000000000000        2.9999999999999996        4.4459105912458030       0.31381269356075914                1 -0.12499999857233524      -0.18608090954775697        1.2000000000000000       0.40000000000000019     
           5          20   7.0000000000000000        3.4999999999999996        5.1593152084594456       0.30554269755188485                1 -0.12500000797141714      -0.15330080995283590        1.4000000000000001       0.48989794855663538     
           5          21   8.0000000000000000        3.9999999999999996        5.9433733105375968       0.32079237079760337                1 -0.12499999991825107      -0.14001190355877605        1.5999999999999999       0.48989794855663626     
           5          22   8.0000000000000000        3.9999999999999996        5.9433733105375977       0.32079237091455559                1 -0.12500000024252145      -0.14001190336586541        1.6000000000000001       0.48989794855663582     
           5          23   8.0000000000000000        3.9999999999999996        5.9433733105375968       0.32079237079937239                1 -0.12500000003448006      -0.14001190342260883        1.6000000000000001       0.48989794855663582     
           5          24   6.0000000000000000        2.9999999999999996        4.5744006471375220       0.35275223741073475                1 -0.12500001236275765       0.79529596622569732        1.2000000000000002       0.39999999999999963     
           5          25   8.0000000000000000        3.9999999999999996        5.9753484056158150       0.33226108318011838                1 -0.12499999977394873      -0.14460749929630939        1.6000000000000001       0.48989794855663493     
           5          26   9.0000000000000000        4.4999999999999991        6.7742113889253135       0.35673129273721926                1 -0.12500001951373835      -0.13574341759960648        1.8000000000000003       0.39999999999999908     
           5          27   7.0000000000000000        3.4999999999999996        5.2105128297967740       0.32744758676559027                1 -0.12499999497655948      -0.16324523035544797        1.3999999999999999       0.48989794855663604     
           5          28   8.0000000000000000        3.9999999999999996        5.9753484056158150       0.33226108304919438                1 -0.12500000001825937      -0.14460749871302361        1.6000000000000001       0.48989794855663493     
           5          29   6.0000000000000000        2.9999999999999996        4.5348144760077664       0.33326214701040319                1 -0.12500000188452340      -0.19465420189140209        1.2000000000000000       0.39999999999999991     
           5          30   8.0000000000000000        3.9999999999999996        5.9433733105375994       0.32079237078850598                1 -0.12500000001447423      -0.14001190342841568        1.5999999999999999       0.48989794855663626     
           5          31   8.0000000000000000        3.9999999999999996        5.9753484056158150       0.33226108302165042                1 -0.12500000055806940      -0.14460749786123078        1.6000000000000001       0.48989794855663493     
           5          32   8.0000000000000000        3.9999999999999996        5.8822575890433493       0.32413464883635085                1 -0.12500000095556868      -0.14489566573672272        1.6000000000000001       0.48989794855663493     
           5          33   7.0000000000000000        3.4999999999999996        5.4762578320614281       0.36142888662803974                1 -0.12499998471037335      -0.18338150513348425        1.3999999999999999       0.48989794855663604     
           5          34   7.0000000000000000        3.4999999999999996        5.2105128297967731       0.32744760561729724                1 -0.12500000427319580      -0.16324524546620076        1.3999999999999999       0.48989794855663604     
           5          35   7.0000000000000000        3.4999999999999996        5.3733943349533062       0.33054578522594658                1 -0.12499999118608437      -0.17297631832495278        1.4000000000000001       0.48989794855663538     
           5          36   6.0000000000000000        2.9999999999999996        4.5348144760077664       0.33326214556801215                1 -0.12500000023298793      -0.19465420144460563        1.2000000000000000       0.40000000000000019     
           5          37   8.0000000000000000        3.9999999999999996        6.1566839027579290       0.35769485389588201                1 -0.12500000016988311      -0.15925600157630251        1.6000000000000001       0.48989794855663493     
           5          38   7.0000000000000000        3.4999999999999996        5.2194334122062429       0.32447862365865998                1 -0.12499999905403464      -0.15855911881227888        1.3999999999999999       0.48989794855663604     
           5          39   9.0000000000000000        4.4999999999999991        6.6829941167887634       0.34030680688800785                1 -0.12500000279713619      -0.13416694447981325        1.7999999999999998       0.40000000000000130     
           5          40   8.0000000000000000        3.9999999999999996        5.9433733105375968       0.32079236854089294                1 -0.12499999641612972      -0.14001190398358218        1.5999999999999999       0.48989794855663626     
           5          41   8.0000000000000000        3.9999999999999996        5.9433733105375968       0.32079237074664058                1 -0.12499999999931666      -0.14001190337667382        1.6000000000000001       0.48989794855663582     
           5          42   6.0000000000000000        2.9999999999999996        4.4459105912458021       0.31381269614401452                1 -0.12499999635431450      -0.18608091964864878        1.2000000000000000       0.40000000000000019     
           5          43   9.0000000000000000        4.4999999999999991        6.6054659852690536       0.31982921690274968                1 -0.12499999846526000      -0.12464977386633729        1.8000000000000000       0.40000000000000019     
           5          44   7.0000000000000000        3.4999999999999996        5.4762578320614264       0.36142890363041691                1 -0.12500000002923656      -0.18338151645682613        1.3999999999999999       0.48989794855663604     
           5          45   7.0000000000000000        3.4999999999999996        5.2105128297967758       0.32744760230161674                1 -0.12499999978092399      -0.16324524745135832        1.3999999999999999       0.48989794855663604     
           5          46   8.0000000000000000        3.9999999999999996        5.9181378049325257       0.31180777076279126                1 -0.12500000004151471      -0.13960308077630010        1.5999999999999999       0.48989794855663626     
           5          47   7.0000000000000000        3.4999999999999996        5.4762578320614272       0.36142889729268890                1 -0.12500000008026885      -0.18338148875665772        1.3999999999999999       0.48989794855663604     
           5          48   7.0000000000000000        3.4999999999999996        5.2194334122062429       0.32447861641937481                1 -0.12499999625618506      -0.15855911037325796        1.3999999999999999       0.48989794855663604     
           5          49   7.0000000000000000        3.4999999999999996        5.1593152084594438       0.30554269835827974                1 -0.12500000005552633      -0.15330082158856756        1.4000000000000001       0.48989794855663538     
           5          50   8.0000000000000000        3.9999999999999996        6.1566839027579290       0.35769483762200366                1 -0.12499999343900811      -0.15925597349948040        1.6000000000000001       0.48989794855663493     
