           9           1   7.0000000000000000        3.4999999999999996        5.6753995299826538       0.34710254852851208                1 -0.12499999432618857      -0.17067616347171946        1.7500000000000000       0.43301270189221930     
           9           2   4.0000000000000000        1.9999999999999998        3.1221848548454951       0.33313983456238927                1 -0.12500000028700692      -0.28360087234804432        1.0000000000000000        0.0000000000000000     
           9           3   5.0000000000000000        2.4999999999999996        4.0509787928944228       0.32748760698834711                1 -0.12499999578553522      -0.22545972106152515        1.2500000000000000       0.43301270189221930     
           9           4   7.0000000000000000        3.4999999999999996        5.3966630995838871       0.29504658212435209                1 -0.12499999773898179      -0.14784299020026401        1.7500000000000000       0.43301270189221930     
           9           5   4.0000000000000000        1.9999999999999998        3.1221848548454947       0.33313984450900030                1 -0.12500002280716638      -0.28360085413162195        1.0000000000000000        0.0000000000000000     
           9           6   7.0000000000000000        3.4999999999999996        5.6753995299826538       0.34710255312057237                1 -0.12499999940945411      -0.17067616537125349        1.7500000000000000       0.43301270189221930     
           9           7   5.0000000000000000        2.4999999999999996        4.0509787928944245       0.32748761760048573                1 -0.12499999997029404      -0.22545974385040535        1.2500000000000000       0.43301270189221930     
           9           8   6.0000000000000000        2.9999999999999996        5.0525182062294185       0.36081597184189890                1 -0.12499998685653753      -0.20788936150541287        1.5000000000000000       0.50000000000000000     
           9           9   7.0000000000000000        3.4999999999999996        5.6753995299826538       0.34710255311419136                1 -0.12499999923429921      -0.17067616566812660        1.7500000000000000       0.43301270189221930     
           9          10   7.0000000000000000        3.4999999999999996        5.6753995299826556       0.34710257441450065                1 -0.12500000949913229      -0.17067619820256502        1.7500000000000000       0.43301270189221930     
           9          11   6.0000000000000000        2.9999999999999996        4.6452456597937957       0.29454781072804603                1 -0.12500000326267707      -0.16848994872203094        1.5000000000000000       0.50000000000000000     
           9          12   7.0000000000000000        3.4999999999999996        5.3966630995838889       0.29504657312210786                1 -0.12500000131625297      -0.14784296981524792        1.7500000000000000       0.43301270189221930     
           9          13   6.0000000000000000        2.9999999999999996        5.0525182062294185       0.36081597861870585                1 -0.12499999915875705      -0.20788935098866337        1.5000000000000000       0.50000000000000000     
           9          14   6.0000000000000000        2.9999999999999996        4.6452456597937966       0.29454781736509061                1 -0.12500000067551983      -0.16848996267053309        1.5000000000000000       0.50000000000000000     
           9          15   6.0000000000000000        2.9999999999999996        4.9150139927736261       0.32088726436787013                1 -0.12500000026519173      -0.19392752320367737        1.5000000000000000       0.50000000000000000     
           9          16   7.0000000000000000        3.4999999999999996        5.3966630995838880       0.29504657663340034                1 -0.12499999993009543      -0.14784297775699393        1.7500000000000000       0.43301270189221930     
           9          17   6.0000000000000000        2.9999999999999996        4.5623468814978061       0.26801648705300596                1 -0.12499997541562376      -0.15882387037134607        1.5000000000000000       0.50000000000000000     
           9          18   5.0000000000000000        2.4999999999999996        3.8921746515616169       0.28593778527736669                1 -0.12499999933098326      -0.20269633730884817        1.2500000000000000       0.43301270189221930     
           9          19   6.0000000000000000        2.9999999999999996        4.9150139927736261       0.32088726537359646                1 -0.12499999989999680      -0.19392752985525091        1.5000000000000000       0.50000000000000000     
           9          20   6.0000000000000000        2.9999999999999996        4.9150139927736261       0.32088726533976381                1 -0.12500000012232601      -0.19392752897853793        1.5000000000000000       0.50000000000000000     
           9          21   6.0000000000000000        2.9999999999999996        4.5623468814978061       0.26801651119975328                1 -0.12500000003682318      -0.15882389441014752        1.5000000000000000       0.50000000000000000     
           9          22   5.0000000000000000        2.4999999999999996        3.8921746515616178       0.28593778565085237                1 -0.12499999941790377      -0.20269633819754815        1.2500000000000000       0.43301270189221930     
           9          23   6.0000000000000000        2.9999999999999996        4.9150139927736261       0.32088726458086325                1 -0.12499999883383592      -0.19392752882149880        1.5000000000000000       0.50000000000000000     
           9          24   5.0000000000000000        2.4999999999999996        3.8921746515616187       0.28593778649321072                1 -0.12500000027516750      -0.20269633923508279        1.2500000000000000       0.43301270189221930     
           9          25   7.0000000000000000        3.4999999999999996        5.6753995299826538       0.34710255440605225                1 -0.12500000004734038      -0.17067616730192658        1.7500000000000000       0.43301270189221930     
           9          26   8.0000000000000000        3.9999999999999996        6.2443697096909894       0.33313983481722131                1 -0.12499999986103016      -0.14180043705837977        2.0000000000000000        0.0000000000000000     
           9          27   6.0000000000000000        2.9999999999999996        4.6452456597937948       0.29454780153036253                1 -0.12500000057185984      -0.16848993567653220        1.5000000000000000       0.50000000000000000     
           9          28   5.0000000000000000        2.4999999999999996        4.0509787928944236       0.32748761706031732                1 -0.12499999849567110      -0.22545974494356444        1.2500000000000000       0.43301270189221930     
           9          29   5.0000000000000000        2.4999999999999996        4.0509787928944245       0.32748760696806667                1 -0.12499998855035162      -0.22545973392511223        1.2500000000000000       0.43301270189221930     
           9          30   6.0000000000000000        2.9999999999999996        4.9150139927736252       0.32088726533734091                1 -0.12500000023136279      -0.19392752862629273        1.5000000000000000       0.50000000000000000     
           9          31   5.0000000000000000        2.4999999999999996        4.0509787928944254       0.32748761056946740                1 -0.12499999844931993      -0.22545972651646723        1.2500000000000000       0.43301270189221930     
           9          32   6.0000000000000000        2.9999999999999996        5.0525182062294185       0.36081597916996427                1 -0.12499999940667481      -0.20788935236102729        1.5000000000000000       0.50000000000000000     
           9          33   7.0000000000000000        3.4999999999999996        5.6753995299826547       0.34710255481916652                1 -0.12500000024701358      -0.17067616793187357        1.7500000000000000       0.43301270189221930     
           9          34   6.0000000000000000        2.9999999999999996        4.5623468814978061       0.26801651282240907                1 -0.12500000163153421      -0.15882389608668598        1.5000000000000000       0.50000000000000000     
           9          35   6.0000000000000000        2.9999999999999996        4.6452456597937966       0.29454780261046032                1 -0.12499999979123935      -0.16848993830654904        1.5000000000000000       0.50000000000000000     
           9          36   8.0000000000000000        3.9999999999999996        6.2443697096909903       0.33313983435265337                1 -0.12499999998758660      -0.14180043617056051        2.0000000000000000        0.0000000000000000     
           9          37   7.0000000000000000        3.4999999999999996        5.6753995299826556       0.34710255433851434                1 -0.12500000007493633      -0.17067616709160208        1.7500000000000000       0.43301270189221930     
           9          38   6.0000000000000000        2.9999999999999996        4.6452456597937966       0.29454780302190586                1 -0.12500000490557059      -0.16848993388952432        1.5000000000000000       0.50000000000000000     
           9          39   6.0000000000000000        2.9999999999999996        4.9150139927736261       0.32088726388432764                1 -0.12500000170248690      -0.19392751608346076        1.5000000000000000       0.50000000000000000     
           9          40   7.0000000000000000        3.4999999999999996        5.3966630995838880       0.29504657129433931                1 -0.12499999845084561      -0.14784296934990679        1.7500000000000000       0.43301270189221930     
           9          41   5.0000000000000000        2.4999999999999996        3.8921746515616187       0.28593778534476560                1 -0.12500000015200835      -0.20269633629165928        1.2500000000000000       0.43301270189221930     
           9          42   6.0000000000000000        2.9999999999999996        4.9150139927736261       0.32088726963047720                1 -0.12500000623656346      -0.19392753350571032        1.5000000000000000       0.50000000000000000     
           9          43   6.0000000000000000        2.9999999999999996        4.6452456597937966       0.29454780370000450                1 -0.12500000458361007      -0.16848993537233467        1.5000000000000000       0.50000000000000000     
           9          44   5.0000000000000000        2.4999999999999996        3.8921746515616178       0.28593778573350415                1 -0.12500000093802593      -0.20269633619962735        1.2500000000000000       0.43301270189221930     
           9          45   6.0000000000000000        2.9999999999999996        5.0525182062294185       0.36081598224348488                1 -0.12500000465323158      -0.20788934857660443        1.5000000000000000       0.50000000000000000     
           9          46   5.0000000000000000        2.4999999999999996        4.0509787928944236       0.32748761715288266                1 -0.12500000023493868      -0.22545974210134770        1.2500000000000000       0.43301270189221930     
           9          47   7.0000000000000000        3.4999999999999996        5.3966630995838871       0.29504658744568935                1 -0.12500003465190485      -0.14784296233373559        1.7500000000000000       0.43301270189221930     
           9          48   6.0000000000000000        2.9999999999999996        4.9150139927736261       0.32088726600516526                1 -0.12500000177850590      -0.19392752747972916        1.5000000000000000       0.50000000000000000     
           9          49   4.0000000000000000        1.9999999999999998        3.1221848548454951       0.33313983483566184                1 -0.12500000091883398      -0.28360087181834698        1.0000000000000000        0.0000000000000000     
           9          50   6.0000000000000000        2.9999999999999996        5.0525182062294185       0.36081597945424881                1 -0.12499999996706147      -0.20788935178871509        1.5000000000000000       0.50000000000000000     
