          18           1   11.000000000000000        6.4999999999999991        8.6387783909400575       0.23393716838015041                1 -0.10860767672648305       -9.9226700915277313E-002   1.8571428571428568       0.34992710611188405     
          18           2   9.0000000000000000        4.9999999999999991        6.6806742557437309       0.27801280875496509                1 -0.10958397022566975      -0.12150843999807938        1.4285714285714284       0.49487165930539334     
          18           3   9.0000000000000000        4.9999999999999991        6.8298263970322939       0.28048335910344424                1 -0.11439670385071592      -0.12797563699898676        1.4285714285714284       0.49487165930539334     
          18           4   11.000000000000000        6.4999999999999991        8.6387783909400557       0.23393717959406962                1 -0.10860767121947679       -9.9226727575194004E-002   1.8571428571428568       0.34992710611188405     
          18           5   8.0000000000000000        4.9999999999999991        6.5118479626852572       0.35751929623313272                1 -0.10462494653802749       0.88628789536545294        1.4285714285714284       0.49487165930539379     
          18           6   7.0000000000000000        4.4999999999999991        5.8630177017630665       0.33127522426745487                1 -0.10385736262962851      -0.12457390807242974        1.2857142857142856       0.45175395145262587     
          18           7   9.0000000000000000        5.4999999999999991        7.3940674775206467       0.21315102737644814                1 -0.10850381912218833      -0.11602238125867624        1.5714285714285712       0.49487165930539334     
          18           8   8.0000000000000000        4.9999999999999991        6.7705832822940399       0.38031465356578176                1 -0.10797603353718471      -0.12820256958090515        1.4285714285714284       0.49487165930539379     
          18           9   10.000000000000000        5.9999999999999991        7.8778643613934038       0.21964336228370654                1 -0.10588495391335948      -0.10187876970750565        1.7142857142857140       0.45175395145262637     
          18          10   7.0000000000000000        4.4999999999999991        5.8630177017630682       0.33127522214918914                1 -0.10385735921325989      -0.12457390908397675        1.2857142857142856       0.45175395145262587     
          18          11   10.000000000000000        5.4999999999999991        7.4982064455914719       0.30207085586909294                1 -0.11242824280811708      -0.11871974674080026        1.5714285714285712       0.49487165930539379     
          18          12   9.0000000000000000        4.9999999999999991        6.6806742557437309       0.27801284524361025                1 -0.10958398046956949      -0.12150846931207460        1.4285714285714284       0.49487165930539334     
          18          13   9.0000000000000000        4.9999999999999991        6.9387054160516213       0.30035242502525566                1 -0.11440441214253312      -0.13640314392715164        1.4285714285714284       0.49487165930539379     
          18          14   8.0000000000000000        4.4999999999999991        6.2402216518735001       0.27741928925731713                1 -0.11329693442555384      -0.14968372605280522        1.2857142857142856       0.45175395145262565     
          18          15   9.0000000000000000        5.4999999999999991        7.2561745012428318       0.20338465846921164                1 -0.10374771876656419      -0.10894033712638282        1.5714285714285712       0.49487165930539334     
          18          16   9.0000000000000000        5.4999999999999991        7.3940674775206476       0.21315102215408643                1 -0.10850382673738862      -0.11602235903594472        1.5714285714285712       0.49487165930539423     
          18          17   8.0000000000000000        4.4999999999999991        6.2207316535458128       0.25361143810227499                1 -0.11737938241587018      -0.14265619878879299        1.2857142857142856       0.45175395145262565     
          18          18   10.000000000000000        5.4999999999999991        7.5477450051465089       0.28766542233695080                1 -0.11669782404486025      -0.11709847476380522        1.5714285714285712       0.49487165930539379     
          18          19   12.000000000000000        6.4999999999999991        8.8102031724859682       0.32452701814189355                1 -0.11421778985149759      -0.10338144041941255        1.8571428571428568       0.34992710611188343     
          18          20   11.000000000000000        5.9999999999999991        8.1941631124560477       0.31002478687556051                1 -0.11496227083085546      -0.11066374541309132        1.7142857142857140       0.45175395145262687     
          18          21   9.0000000000000000        5.4999999999999991        7.0850582561532578       0.20183400362643281                1 -0.10217763325625423      -0.10096412666671822        1.5714285714285712       0.49487165930539334     
          18          22   9.0000000000000000        5.4999999999999991        7.5035056479525020       0.40277777054076469                1 -0.11196669072841280      -0.11833931169166710        1.5714285714285712       0.49487165930539423     
          18          23   9.0000000000000000        4.9999999999999991        6.9057459282325926       0.27490541518493711                1 -0.11664630080803831      -0.12939165878848141        1.4285714285714284       0.49487165930539379     
          18          24   10.000000000000000        5.4999999999999991        7.4982064455914710       0.30207083819357100                1 -0.11242822945020481      -0.11871974370108913        1.5714285714285712       0.49487165930539379     
          18          25   10.000000000000000        5.9999999999999991        7.8778643613934047       0.21964336055380171                1 -0.10588495297600822      -0.10187876815292811        1.7142857142857140       0.45175395145262637     
          18          26   10.000000000000000        5.4999999999999991        7.4589276085438172       0.29724795062604342                1 -0.11289402022862202      -0.11819804374250265        1.5714285714285712       0.49487165930539379     
          18          27   11.000000000000000        5.9999999999999991        8.0978360350779965       0.31093506338641180                1 -0.11214609328007445      -0.10888736817030248        1.7142857142857140       0.45175395145262687     
          18          28   11.000000000000000        6.4999999999999991        8.4618085927008746       0.23557371700709501                1 -0.10431418632525730       -9.4566068644640400E-002   1.8571428571428568       0.34992710611188405     
          18          29   9.0000000000000000        4.9999999999999991        6.8298263970322921       0.28048336085431635                1 -0.11439670575988251      -0.12797563703540524        1.4285714285714284       0.49487165930539379     
          18          30   10.000000000000000        5.4999999999999991        7.6354991110451849       0.30371192301224559                1 -0.11669288526308871      -0.12269053947457441        1.5714285714285712       0.49487165930539379     
          18          31   10.000000000000000        5.9999999999999991        7.8778643613934047       0.21964336390025388                1 -0.10588495551255828      -0.10187877036024633        1.7142857142857140       0.45175395145262637     
          18          32   11.000000000000000        5.9999999999999991        8.1941631124560459       0.31002481283431427                1 -0.11496227938050989      -0.11066376442511802        1.7142857142857140       0.45175395145262687     
          18          33   8.0000000000000000        4.4999999999999991        6.0174636452928940       0.26329138668949437                1 -0.11100325100614572      -0.13433265030270164        1.2857142857142856       0.45175395145262565     
          18          34   7.0000000000000000        3.9999999999999996        5.3333816233429525       0.25901612460277473                1 -0.10897573548373518      -0.15480851328484099        1.1428571428571426       0.34992710611188277     
          18          35   11.000000000000000        6.4999999999999991        8.4618085927008764       0.23557371523093695                1 -0.10431417801136639       -9.4566074985178800E-002   1.8571428571428568       0.34992710611188405     
          18          36   7.0000000000000000        4.4999999999999991        5.8630177017630665       0.33127522385886932                1 -0.10385736260931155      -0.12457390744370932        1.2857142857142856       0.45175395145262565     
          18          37   10.000000000000000        5.4999999999999991        7.4982064455914719       0.30207085684741547                1 -0.11242824272357801      -0.11871974804843935        1.5714285714285712       0.49487165930539379     
          18          38   9.0000000000000000        5.4999999999999991        7.0850582561532578       0.20183402047003945                1 -0.10217760620383542      -0.10096417168525758        1.5714285714285712       0.49487165930539423     
          18          39   10.000000000000000        5.9999999999999991        7.9035704145689678       0.22321571219689726                1 -0.10536797978121655      -0.10253698740769117        1.7142857142857140       0.45175395145262637     
          18          40   9.0000000000000000        4.9999999999999991        6.8291183883602198       0.28777443155958893                1 -0.11035469572570011      -0.12959655278135152        1.4285714285714284       0.49487165930539379     
          18          41   9.0000000000000000        5.4999999999999991        7.0850582561532587       0.20183401888560826                1 -0.10217763316674999      -0.10096414655319993        1.5714285714285712       0.49487165930539334     
          18          42   9.0000000000000000        5.4999999999999991        7.3940674775206476       0.21315101774315459                1 -0.10850381853379018      -0.11602235949492924        1.5714285714285712       0.49487165930539334     
          18          43   11.000000000000000        6.4999999999999991        8.6387783909400575       0.23393717760784691                1 -0.10860769564451171       -9.9226692045632225E-002   1.8571428571428568       0.34992710611188405     
          18          44   8.0000000000000000        4.9999999999999991        6.6958513587225168       0.36463533540246007                1 -0.10889590420501416      -0.12259654624183890        1.4285714285714284       0.49487165930539379     
          18          45   9.0000000000000000        4.9999999999999991        6.6806742557437317       0.27801284895768941                1 -0.10958398252744438      -0.12150847105902447        1.4285714285714284       0.49487165930539334     
          18          46   9.0000000000000000        5.4999999999999991        7.3940674775206450       0.21315102160050958                1 -0.10850382518244925      -0.11602235978381092        1.5714285714285712       0.49487165930539334     
          18          47   9.0000000000000000        5.4999999999999991        7.3940674775206450       0.21315102060794722                1 -0.10850382402437646      -0.11602235898326566        1.5714285714285712       0.49487165930539423     
          18          48   7.0000000000000000        4.4999999999999991        5.8630177017630656       0.33127522224686579                1 -0.10385736121252433      -0.12457390666159100        1.2857142857142856       0.45175395145262587     
          18          49   9.0000000000000000        5.4999999999999991        7.3940674775206476       0.21315102512795830                1 -0.10850382878151808      -0.11602236330756642        1.5714285714285712       0.49487165930539423     
          18          50   7.0000000000000000        3.9999999999999996        5.3333816233429516       0.25901614125960987                1 -0.10897576038101843      -0.15480850180567718        1.1428571428571428       0.34992710611188244     
