          17           1   8.0000000000000000        5.4999999999999991        7.1102190190964212       0.49799677080782023                1 -0.10007569871836140      -0.11931849454085691        1.3750000000000000       0.48412291827592713     
          17           2   8.0000000000000000        5.4999999999999991        6.8077350360130469       0.15788926741098272                1  -9.4561538193659700E-002  -9.8696115774280141E-002   1.3750000000000000       0.48412291827592713     
          17           3   9.0000000000000000        5.9999999999999991        7.6458251589206903       0.33122213838600822                1  -9.9377728404594579E-002 -0.10504679820171962        1.5000000000000000       0.50000000000000000     
          17           4   9.0000000000000000        5.4999999999999991        6.9407032728817351       0.22974949601111869                1  -9.7889330564583640E-002 -0.10885217065871447        1.3750000000000000       0.48412291827592713     
          17           5   9.0000000000000000        5.4999999999999991        6.9407032728817333       0.22974949375984940                1  -9.7889331829122891E-002 -0.10885216741388014        1.3750000000000000       0.48412291827592713     
          17           6   10.000000000000000        5.9999999999999991        7.7253192858104702       0.24482023999277772                1 -0.10235673547902703      -0.10752669403787996        1.5000000000000000       0.50000000000000000     
          17           7   9.0000000000000000        5.4999999999999991        7.1801626405855661       0.25649288823237498                1 -0.10327394642853960      -0.12507674157591175        1.3750000000000000       0.48412291827592713     
          17           8   7.0000000000000000        4.9999999999999991        6.3383832340906743       0.61009189229271810                1  -9.6393829009850523E-002 -0.12461112566271500        1.2500000000000000       0.43301270189221930     
          17           9   8.0000000000000000        5.4999999999999991        6.9499310930476561       0.49456551633781276                1  -9.7687560037198015E-002 -0.10925076666022261        1.3750000000000000       0.48412291827592713     
          17          10   7.0000000000000000        4.4999999999999991        5.7477155097863886       0.20640540073213542                1  -9.9849764580619393E-002 -0.14446797212870519        1.1250000000000000       0.33071891388307384     
          17          11   9.0000000000000000        5.4999999999999991        7.0957089272470668       0.22880268660287617                1 -0.10287986227236272      -0.11539424739745081        1.3750000000000000       0.48412291827592713     
          17          12   10.000000000000000        6.4999999999999991        8.0201500257652807       0.18841297009988109                1  -9.3522436514674859E-002  -8.7113028473242704E-002   1.6250000000000000       0.48412291827592713     
          17          13   10.000000000000000        6.9999999999999991        8.7612061848899430       0.29578097781209911                1  -9.6070311274561865E-002  -8.8056698383557411E-002   1.7500000000000000       0.43301270189221930     
          17          14   8.0000000000000000        5.4999999999999991        6.9000641594507988       0.32364160368940775                1  -9.7559113607704973E-002 -0.10670009281005292        1.3750000000000000       0.48412291827592713     
          17          15   9.0000000000000000        5.9999999999999991        7.5156994243737181       0.34188225522515203                1  -9.6158575650102232E-002  -9.8443421600816122E-002   1.5000000000000000       0.50000000000000000     
          17          16   7.0000000000000000        4.9999999999999991        6.2776375109390887       0.55131932199538092                1  -9.6791998665863382E-002 -0.11674375526572994        1.2500000000000000       0.43301270189221930     
          17          17   9.0000000000000000        5.9999999999999991        7.5584624496845283       0.17095185732955359                1  -9.8177002522366746E-002  -9.9088683241299269E-002   1.5000000000000000       0.50000000000000000     
          17          18   7.0000000000000000        4.4999999999999991        5.7477155097863868       0.20640540494646617                1  -9.9849765676580771E-002 -0.14446797851441717        1.1250000000000000       0.33071891388307384     
          17          19   10.000000000000000        6.4999999999999991        8.4101036226940664       0.19884974323371307                1 -0.10232560470543101      -0.10278156936782919        1.6250000000000000       0.48412291827592713     
          17          20   9.0000000000000000        5.9999999999999991        7.5120183617622800       0.18200138180387387                1  -9.7028126910676180E-002  -9.6664042529252703E-002   1.5000000000000000       0.50000000000000000     
          17          21   8.0000000000000000        4.9999999999999991        6.2672579145457110       0.21214407344279151                1  -9.6986963957298056E-002  0.88353854355411088        1.2500000000000000       0.43301270189221930     
          17          22   8.0000000000000000        5.9999999999999991        7.4127797127100692       0.74759276734830726                1  -9.3722999352244513E-002  0.90727984952984109        1.5000000000000000       0.50000000000000000     
          17          23   8.0000000000000000        5.9999999999999991        7.4126119452331656       0.64937713106012518                1  -9.3623782417426679E-002  -9.2735297983498291E-002   1.5000000000000000       0.50000000000000000     
          17          24   9.0000000000000000        6.4999999999999991        7.9900041896099054       0.43358777533591392                1  -9.2633319965262681E-002  -8.6076119968828801E-002   1.6250000000000000       0.48412291827592713     
          17          25   7.0000000000000000        4.9999999999999991        6.2026034551523388       0.43741375877770283                1  -9.5125737226108675E-002 -0.11171197309622101        1.2500000000000000       0.43301270189221930     
          17          26   9.0000000000000000        5.4999999999999991        7.0434115087781226       0.23258515423155163                1 -0.10124885717740668      -0.11411117164607446        1.3750000000000000       0.48412291827592713     
          17          27   8.0000000000000000        5.4999999999999991        6.9000641594508014       0.32364159958084715                1  -9.7559111723724126E-002 -0.10670009057481010        1.3750000000000000       0.48412291827592713     
          17          28   10.000000000000000        6.4999999999999991        8.0201500257652789       0.18841293878882354                1  -9.3522407239269620E-002  0.91288698119301126        1.6250000000000000       0.48412291827592713     
          17          29   10.000000000000000        6.4999999999999991        7.9868265729558097       0.19428158423123218                1  -9.2776335199275750E-002  -8.6004717394022406E-002   1.6250000000000000       0.48412291827592713     
          17          30   7.0000000000000000        4.9999999999999991        6.4934512964907389       0.72140293010435863                1 -0.10046746030487012      -0.13411315837032625        1.2500000000000000       0.43301270189221930     
          17          31   9.0000000000000000        5.9999999999999991        7.4507154890896627       0.17702977077727916                1  -9.4815804463772413E-002  -9.4348703582360346E-002   1.5000000000000000       0.50000000000000000     
          17          32   8.0000000000000000        5.4999999999999991        7.0528743030992720       0.45851955608514061                1 -0.10069192986170454      -0.11471710769162062        1.3750000000000000       0.48412291827592713     
          17          33   7.0000000000000000        4.9999999999999991        6.3383832340906716       0.61009187983614210                1  -9.6393831196232557E-002 -0.12461111635349288        1.2500000000000000       0.43301270189221930     
          17          34   8.0000000000000000        4.9999999999999991        6.4103069965513768       0.23766977060251182                1  -9.9508043973622728E-002 -0.13035081577596219        1.2500000000000000       0.43301270189221930     
          17          35   10.000000000000000        5.9999999999999991        7.7136339659372242       0.24139170486562114                1 -0.10288796499529893      -0.10544271529441432        1.5000000000000000       0.50000000000000000     
          17          36   9.0000000000000000        5.9999999999999991        7.7311626878985589       0.38154511158658777                1 -0.10091220523254545      -0.10914987868085724        1.5000000000000000       0.50000000000000000     
          17          37   10.000000000000000        6.9999999999999991        8.7612061848899447       0.29578097738422204                1  -9.6070311402201680E-002  -8.8056697736961259E-002   1.7500000000000000       0.43301270189221930     
          17          38   10.000000000000000        6.4999999999999991        8.2279367818873119       0.19912254668402310                1  -9.7667103072058212E-002  -9.6479433509326709E-002   1.6250000000000000       0.48412291827592713     
          17          39   12.000000000000000        7.9999999999999991        9.8776653868202828       0.19343711772190147                1  -9.3643798926310653E-002  -7.8588218158222714E-002   2.0000000000000000        0.0000000000000000     
          17          40   7.0000000000000000        4.9999999999999991        6.2026034551523379       0.43741375718695652                1  -9.5125740140671586E-002 -0.11171197029123477        1.2500000000000000       0.43301270189221930     
          17          41   10.000000000000000        5.9999999999999991        7.6902971074567468       0.25016310761063920                1 -0.10137337250701266      -0.10760771192384734        1.5000000000000000       0.50000000000000000     
          17          42   9.0000000000000000        5.9999999999999991        7.5584624496845283       0.17095183189931284                1  -9.8176972708142601E-002  -9.9088664419125574E-002   1.5000000000000000       0.50000000000000000     
          17          43   12.000000000000000        7.4999999999999991        9.3274894977796379       0.23076008382468199                1  -9.5650165746243632E-002  -8.3328443462141341E-002   1.8750000000000000       0.33071891388307384     
          17          44   9.0000000000000000        5.9999999999999991        7.6002540030754560       0.17319550859680483                1  -9.7954285935552221E-002 -0.10333848112670628        1.5000000000000000       0.50000000000000000     
          17          45   8.0000000000000000        4.9999999999999991        6.2627991757431678       0.21008649641909410                1  -9.7300386821630364E-002 -0.11525000635835708        1.2500000000000000       0.43301270189221930     
          17          46   7.0000000000000000        4.4999999999999991        5.7477155097863850       0.20640540299552673                1  -9.9849762366477385E-002 -0.14446797895035710        1.1250000000000000       0.33071891388307384     
          17          47   8.0000000000000000        5.9999999999999991        7.4127797127100674       0.74759267071605329                1  -9.3722914986144157E-002  -9.2720146465971737E-002   1.5000000000000000       0.50000000000000000     
          17          48   9.0000000000000000        5.4999999999999991        6.9407032728817324       0.22974949237339959                1  -9.7889331661021053E-002 -0.10885216626476767        1.3750000000000000       0.48412291827592713     
          17          49   9.0000000000000000        6.4999999999999991        8.1346409066796230       0.56731605245828376                1  -9.5830076285856880E-002  -9.2968663538240834E-002   1.6250000000000000       0.48412291827592713     
          17          50   9.0000000000000000        5.4999999999999991        7.1801626405855687       0.25649288815216909                1 -0.10327394642747771      -0.12507674148671696        1.3750000000000000       0.48412291827592713     
