          16           1   9.0000000000000000        5.9999999999999991        7.7268122351564310       0.34859766316613827                1 -0.10105235402795522       -9.8225414460626478E-002   1.7142857142857140       0.45175395145262637     
          16           2   9.0000000000000000        5.9999999999999991        7.6127744532975052       0.32035326849087986                1  -9.9031326751458260E-002  -9.1686312649397153E-002   1.7142857142857140       0.45175395145262637     
          16           3   8.0000000000000000        4.9999999999999991        6.6465047570771736       0.21901685631482903                1 -0.10374364954492929      -0.12507991189851225        1.4285714285714284       0.49487165930539334     
          16           4   7.0000000000000000        4.4999999999999991        6.0888651388352111       0.40789563318467864                1 -0.10681665480749092      -0.14556322836961483        1.2857142857142856       0.45175395145262565     
          16           5   5.0000000000000000        3.4999999999999996        4.4734096933875591       0.58661435899380876                1 -0.10004467010974370      -0.17491272689963491       0.99999999999999978        1.4901161193847656E-008
          16           6   10.000000000000000        6.9999999999999991        8.9468193867751165       0.58661432345068554                1 -0.10004466780793603       0.91254366057508141        1.9999999999999996        2.9802322387695312E-008
          16           7   10.000000000000000        6.4999999999999991        8.5051968922556096       0.35339136605279775                1 -0.10435965232431589       -9.7078617083871097E-002   1.8571428571428568       0.34992710611188405     
          16           8   8.0000000000000000        4.9999999999999991        6.5220454007802129       0.19274701702950725                1 -0.10490645804013915      -0.11732463766137652        1.4285714285714284       0.49487165930539379     
          16           9   7.0000000000000000        4.4999999999999991        5.7874060964552978       0.33782516739993596                1 -0.10195995653424421      -0.12049605591582115        1.2857142857142856       0.45175395145262565     
          16          10   10.000000000000000        5.9999999999999991        7.9290005844644140       0.22178010120354408                1 -0.10614949063199262      -0.10500337433638414        1.7142857142857140       0.45175395145262637     
          16          11   6.0000000000000000        3.9999999999999996        5.1202545906324346       0.31441045514878740                1 -0.10048291943754567      -0.13841984062963136        1.1428571428571428       0.34992710611188244     
          16          12   8.0000000000000000        5.4999999999999991        7.3442769321063928       0.72583126434594025                1 -0.10621143812455529       0.88625566199368655        1.5714285714285712       0.49487165930539379     
          16          13   7.0000000000000000        4.9999999999999991        6.3422511618382655       0.50640221649869688                1  -9.8807774680209418E-002 -0.10232816285566365        1.4285714285714284       0.49487165930539334     
          16          14   7.0000000000000000        4.4999999999999991        6.0888651388352093       0.40789562342555130                1 -0.10681665288743381      -0.14556321943824457        1.2857142857142856       0.45175395145262587     
          16          15   9.0000000000000000        5.9999999999999991        7.8342312895129744       0.48216974966200177                1 -0.10286916689770868      -0.10122859631463735        1.7142857142857140       0.45175395145262637     
          16          16   9.0000000000000000        5.9999999999999991        7.8112567601965388       0.51833493696823996                1 -0.10369063154079028      -0.10119510439583400        1.7142857142857140       0.45175395145262687     
          16          17   9.0000000000000000        5.4999999999999991        7.2541973427407775       0.22318545036081300                1 -0.10597906622093561      -0.11338637276287684        1.5714285714285712       0.49487165930539379     
          16          18   8.0000000000000000        5.4999999999999991        7.0726063495471783       0.42594770888332872                1 -0.10217713314202402      -0.10501664513042001        1.5714285714285712       0.49487165930539423     
          16          19   7.0000000000000000        4.9999999999999991        6.3996390650556592       0.62476054445312768                1 -0.10084513142701115      -0.10955452838296827        1.4285714285714284       0.49487165930539379     
          16          20   9.0000000000000000        5.9999999999999991        7.8112567601965370       0.51833492310354312                1 -0.10369062568495324      -0.10119509973655094        1.7142857142857140       0.45175395145262687     
          16          21   9.0000000000000000        5.9999999999999991        7.7252785753350244       0.30075623845638422                1 -0.10076698021175430       -9.7593425998140165E-002   1.7142857142857140       0.45175395145262637     
          16          22   8.0000000000000000        4.9999999999999991        6.5220454007802120       0.19274701741880571                1 -0.10490645811671030      -0.11732463834519201        1.4285714285714284       0.49487165930539379     
          16          23   7.0000000000000000        4.9999999999999991        6.3996390650556592       0.62476055813878184                1 -0.10084514634386099      -0.10955452595400768        1.4285714285714284       0.49487165930539379     
          16          24   6.0000000000000000        3.9999999999999996        5.2532030638769305       0.51617068772523966                1 -0.10473540676556040      -0.15268684320747208        1.1428571428571428       0.34992710611188244     
          16          25   8.0000000000000000        5.4999999999999991        7.0009658492392708       0.46023666330413837                1  -9.9629713057683020E-002  -9.8576141981705404E-002   1.5714285714285712       0.49487165930539334     
          16          26   9.0000000000000000        5.9999999999999991        7.8342312895129753       0.48216975247911764                1 -0.10286916272605555      -0.10122860340937448        1.7142857142857140       0.45175395145262637     
          16          27   7.0000000000000000        4.4999999999999991        5.7874060964552978       0.33782516938431756                1 -0.10195995685828750      -0.12049605788427652        1.2857142857142854       0.45175395145262609     
          16          28   8.0000000000000000        4.9999999999999991        6.5681656958872940       0.38110397620872649                1 -0.10549484069143346      -0.11877861105997142        1.4285714285714284       0.49487165930539379     
          16          29   7.0000000000000000        4.4999999999999991        5.9733125518005066       0.36648474793224245                1 -0.10374666568644046      -0.13757874425240657        1.2857142857142856       0.45175395145262565     
          16          30   9.0000000000000000        5.4999999999999991        7.4253984692457493       0.24011588545706189                1 -0.10962737274155741      -0.11922715278411287        1.5714285714285712       0.49487165930539379     
          16          31   9.0000000000000000        5.4999999999999991        7.2304483369626942       0.40542977464842422                1 -0.10609905701226649      -0.10846678130685085        1.5714285714285712       0.49487165930539334     
          16          32   7.0000000000000000        4.9999999999999991        6.4502193789522080       0.66947154819175492                1 -0.10054845276829726      -0.11201549510332520        1.4285714285714284       0.49487165930539379     
          16          33   8.0000000000000000        4.9999999999999991        6.5079137404754128       0.20902323422074759                1 -0.10295616744197060      -0.11531217198908199        1.4285714285714284       0.49487165930539334     
          16          34   6.0000000000000000        3.9999999999999996        5.2532030638769340       0.51617068257574705                1 -0.10473540597737947      -0.15268683855684234        1.1428571428571428       0.34992710611188244     
          16          35   9.0000000000000000        5.4999999999999991        7.4156342716852643       0.21385417730610268                1 -0.10877684147749368      -0.11736261808797799        1.5714285714285712       0.49487165930539379     
          16          36   8.0000000000000000        5.4999999999999991        7.1729956214932420       0.43960411639892649                1 -0.10063346005062761      -0.10675599782270276        1.5714285714285712       0.49487165930539379     
          16          37   9.0000000000000000        5.9999999999999991        7.6943048563302723       0.17494179168253113                1 -0.10078678184958309       -9.6508000783201361E-002   1.7142857142857140       0.45175395145262637     
          16          38   10.000000000000000        5.9999999999999991        7.9290005844644149       0.22178009933092818                1 -0.10614949303276143      -0.10500336798741923        1.7142857142857140       0.45175395145262637     
          16          39   7.0000000000000000        4.4999999999999991        5.8045831963031089       0.16576765816119823                1 -0.10122249456692131      -0.12220990180013050        1.2857142857142856       0.45175395145262587     
          16          40   6.0000000000000000        3.9999999999999996        5.1202545906324346       0.31441045017354174                1 -0.10048291454393646      -0.13841983794835550        1.1428571428571428       0.34992710611188244     
          16          41   9.0000000000000000        5.9999999999999991        7.8112567601965370       0.51833495173690891                1 -0.10369062852467251      -0.10119511535921590        1.7142857142857140       0.45175395145262637     
          16          42   10.000000000000000        6.4999999999999991        8.3360366545995959       0.17140206958725487                1 -0.10020561256905289       -9.1766366617686376E-002   1.8571428571428568       0.34992710611188405     
          16          43   8.0000000000000000        4.9999999999999991        6.6471572993563113       0.38443828216197329                1 -0.10748247285350654      -0.12120785228087749        1.4285714285714284       0.49487165930539334     
          16          44   8.0000000000000000        5.4999999999999991        7.1729956214932438       0.43960411676237310                1 -0.10063346058943860      -0.10675599784444888        1.5714285714285712       0.49487165930539423     
          16          45   6.0000000000000000        4.4999999999999991        5.7149549019482491       0.87869946893071482                1  -9.9214913249128428E-002 -0.11611936639707326        1.2857142857142856       0.45175395145262587     
          16          46   9.0000000000000000        5.4999999999999991        7.2524925039583339       0.19778567796119959                1 -0.10512265014295620      -0.11154507337955008        1.5714285714285712       0.49487165930539379     
          16          47   6.0000000000000000        3.9999999999999996        5.2533595885187125       0.66225547357615744                1 -0.10525348937834753       0.84761775452145094        1.1428571428571426       0.34992710611188277     
          16          48   7.0000000000000000        4.4999999999999991        5.8694651912118792       0.34406971884694615                1 -0.10483303273941824      -0.12860693514791316        1.2857142857142856       0.45175395145262587     
          16          49   8.0000000000000000        4.9999999999999991        6.6465047570771727       0.21901685536811105                1 -0.10374364919726528      -0.12507991086341788        1.4285714285714284       0.49487165930539379     
          16          50   10.000000000000000        5.9999999999999991        7.9290005844644140       0.22178010196565395                1 -0.10614949562010177      -0.10500336924008108        1.7142857142857140       0.45175395145262637     
