          19           1   10.000000000000000        6.4999999999999991        8.5440215577696002       0.28694341729496808                1 -0.22247307489079385      -0.48844269654452527        1.6250000000000000       0.48412291827592713     
          19           2   12.000000000000000        7.4999999999999991        9.5507971132149496       0.20337574849159773                1 -0.10107472515618011       -8.8167871625067271E-002   1.8750000000000000       0.33071891388307384     
          19           3   9.0000000000000000        5.9999999999999991        7.6696119726672034       0.33051657254792483                1 -0.10062178710332970      -0.10526250795242527        1.5000000000000000       0.50000000000000000     
          19           4   9.0000000000000000        5.9999999999999991        7.6696119726672016       0.33051657279784447                1 -0.10062178742715153      -0.10526250797078666        1.5000000000000000       0.50000000000000000     
          19           5   9.0000000000000000        5.4999999999999991        7.1371635526119599       0.20981072383113458                1 -0.10455343257525562      -0.11638499382873614        1.3750000000000000       0.48412291827592713     
          19           6   9.0000000000000000        5.4999999999999991        7.1963676762903281       0.22054899399849293                1 -0.10356995145062836      -0.12096804020257482        1.3750000000000000       0.48412291827592713     
          19           7   9.0000000000000000        5.9999999999999991        7.6696119726672034       0.33051657254853639                1 -0.10062178707509398      -0.10526250798770861        1.5000000000000000       0.50000000000000000     
          19           8   9.0000000000000000        5.4999999999999991        7.1963676762903290       0.22054898959617159                1 -0.10356995447825905      -0.12096802589065202        1.3750000000000000       0.48412291827592713     
          19           9   9.0000000000000000        5.4999999999999991        7.0790880169397505       0.21447514722410399                1 -0.10270685429643056      -0.11446962784133624        1.3750000000000000       0.48412291827592713     
          19          10   9.0000000000000000        5.9999999999999991        7.5809764874854615       0.30703792581252404                1  -9.9432939682772017E-002  -9.8663084597064230E-002   1.5000000000000000       0.50000000000000000     
          19          11   9.0000000000000000        5.9999999999999991        7.5413461843955512       0.15989372241562419                1  -9.8165042538125816E-002  -9.7414778846657904E-002   1.5000000000000000       0.50000000000000000     
          19          12   9.0000000000000000        6.4999999999999991        8.1644203372796564       0.53630495441012127                1  -9.7786568618770761E-002  -9.3226396504903969E-002   1.6250000000000000       0.48412291827592713     
          19          13   9.0000000000000000        5.9999999999999991        7.5413461843955485       0.15989372228338722                1  -9.8165042667527055E-002  -9.7414778389821849E-002   1.5000000000000000       0.50000000000000000     
          19          14   10.000000000000000        6.4999999999999991        8.2573741603699098       0.17489949477909367                1  -9.9979862269783740E-002  -9.6410361412194459E-002   1.6250000000000000       0.48412291827592713     
          19          15   7.0000000000000000        4.9999999999999991        6.3092085167848868       0.53158840763280890                1  -9.8777233406403084E-002 -0.11778858001069258        1.2500000000000000       0.43301270189221930     
          19          16   8.0000000000000000        5.4999999999999991        6.9350894348264998       0.29242015155920165                1  -9.9018049044764814E-002 -0.10762676212331365        1.3750000000000000       0.48412291827592713     
          19          17   10.000000000000000        5.9999999999999991        7.7462414630911569       0.22541008983363983                1 -0.10411120544702711      -0.10601507038458359        1.5000000000000000       0.50000000000000000     
          19          18   11.000000000000000        7.4999999999999991        9.4275977351660494       0.29793913882282497                1  -9.7964831486729020E-002  -8.5240641107775156E-002   1.8750000000000000       0.33071891388307384     
          19          19   10.000000000000000        5.9999999999999991        7.8957912642835746       0.23464325303426958                1 -0.10666335495718433      -0.11270535778665876        1.5000000000000000       0.50000000000000000     
          19          20   10.000000000000000        6.4999999999999991        8.2758842420848957       0.17747591812162661                1  -9.9423883555668349E-002  -9.6804171298304070E-002   1.6250000000000000       0.48412291827592713     
          19          21   11.000000000000000        6.4999999999999991        8.4374954242861389       0.24581685048853730                1 -0.10477368136196735      -0.10224501771371620        1.6250000000000000       0.48412291827592713     
          19          22   9.0000000000000000        5.4999999999999991        7.2776353527355937       0.22775136603655971                1 -0.10657983459906006      -0.12615520803517397        1.3750000000000000       0.48412291827592713     
          19          23   9.0000000000000000        5.9999999999999991        7.8012456753340267       0.50166502384727540                1 -0.10358427202172560      -0.11029508004847104        1.5000000000000000       0.50000000000000000     
          19          24   10.000000000000000        5.9999999999999991        7.8957912642835737       0.23464325207341058                1 -0.10666335439515658      -0.11270535681600227        1.5000000000000000       0.50000000000000000     
          19          25   11.000000000000000        6.4999999999999991        8.4374954242861513       0.24581685127533259                1 -0.10477368183017158      -0.10224501813735538        1.6250000000000000       0.48412291827592713     
          19          26   9.0000000000000000        5.9999999999999991        7.5809764874854615       0.30703792833270094                1  -9.9432942543316638E-002  -9.8663085191464411E-002   1.5000000000000000       0.50000000000000000     
          19          27   11.000000000000000        6.4999999999999991        8.5173296719957197       0.24435160470920481                1 -0.10720262410423424      -0.10398693944388993        1.6250000000000000       0.48412291827592713     
          19          28   8.0000000000000000        4.9999999999999991        6.3729637576162403       0.19236297970079794                1 -0.10109075940836092      -0.12065757192658443        1.2500000000000000       0.43301270189221930     
          19          29   8.0000000000000000        4.9999999999999991        6.3729637576162421       0.19236297933532293                1 -0.10109075969470104      -0.12065757076013824        1.2500000000000000       0.43301270189221930     
          19          30   9.0000000000000000        5.4999999999999991        7.0790880169397505       0.21447514674012705                1 -0.10270685365661891      -0.11446962785606166        1.3750000000000000       0.48412291827592713     
          19          31   10.000000000000000        6.4999999999999991        8.4726096892241287       0.34773211731403209                1 -0.10453515054566334      -0.10372822117637473        1.6250000000000000       0.48412291827592713     
          19          32   8.0000000000000000        4.9999999999999991        6.3729637576162386       0.19236298084400333                1 -0.10109075967717389      -0.12065757390570293        1.2500000000000000       0.43301270189221930     
          19          33   8.0000000000000000        4.9999999999999991        6.3729637576162403       0.19236297911585723                1 -0.10109075975828898      -0.12065757021504640        1.2500000000000000       0.43301270189221930     
          19          34   9.0000000000000000        5.4999999999999991        7.0380268711253819       0.20484951534262935                1 -0.10249633234795040      -0.11162215639288620        1.3750000000000000       0.48412291827592713     
          19          35   9.0000000000000000        5.4999999999999991        7.1371635526119608       0.20981072339354662                1 -0.10455343929496312      -0.11638498170488669        1.3750000000000000       0.48412291827592713     
          19          36   9.0000000000000000        5.4999999999999991        7.1963676762903290       0.22054899458830490                1 -0.10356995084852930      -0.12096804244861084        1.3750000000000000       0.48412291827592713     
          19          37   9.0000000000000000        6.4999999999999991        8.1644203372796564       0.53630496369670921                1  -9.7786576945273804E-002  -9.3226400038662699E-002   1.6250000000000000       0.48412291827592713     
          19          38   9.0000000000000000        6.4999999999999991        8.1644203372796547       0.53630494719264621                1  -9.7786555080024665E-002  -9.3226398271293434E-002   1.6250000000000000       0.48412291827592713     
          19          39   9.0000000000000000        5.4999999999999991        7.1371635526119617       0.20981073318970878                1 -0.10455343542331004      -0.11638501149054142        1.3750000000000000       0.48412291827592713     
          19          40   12.000000000000000        7.4999999999999991        9.5507971132149478       0.20337583822699551                1 -0.10107472461455597       -8.8168032307661404E-002   1.8750000000000000       0.33071891388307384     
          19          41   10.000000000000000        6.4999999999999991        8.2573741603699098       0.17489949824143863                1  -9.9979855982869376E-002  -9.6410377959954191E-002   1.6250000000000000       0.48412291827592713     
          19          42   12.000000000000000        6.9999999999999991        9.0934183690953194       0.26038291250709278                1 -0.10571041972687995       -9.6966295473335878E-002   1.7500000000000000       0.43301270189221930     
          19          43   8.0000000000000000        4.9999999999999991        6.3729637576162395       0.19236297983028269                1 -0.10109076169444058      -0.12065756891684272        1.2500000000000000       0.43301270189221930     
          19          44   9.0000000000000000        5.4999999999999991        7.1963676762903308       0.22054899409994036                1 -0.10356995206840496      -0.12096803938255689        1.3750000000000000       0.48412291827592713     
          19          45   8.0000000000000000        5.4999999999999991        7.0266632918006069       0.44411135959505910                1 -0.10056564508899388      -0.11179237516667231        1.3750000000000000       0.48412291827592713     
          19          46   9.0000000000000000        5.4999999999999991        7.1371635526119599       0.20981073374905673                1 -0.10455343495971700      -0.11638501359110762        1.3750000000000000       0.48412291827592713     
          19          47   9.0000000000000000        5.4999999999999991        7.1371635526119608       0.20981073323604155                1 -0.10455343548343642      -0.11638501150210090        1.3750000000000000       0.48412291827592713     
          19          48   7.0000000000000000        4.9999999999999991        6.3092085167848850       0.53158841370644583                1  -9.8777236568573221E-002 -0.11778858512425136        1.2500000000000000       0.43301270189221930     
          19          49   9.0000000000000000        5.4999999999999991        7.2605684603188578       0.41688112916236220                1 -0.10858147127204668      -0.12146791701627696        1.3750000000000000       0.48412291827592713     
          19          50   10.000000000000000        6.9999999999999991        8.8075811327699771       0.27550457660053246                1  -9.7434624634305717E-002  -8.9076037285949344E-002   1.7500000000000000       0.43301270189221930     
