           4           1   4.0000000000000000        2.4999999999999996        3.4357205828138451       0.55982866355175220                1 -0.11002459929132349      -0.21839456275257446        1.0000000000000000        0.0000000000000000     
           4           2   7.0000000000000000        3.9999999999999996        5.8028754992923774       0.42328586848999894                1 -0.11917147251278709      -0.14287431871758283        1.6000000000000001       0.48989794855663493     
           4           3   6.0000000000000000        3.4999999999999996        5.1646472896461164       0.49642008991493680                1 -0.11600953888694504      -0.17004187733799381        1.4000000000000001       0.48989794855663538     
           4           4   8.0000000000000000        4.9999999999999991        6.8714411656276884       0.55982865082302169                1 -0.11002458863784967      -0.10919728117606521        2.0000000000000000        0.0000000000000000     
           4           5   6.0000000000000000        3.4999999999999996        4.7073355236827270       0.17564003121249236                1 -0.10657719079686595      -0.12584787036688502        1.3999999999999999       0.48989794855663604     
           4           6   5.0000000000000000        2.9999999999999996        4.4199151748021510       0.64937741202987787                1 -0.11888848678154251      -0.20125809360256644        1.2000000000000000       0.40000000000000019     
           4           7   6.0000000000000000        3.4999999999999996        4.7291731726723878       0.19526168110833034                1 -0.10660349388796754      -0.12706113753051632        1.3999999999999999       0.48989794855663604     
           4           8   6.0000000000000000        3.4999999999999996        5.4017560033086989       0.75872100859074898                1 -0.12223682616824397       0.80927356167425402        1.4000000000000001       0.48989794855663538     
           4           9   7.0000000000000000        4.4999999999999991        6.0429298617977167       0.46639970259367602                1 -0.10620864165485119      -0.10580916621233977        1.7999999999999998       0.40000000000000130     
           4          10   5.0000000000000000        2.9999999999999996        4.4199151748021501       0.64937742312339175                1 -0.11888848206704965      -0.20125811069111177        1.2000000000000000       0.40000000000000019     
           4          11   6.0000000000000000        3.4999999999999996        5.1646472896461164       0.49642009148504507                1 -0.11600954282730465      -0.17004187550820976        1.4000000000000001       0.48989794855663538     
           4          12   6.0000000000000000        3.4999999999999996        4.7073355236827279       0.17564002984601904                1 -0.10657719036625979      -0.12584786819710267        1.3999999999999999       0.48989794855663604     
           4          13   8.0000000000000000        4.4999999999999991        6.4918671967806221       0.28562108670277397                1 -0.11572795428231351      -0.13138329051717657        1.8000000000000000       0.40000000000000019     
           4          14   7.0000000000000000        3.9999999999999996        5.5868726705298348       0.21029903446764148                1 -0.11187761172668481      -0.12877796802740807        1.6000000000000001       0.48989794855663493     
           4          15   6.0000000000000000        3.4999999999999996        4.9448325091131951       0.37510039090029879                1 -0.11584595286712614      -0.14759220897987882        1.3999999999999999       0.48989794855663604     
           4          16   8.0000000000000000        4.4999999999999991        6.4060101586600968       0.23411878960432753                1 -0.11553488904041025      -0.12889266869110946        1.7999999999999998       0.40000000000000130     
           4          17   8.0000000000000000        4.4999999999999991        6.4060101586600968       0.23411878030312780                1 -0.11553488337724477      -0.12889265769307062        1.7999999999999998       0.40000000000000130     
           4          18   7.0000000000000000        3.9999999999999996        5.8028754992923766       0.42328586389478423                1 -0.11917147246793727      -0.14287430591664149        1.6000000000000001       0.48989794855663493     
           4          19   5.0000000000000000        2.9999999999999996        4.0873873806779306       0.32999719947543127                1 -0.10981526661994652      -0.15408069056626422        1.2000000000000002       0.39999999999999963     
           4          20   7.0000000000000000        3.9999999999999996        5.6096506825907708       0.23611209961928245                1 -0.11192710480967644      -0.12972710566146783        1.5999999999999999       0.48989794855663626     
           4          21   7.0000000000000000        3.9999999999999996        6.0062623788428144       0.55547475815765746                1 -0.11960883208589911      -0.16083234331832694        1.5999999999999999       0.48989794855663626     
           4          22   8.0000000000000000        4.9999999999999991        6.8714411656276884       0.55982865924651448                1 -0.11002459241473594      -0.10919728335428697        2.0000000000000000        0.0000000000000000     
           4          23   7.0000000000000000        3.9999999999999996        5.6096506825907690       0.23611209996644963                1 -0.11192710442339485      -0.12972710633968665        1.6000000000000001       0.48989794855663582     
           4          24   6.0000000000000000        3.4999999999999996        5.4017560033086971       0.75872100377891893                1 -0.12223683340327639      -0.19072642470620579        1.4000000000000001       0.48989794855663538     
           4          25   6.0000000000000000        3.4999999999999996        4.9448325091131942       0.37510039127393091                1 -0.11584595294397609      -0.14759220958366387        1.3999999999999999       0.48989794855663604     
           4          26   4.0000000000000000        2.4999999999999996        3.4357205828138442       0.55982866511909957                1 -0.11002459715329486      -0.21839456711403721        1.0000000000000000        0.0000000000000000     
           4          27   8.0000000000000000        4.4999999999999991        6.4918671967806212       0.28562110018809722                1 -0.11572796049138655      -0.13138330002002790        1.8000000000000000       0.40000000000000019     
           4          28   7.0000000000000000        3.9999999999999996        5.5260187216311847       0.19824357970255263                1 -0.11173503089425976      -0.12657720595168603        1.6000000000000001       0.48989794855663493     
           4          29   6.0000000000000000        3.4999999999999996        4.9998351937312417       0.43684905658636447                1 -0.11583451210950536      -0.15458149214289513        1.3999999999999999       0.48989794855663604     
           4          30   5.0000000000000000        2.9999999999999996        4.4199151748021510       0.64937746648661165                1 -0.11888846798082302      -0.20125817326343293        1.2000000000000000       0.40000000000000019     
           4          31   7.0000000000000000        3.9999999999999996        5.5868726705298348       0.21029903548237439                1 -0.11187761274231123      -0.12877796892288523        1.6000000000000001       0.48989794855663493     
           4          32   5.0000000000000000        2.9999999999999996        4.1474001448638527       0.38768447237635217                1 -0.10948351722778993      -0.16315981905205404        1.2000000000000000       0.39999999999999991     
           4          33   6.0000000000000000        3.4999999999999996        4.9998351937312409       0.43684906039835458                1 -0.11583450952677123      -0.15458149802408180        1.4000000000000001       0.48989794855663538     
           4          34   7.0000000000000000        3.9999999999999996        5.6096506825907699       0.23611210094111273                1 -0.11192710700614983      -0.12972710582194305        1.5999999999999999       0.48989794855663626     
           4          35   7.0000000000000000        3.9999999999999996        5.6096506825907673       0.23611210219917916                1 -0.11192710682604745      -0.12972710747418645        1.6000000000000001       0.48989794855663582     
           4          36   6.0000000000000000        3.4999999999999996        4.9448325091131959       0.37510039191681110                1 -0.11584595350457778      -0.14759220993294578        1.3999999999999999       0.48989794855663604     
           4          37   4.0000000000000000        2.4999999999999996        3.4357205828138446       0.55982867481922072                1 -0.11002459464729339      -0.21839458069956028        1.0000000000000000        0.0000000000000000     
           4          38   5.0000000000000000        2.9999999999999996        4.0873873806779297       0.32999719889364787                1 -0.10981526162331649      -0.15408069693863832        1.2000000000000002       0.39999999999999963     
           4          39   5.0000000000000000        2.9999999999999996        4.0873873806779315       0.32999719794422883                1 -0.10981526336118851      -0.15408069263789712        1.2000000000000002       0.39999999999999963     
           4          40   7.0000000000000000        4.4999999999999991        6.0429298617977159       0.46639969227533795                1 -0.10620862488354764      -0.10580916976193805        1.8000000000000003       0.39999999999999908     
           4          41   8.0000000000000000        4.9999999999999991        6.8714411656276893       0.55982865106035462                1 -0.11002458873733899      -0.10919728124176480        2.0000000000000000        0.0000000000000000     
           4          42   6.0000000000000000        3.4999999999999996        5.1646472896461155       0.49642009208003790                1 -0.11600954219701561      -0.17004187657921319        1.4000000000000001       0.48989794855663538     
           4          43   5.0000000000000000        2.9999999999999996        4.1474001448638536       0.38768445877956487                1 -0.10948350958512566      -0.16315981294023857        1.2000000000000000       0.39999999999999991     
           4          44   6.0000000000000000        3.4999999999999996        4.9448325091131933       0.37510039262856398                1 -0.11584595293979577      -0.14759221222800151        1.3999999999999999       0.48989794855663604     
           4          45   6.0000000000000000        3.4999999999999996        4.9998351937312417       0.43684905589334549                1 -0.11583451327721350      -0.15458149041461203        1.3999999999999999       0.48989794855663604     
           4          46   7.0000000000000000        3.9999999999999996        5.5868726705298357       0.21029903706392469                1 -0.11187761328212713      -0.12877797150068729        1.6000000000000001       0.48989794855663493     
           4          47   6.0000000000000000        3.4999999999999996        4.9998351937312417       0.43684905659122875                1 -0.11583450905907459      -0.15458149502695981        1.4000000000000001       0.48989794855663538     
           4          48   8.0000000000000000        4.9999999999999991        6.8714411656276884       0.55982865745766808                1 -0.11002459043878535       0.89080271637464070        2.0000000000000000        0.0000000000000000     
           4          49   7.0000000000000000        3.9999999999999996        5.5868726705298357       0.21029903768627792                1 -0.11187761414551713      -0.12877797177736533        1.6000000000000001       0.48989794855663493     
           4          50   8.0000000000000000        4.4999999999999991        6.4918671967806221       0.28562108535323827                1 -0.11572795114535203      -0.13138329119816625        1.8000000000000000       0.40000000000000019     
