          15           1   6.0000000000000000        3.4999999999999996        4.8267649919417828       0.23001023321788286                1 -0.11104052573809829      -0.16539300933287590        1.1666666666666665       0.37267799624996550     
          15           2   9.0000000000000000        4.9999999999999991        7.0708711478268720       0.49528767472772173                1 -0.12034571214466112      -0.12075700382785147        1.6666666666666665       0.47140452079103179     
          15           3   6.0000000000000000        3.4999999999999996        4.9840809346486257       0.43969319841715571                1 -0.11918676462042406      -0.17948055786365735        1.1666666666666665       0.37267799624996550     
          15           4   6.0000000000000000        3.4999999999999996        4.8267649919417828       0.23001022344917965                1 -0.11104052741073944      -0.16539298721902723        1.1666666666666665       0.37267799624996550     
          15           5   10.000000000000000        5.4999999999999991        7.7155961949280432       0.27810877786373112                1 -0.11738464463037637      -0.11426902869653527        1.8333333333333330       0.37267799624996606     
          15           6   8.0000000000000000        4.4999999999999991        6.4036612203659002       0.24173092973808524                1 -0.11833885545549422      -0.13563131840118142        1.4999999999999998       0.50000000000000000     
          15           7   9.0000000000000000        4.9999999999999991        7.0708711478268729       0.49528766883158004                1 -0.12034571052800190      -0.12075699648608956        1.6666666666666665       0.47140452079103179     
          15           8   7.0000000000000000        3.9999999999999996        5.5586961793724976       0.44115176825021196                1 -0.11664895233789557      -0.14304717004945181        1.3333333333333333       0.47140452079103179     
          15           9   9.0000000000000000        4.9999999999999991        7.0708711478268702       0.49528769609819223                1 -0.12034573062231035      -0.12075701130073464        1.6666666666666665       0.47140452079103179     
          15          10   10.000000000000000        5.4999999999999991        7.7155961949280432       0.27810879224594998                1 -0.11738465189741003      -0.11426904291225874        1.8333333333333333       0.37267799624996489     
          15          11   8.0000000000000000        4.4999999999999991        6.5281324423654725       0.27936324101576371                1 -0.11827709523400433      -0.14411728001365601        1.5000000000000000       0.49999999999999956     
          15          12   9.0000000000000000        5.4999999999999991        7.7906028649455026       0.39486890592700297                1 -0.11742986138552915      -0.11687751194277476        1.8333333333333330       0.37267799624996606     
          15          13   7.0000000000000000        3.9999999999999996        5.3676705692829385       0.22050509148696840                1 -0.10766629641216040      -0.13008343955762783        1.3333333333333333       0.47140452079103179     
          15          14   9.0000000000000000        4.9999999999999991        7.2035083908449327       0.27664819519749667                1 -0.12035075698464018      -0.12892843624478020        1.6666666666666665       0.47140452079103179     
          15          15   7.0000000000000000        4.4999999999999991        6.2292735801758505       0.66946447440094081                1 -0.11279895145474171      -0.12854951868968612        1.4999999999999998       0.50000000000000000     
          15          16   6.0000000000000000        3.4999999999999996        4.9840809346486274       0.43969319634125315                1 -0.11918676302986350      -0.17948055406769250        1.1666666666666665       0.37267799624996550     
          15          17   9.0000000000000000        4.9999999999999991        6.9856015731410857       0.26510927252148753                1 -0.11607451510802885      -0.12395568332169468        1.6666666666666665       0.47140452079103223     
          15          18   8.0000000000000000        4.4999999999999991        6.3014322872606332       0.25299082487878177                1 -0.11067403985669447      -0.13396926518608754        1.5000000000000000       0.49999999999999956     
          15          19   7.0000000000000000        3.9999999999999996        5.8809769037559523       0.47777221014166793                1 -0.12182852516273222      -0.16707233154256892        1.3333333333333333       0.47140452079103157     
          15          20   7.0000000000000000        3.9999999999999996        5.7149953036485996       0.44578083415470005                1 -0.12047916680714481      -0.15008497176479441        1.3333333333333333       0.47140452079103157     
          15          21   8.0000000000000000        4.4999999999999991        6.5281324423654734       0.27936324634867149                1 -0.11827710172915702      -0.14411728219203254        1.5000000000000000       0.49999999999999956     
          15          22   9.0000000000000000        5.4999999999999991        7.4841379302323237       0.37924374737101862                1 -0.10947318599769428      -0.10685268090389297        1.8333333333333330       0.37267799624996606     
          15          23   7.0000000000000000        3.9999999999999996        5.5586961793724967       0.44115179360232037                1 -0.11664895530277422      -0.14304720642194965        1.3333333333333333       0.47140452079103179     
          15          24   9.0000000000000000        4.9999999999999991        7.0708711478268711       0.49528766879157626                1 -0.12034571038006248      -0.12075699664401425        1.6666666666666665       0.47140452079103179     
          15          25   7.0000000000000000        4.4999999999999991        6.2292735801758505       0.66946446935709436                1 -0.11279894218336636      -0.12854952051170332        1.4999999999999998       0.50000000000000044     
          15          26   8.0000000000000000        4.4999999999999991        6.5281324423654734       0.27936324506566501                1 -0.11827710106642970      -0.14411728048228142        1.5000000000000000       0.50000000000000000     
          15          27   9.0000000000000000        4.9999999999999991        7.0266325438484118       0.27408757135650663                1 -0.11483052176541569      -0.12287877600504143        1.6666666666666665       0.47140452079103179     
          15          28   8.0000000000000000        4.4999999999999991        6.4036612203659011       0.24173092743889363                1 -0.11833885640736705      -0.13563130805612539        1.5000000000000000       0.49999999999999956     
          15          29   10.000000000000000        5.4999999999999991        7.7155961949280414       0.27810877686494856                1 -0.11738464409349036      -0.11426902775323368        1.8333333333333330       0.37267799624996606     
          15          30   8.0000000000000000        4.4999999999999991        6.3014322872606350       0.25299082473826173                1 -0.11067403966200662      -0.13396926522960215        1.5000000000000000       0.50000000000000000     
          15          31   7.0000000000000000        3.9999999999999996        5.7149953036485996       0.44578083187061379                1 -0.12047916612751723      -0.15008496571698476        1.3333333333333335       0.47140452079103129     
          15          32   6.0000000000000000        3.4999999999999996        5.0137777904535978       0.42614564472845828                1 -0.11692203318563681      -0.17867296574100622        1.1666666666666665       0.37267799624996550     
          15          33   6.0000000000000000        3.4999999999999996        4.9840809346486274       0.43969319894976311                1 -0.11918676368734198      -0.17948056316702490        1.1666666666666665       0.37267799624996550     
          15          34   9.0000000000000000        4.9999999999999991        6.9681446094021959       0.25214162626445658                1 -0.11478823562782740      -0.12096810166449758        1.6666666666666665       0.47140452079103179     
          15          35   10.000000000000000        5.4999999999999991        7.7155961949280405       0.27810877174976661                1 -0.11738463489399756      -0.11426903171331217        1.8333333333333333       0.37267799624996489     
          15          36   8.0000000000000000        4.4999999999999991        6.3014322872606359       0.25299082457393096                1 -0.11067403962692669      -0.13396926496714745        1.5000000000000000       0.49999999999999956     
          15          37   6.0000000000000000        3.4999999999999996        4.8267649919417828       0.23001022535994409                1 -0.11104052861106509      -0.16539298936838137        1.1666666666666665       0.37267799624996550     
          15          38   9.0000000000000000        4.9999999999999991        7.2035083908449344       0.27664819586445366                1 -0.12035075699543993      -0.12892843775137416        1.6666666666666665       0.47140452079103179     
          15          39   8.0000000000000000        4.4999999999999991        6.3618459203663518       0.46990259058110667                1 -0.11837864561686517      -0.13231575715538763        1.5000000000000000       0.49999999999999956     
          15          40   9.0000000000000000        4.9999999999999991        7.0266325438484145       0.27408757097227848                1 -0.11483052128196260      -0.12287877599263822        1.6666666666666665       0.47140452079103179     
          15          41   7.0000000000000000        4.4999999999999991        5.8590037865612024       0.30199591958778249                1 -0.10243366482040039      -0.10557312008762910        1.4999999999999998       0.50000000000000044     
          15          42   8.0000000000000000        4.4999999999999991        6.2066724507593394       0.25089414863648951                1 -0.11275971093213578      -0.12766223687008374        1.5000000000000000       0.50000000000000000     
          15          43   9.0000000000000000        5.4999999999999991        7.4841379302323228       0.37924374417984885                1 -0.10947317928912854      -0.10685268479895302        1.8333333333333333       0.37267799624996489     
          15          44   8.0000000000000000        4.4999999999999991        6.1461481188444065       0.23302422772267817                1 -0.11264674275008928      -0.12559129819776912        1.4999999999999998       0.50000000000000044     
          15          45   7.0000000000000000        3.9999999999999996        5.8809769037559523       0.47777220922265834                1 -0.12182852424362210      -0.16707234165792767        1.3333333333333333       0.47140452079103157     
          15          46   7.0000000000000000        3.9999999999999996        5.7079921022303184       0.45781899696044059                1 -0.11463770668487686      -0.15424939119374914        1.3333333333333335       0.47140452079103129     
          15          47   7.0000000000000000        3.9999999999999996        5.3676705692829403       0.22050508393298690                1 -0.10766629061403750      -0.13008343537951900        1.3333333333333333       0.47140452079103179     
          15          48   7.0000000000000000        3.9999999999999996        5.6095286295634033       0.23219329270652281                1 -0.11662293947404768      -0.14852064302756146        1.3333333333333333       0.47140452079103179     
          15          49   10.000000000000000        5.4999999999999991        7.7155961949280414       0.27810877185142396                1 -0.11738463934912317      -0.11426902581151076        1.8333333333333333       0.37267799624996489     
          15          50   9.0000000000000000        5.4999999999999991        7.4841379302323254       0.37924374082912815                1 -0.10947317662547837      -0.10685268287045575        1.8333333333333330       0.37267799624996606     
