           1           1   5.0000000000000000        2.4999999999999996        3.7573897194048063       0.26589016642088564                1 -0.12500002621903888      -0.19836261396060548        1.2500000000000000       0.43301270189221930     
           1           2   6.0000000000000000        2.9999999999999996        4.4949128027715899       0.26802664719504432                1 -0.12500000404944173      -0.16648447261617780        1.5000000000000000       0.50000000000000000     
           1           3   7.0000000000000000        3.4999999999999996        5.2247864704246680       0.29166996918397703                1 -0.12500000728327637      -0.15550631159064687        1.7500000000000000       0.43301270189221930     
           1           4   8.0000000000000000        3.9999999999999996        6.0000000000000053       0.45312501858359883                1 -0.12500000473652589       0.74999999530598527        2.0000000000000000        0.0000000000000000     
           1           5   8.0000000000000000        3.9999999999999996        6.0000000000000053       0.45312500027712693                1 -0.12500000562558736       0.75000004992449598        2.0000000000000000        0.0000000000000000     
           1           6   8.0000000000000000        3.9999999999999996        6.0000000000000062       0.45312499973535270                1 -0.12499999996483649       0.75000000035744752        2.0000000000000000        0.0000000000000000     
           1           7   6.0000000000000000        2.9999999999999996        4.4949128027715899       0.26802663688385808                1 -0.12499999458429617      -0.16648447718106174        1.5000000000000000       0.50000000000000000     
           1           8   6.0000000000000000        2.9999999999999996        4.4949128027715917       0.26802665013171384                1 -0.12499999879805863      -0.16648448429225668        1.5000000000000000       0.50000000000000000     
           1           9   5.0000000000000000        2.4999999999999996        3.7573897194048058       0.26589019328910013                1 -0.12500002410404021      -0.19836265271308776        1.2500000000000000       0.43301270189221930     
           1          10   6.0000000000000000        2.9999999999999996        4.4949128027715908       0.26802665078098076                1 -0.12499999942454859      -0.16648448395502402        1.5000000000000000       0.50000000000000000     
           1          11   8.0000000000000000        3.9999999999999996        6.0000000000000036       0.45312500661282662                1 -0.12500000150824367       0.74999999673476803        2.0000000000000000        0.0000000000000000     
           1          12   4.0000000000000000        1.9999999999999998        3.0000000000000031       0.45312502675198030                1 -0.12500000728765664      -0.50000000506890185        1.0000000000000000        0.0000000000000000     
           1          13   4.0000000000000000        1.9999999999999998        3.0000000000000031       0.45312499473624557                1 -0.12499999811092447      -0.50000000719527982        1.0000000000000000        0.0000000000000000     
           1          14   6.0000000000000000        2.9999999999999996        4.4949128027715899       0.26802664968846951                1 -0.12500000000810121      -0.16648448184834935        1.5000000000000000       0.50000000000000000     
           1          15   5.0000000000000000        2.4999999999999996        3.7573897194048049       0.26589013894382396                1 -0.12499999438187981      -0.19836264102103499        1.2500000000000000       0.43301270189221930     
           1          16   7.0000000000000000        3.4999999999999996        5.2247864704246689       0.29166995303395737                1 -0.12500000963963265      -0.15550629458815488        1.7500000000000000       0.43301270189221930     
           1          17   5.0000000000000000        2.4999999999999996        3.7573897194048045       0.26589014535988664                1 -0.12499999996150572      -0.19836263833994239        1.2500000000000000       0.43301270189221930     
           1          18   7.0000000000000000        3.4999999999999996        5.2247864704246689       0.29166995201281798                1 -0.12500000021988886      -0.15550630837120488        1.7500000000000000       0.43301270189221930     
           1          19   6.0000000000000000        2.9999999999999996        4.4949128027715917       0.26802664544371085                1 -0.12499999867214415      -0.16648447954669304        1.5000000000000000       0.50000000000000000     
           1          20   6.0000000000000000        2.9999999999999996        4.4949128027715908       0.26802665698458317                1 -0.12500000548590870      -0.16648448060974930        1.5000000000000000       0.50000000000000000     
           1          21   7.0000000000000000        3.4999999999999996        5.2247864704246698       0.29166995426998943                1 -0.12500000167729222      -0.15550630797312365        1.7500000000000000       0.43301270189221930     
           1          22   4.0000000000000000        1.9999999999999998        3.0000000000000031       0.45312498886375219                1 -0.12499999716743786      -0.49999999426967634        1.0000000000000000        0.0000000000000000     
           1          23   7.0000000000000000        3.4999999999999996        5.2247864704246672       0.29166995106177684                1 -0.12500000001161232      -0.15550630790883474        1.7500000000000000       0.43301270189221930     
           1          24   6.0000000000000000        2.9999999999999996        4.4949128027715908       0.26802664206453253                1 -0.12499999483345622      -0.16648448224571477        1.5000000000000000       0.50000000000000000     
           1          25   7.0000000000000000        3.4999999999999996        5.2247864704246707       0.29166994565025539                1 -0.12499999851233039      -0.15550630576573105        1.7500000000000000       0.43301270189221930     
           1          26   6.0000000000000000        2.9999999999999996        4.4949128027715908       0.26802665765287698                1 -0.12500000000236552      -0.16648449026919623        1.5000000000000000       0.50000000000000000     
           1          27   5.0000000000000000        2.4999999999999996        3.7573897194048049       0.26589014142172002                1 -0.12500000057492380      -0.19836263206470658        1.2500000000000000       0.43301270189221930     
           1          28   6.0000000000000000        2.9999999999999996        4.4949128027715908       0.26802665446948226                1 -0.12499999974972359      -0.16648448731962362        1.5000000000000000       0.50000000000000000     
           1          29   7.0000000000000000        3.4999999999999996        5.2247864704246689       0.29167000191920694                1 -0.12500003180654395      -0.15550630055830161        1.7500000000000000       0.43301270189221930     
           1          30   6.0000000000000000        2.9999999999999996        4.4949128027715908       0.26802664809251991                1 -0.12499999932615036      -0.16648448127631588        1.5000000000000000       0.50000000000000000     
           1          31   6.0000000000000000        2.9999999999999996        4.4949128027715899       0.26802663897275114                1 -0.12499999143609097      -0.16648448452766604        1.5000000000000000       0.50000000000000000     
           1          32   5.0000000000000000        2.4999999999999996        3.7573897194048045       0.26589014178858250                1 -0.12499999884047809      -0.19836263593930523        1.2500000000000000       0.43301270189221930     
           1          33   7.0000000000000000        3.4999999999999996        5.2247864704246707       0.29166996830773662                1 -0.12499999970643375      -0.15550632263180816        1.7500000000000000       0.43301270189221930     
           1          34   5.0000000000000000        2.4999999999999996        3.7573897194048058       0.26589012771666820                1 -0.12499999841517591      -0.19836261865012744        1.2500000000000000       0.43301270189221930     
           1          35   4.0000000000000000        1.9999999999999998        3.0000000000000027       0.45312499848828730                1 -0.12499999935704387      -0.50000000387412125        1.0000000000000000        0.0000000000000000     
           1          36   6.0000000000000000        2.9999999999999996        4.4949128027715908       0.26802668280969633                1 -0.12500000206515763      -0.16648451347000007        1.5000000000000000       0.50000000000000000     
           1          37   6.0000000000000000        2.9999999999999996        4.4949128027715908       0.26802664453128683                1 -0.12500000686624244      -0.16648446520356666        1.5000000000000000       0.50000000000000000     
           1          38   6.0000000000000000        2.9999999999999996        4.4949128027715899       0.26802664707894164                1 -0.12499999627227640      -0.16648448519226836        1.5000000000000000       0.50000000000000000     
           1          39   7.0000000000000000        3.4999999999999996        5.2247864704246689       0.29166995078103319                1 -0.12499999999489132      -0.15550630770284019        1.7500000000000000       0.43301270189221930     
           1          40   5.0000000000000000        2.4999999999999996        3.7573897194048058       0.26589014237679676                1 -0.12500000030107741      -0.19836263383191180        1.2500000000000000       0.43301270189221930     
           1          41   6.0000000000000000        2.9999999999999996        4.4949128027715917       0.26802665175761886                1 -0.12500000087711755      -0.16648448261470128        1.5000000000000000       0.50000000000000000     
           1          42   6.0000000000000000        2.9999999999999996        4.4949128027715908       0.26802663085272621                1 -0.12499998803313808      -0.16648448150824183        1.5000000000000000       0.50000000000000000     
           1          43   7.0000000000000000        3.4999999999999996        5.2247864704246716       0.29166995076268998                1 -0.12500000001998646      -0.15550630764871745        1.7500000000000000       0.43301270189221930     
           1          44   6.0000000000000000        2.9999999999999996        4.4949128027715899       0.26802657212136843                1 -0.12499998394784555      -0.16648442615060149        1.5000000000000000       0.50000000000000000     
           1          45   5.0000000000000000        2.4999999999999996        3.7573897194048058       0.26589015737524074                1 -0.12500000753674356      -0.19836263895586465        1.2500000000000000       0.43301270189221930     
           1          46   5.0000000000000000        2.4999999999999996        3.7573897194048058       0.26589015087191126                1 -0.12500000046924589      -0.19836264444302174        1.2500000000000000       0.43301270189221930     
           1          47   6.0000000000000000        2.9999999999999996        4.4949128027715917       0.26802664830706147                1 -0.12499999947833197      -0.16648448125441515        1.5000000000000000       0.50000000000000000     
           1          48   6.0000000000000000        2.9999999999999996        4.4949128027715908       0.26802667706532252                1 -0.12500000799487485      -0.16648449772100876        1.5000000000000000       0.50000000000000000     
           1          49   7.0000000000000000        3.4999999999999996        5.2247864704246707       0.29166890108546745                1 -0.12499972569876629      -0.15550586633390626        1.7500000000000000       0.43301270189221930     
           1          50   7.0000000000000000        3.4999999999999996        5.2247864704246698       0.29166997143683404                1 -0.12500000729230765      -0.15550631343799726        1.7500000000000000       0.43301270189221930     
