           6           1   8.0000000000000000        4.9999999999999991        6.4729257658105652       0.19063886214600165                1 -0.10112314642365125       -9.9887617691906530E-002   1.6666666666666667       0.47140452079103085     
           6           2   7.0000000000000000        4.4999999999999991        5.9282381895343921       0.35786410485935560                1 -0.10333249399808915      -0.11530282146133458        1.4999999999999998       0.50000000000000044     
           6           3   6.0000000000000000        3.9999999999999996        5.2129794839642480       0.44572332318429553                1 -0.10249825022275574      -0.12128852783376837        1.3333333333333333       0.47140452079103179     
           6           4   6.0000000000000000        3.4999999999999996        4.7188496774076221       0.24621451380012668                1 -0.10712454656075529      -0.16073725548518661        1.1666666666666665       0.37267799624996578     
           6           5   7.0000000000000000        4.4999999999999991        5.8650059140387363       0.29739816554691123                1 -0.10328850444317085      -0.11154764200474944        1.5000000000000000       0.50000000000000000     
           6           6   6.0000000000000000        3.9999999999999996        5.1943780479040296       0.41359165492598537                1 -0.10245289856503231      -0.12007094658422320        1.3333333333333333       0.47140452079103179     
           6           7   8.0000000000000000        4.9999999999999991        6.5609528508938695       0.19882271851776170                1 -0.10423461674124655      -0.10430527517584365        1.6666666666666665       0.47140452079103179     
           6           8   7.0000000000000000        4.4999999999999991        6.0789039121132857       0.54483618054417937                1 -0.10831018276389880      -0.12532068726487844        1.4999999999999998       0.50000000000000044     
           6           9   6.0000000000000000        3.4999999999999996        4.6694713298258694       0.22585659673212274                1 -0.10707711481268536      -0.15451332403691376        1.1666666666666665       0.37267799624996550     
           6          10   8.0000000000000000        4.9999999999999991        6.7459488395784417       0.41824291134247893                1 -0.10807383757181070      -0.11768280602637075        1.6666666666666665       0.47140452079103179     
           6          11   6.0000000000000000        3.9999999999999996        5.2129794839642498       0.44572332900664657                1 -0.10249825312063744      -0.12128853043929261        1.3333333333333333       0.47140452079103179     
           6          12   8.0000000000000000        4.4999999999999991        6.1572289638038198       0.26590458515863391                1 -0.11093721163748156       0.87206596488086341        1.5000000000000000       0.50000000000000000     
           6          13   8.0000000000000000        4.4999999999999991        6.3782490360554176       0.29998335132206150                1 -0.11445479331212820      -0.14666543867322962        1.5000000000000000       0.49999999999999956     
           6          14   10.000000000000000        5.4999999999999991        7.5308207325818532       0.29680492050260704                1 -0.11203092465619491      -0.11237192536614028        1.8333333333333333       0.37267799624996489     
           6          15   10.000000000000000        5.4999999999999991        7.5308207325818532       0.29680491193685410                1 -0.11203091513931356      -0.11237192619667422        1.8333333333333333       0.37267799624996489     
           6          16   10.000000000000000        5.4999999999999991        7.5308207325818532       0.29680490444388496                1 -0.11203093754770127      -0.11237189638454408        1.8333333333333333       0.37267799624996489     
           6          17   7.0000000000000000        3.9999999999999996        5.5123988021119592       0.25576534799075035                1 -0.11340438777659316      -0.14884682840726216        1.3333333333333333       0.47140452079103157     
           6          18   8.0000000000000000        4.9999999999999991        6.5609528508938695       0.19882271992955483                1 -0.10423461514924189      -0.10430527746901901        1.6666666666666665       0.47140452079103223     
           6          19   7.0000000000000000        4.4999999999999991        6.0057066608523861       0.48100020654889908                1 -0.10797557475992750      -0.12194892475619588        1.4999999999999998       0.50000000000000000     
           6          20   8.0000000000000000        4.9999999999999991        6.7634425692344040       0.41803471072867904                1 -0.10830048781239819      -0.11894555664552671        1.6666666666666665       0.47140452079103223     
           6          21   7.0000000000000000        4.4999999999999991        5.9282381895343939       0.35786410838220578                1 -0.10333249990803323      -0.11530282075594138        1.5000000000000000       0.50000000000000000     
           6          22   8.0000000000000000        4.4999999999999991        6.5335642927085660       0.29228672464319894                1 -0.22873156990764110       0.50734013295071489        1.5000000000000000       0.50000000000000000     
           6          23   7.0000000000000000        3.9999999999999996        5.6928566107353653       0.29993270766187463                1 -0.11412996041776757      -0.16491756838958913        1.3333333333333333       0.47140452079103157     
           6          24   7.0000000000000000        4.4999999999999991        5.9282381895343939       0.35786410800682966                1 -0.10333249024745926      -0.11530282596972576        1.4999999999999998       0.50000000000000044     
           6          25   6.0000000000000000        3.9999999999999996        5.1943780479040305       0.41359168498431953                1 -0.10245288615457041      -0.12007098894312696        1.3333333333333333       0.47140452079103179     
           6          26   8.0000000000000000        4.4999999999999991        6.0614005222581291       0.24472666670313881                1 -0.10848262143417764      -0.12175795446842770        1.5000000000000000       0.49999999999999956     
           6          27   7.0000000000000000        4.4999999999999991        5.9282381895343939       0.35786408514057466                1 -0.10333247681400189      -0.11530281636464214        1.4999999999999998       0.50000000000000044     
           6          28   7.0000000000000000        4.4999999999999991        5.9282381895343947       0.35786411710342220                1 -0.10333249164859609      -0.11530283203435326        1.5000000000000000       0.50000000000000000     
           6          29   8.0000000000000000        4.4999999999999991        6.3782490360554176       0.29998334300937901                1 -0.11445480350705994      -0.14666541412384598        1.5000000000000000       0.49999999999999956     
           6          30   8.0000000000000000        4.9999999999999991        6.7634425692344040       0.41803474458415313                1 -0.10830050874550745      -0.11894556383949512        1.6666666666666665       0.47140452079103223     
           6          31   10.000000000000000        5.9999999999999991        7.8546874382732632       0.23420117183462327                1 -0.10391268084614043       -9.5280526679178426E-002   1.9999999999999998        2.1073424255447017E-008
           6          32   7.0000000000000000        4.4999999999999991        5.9282381895343947       0.35786410557477377                1 -0.10333249217410967      -0.11530282303885915        1.5000000000000000       0.50000000000000000     
           6          33   7.0000000000000000        3.9999999999999996        6.0000000000000036        8.1236744459400425E-016           1 -0.24999999134345788       0.50000001894036217        1.3333333333333333       0.47140452079103179     
           6          34   7.0000000000000000        4.4999999999999991        5.7500492585873371       0.16457327486107307                1  -9.9488002529549882E-002 -0.10055388537365702        1.5000000000000000       0.50000000000000000     
           6          35   9.0000000000000000        5.4999999999999991        7.2894123669586497       0.23170936746706219                1 -0.10532759096532866      -0.10384629155407572        1.8333333333333333       0.37267799624996489     
           6          36   8.0000000000000000        4.9999999999999991        6.6451883476931393       0.34634668044992623                1 -0.10765626743819096      -0.11358098163881346        1.6666666666666665       0.47140452079103179     
           6          37   9.0000000000000000        4.9999999999999991        6.8698043855207169       0.27810333617067023                1 -0.11232886535923109      -0.12183373179769014        1.6666666666666665       0.47140452079103179     
           6          38   8.0000000000000000        4.4999999999999991        6.3782490360554176       0.29998335750115446                1 -0.11445480087636005      -0.14666543868368795        1.5000000000000000       0.50000000000000000     
           6          39   8.0000000000000000        4.4999999999999991        6.0614005222581273       0.24472666741929550                1 -0.10848262291786064      -0.12175795392775128        1.5000000000000000       0.49999999999999956     
           6          40   8.0000000000000000        4.4999999999999991        6.1572289638038198       0.26590456079698055                1 -0.11093719462258249       0.87206597704880584        1.5000000000000000       0.49999999999999956     
           6          41   8.0000000000000000        4.9999999999999991        6.4619408637688007       0.18402380105050817                1 -0.10109876562661688       -9.9280929581338551E-002   1.6666666666666665       0.47140452079103179     
           6          42   7.0000000000000000        3.9999999999999996        5.2946533904828375       0.22653367552736295                1 -0.10570952229319283      -0.12576203847373746        1.3333333333333333       0.47140452079103179     
           6          43   9.0000000000000000        5.4999999999999991        7.2894123669586506       0.23170936314777757                1 -0.10532759064168480      -0.10384628813819184        1.8333333333333330       0.37267799624996606     
           6          44   6.0000000000000000        3.9999999999999996        5.1943780479040313       0.41359168618943210                1 -0.10245288733341673      -0.12007098893715834        1.3333333333333333       0.47140452079103179     
           6          45   9.0000000000000000        5.4999999999999991        7.2444709927181599       0.21534392655582354                1 -0.10511628413895441      -0.10181773558273043        1.8333333333333330       0.37267799624996606     
           6          46   6.0000000000000000        3.4999999999999996        4.6694713298258694       0.22585657246661328                1 -0.10707707459731709      -0.15451332738488688        1.1666666666666665       0.37267799624996550     
           6          47   6.0000000000000000        3.9999999999999996        5.1943780479040313       0.41359168542974972                1 -0.10245288608054272      -0.12007098945913283        1.3333333333333333       0.47140452079103179     
           6          48   7.0000000000000000        4.4999999999999991        5.9282381895343947       0.35786410746786956                1 -0.10333249388785105      -0.11530282349175622        1.5000000000000000       0.50000000000000000     
           6          49   6.0000000000000000        3.9999999999999996        5.1943780479040313       0.41359164823354894                1 -0.10245286303839760      -0.12007097607851518        1.3333333333333333       0.47140452079103179     
           6          50   7.0000000000000000        4.4999999999999991        5.8945129848248641       0.33096643576397067                1 -0.10338016579315697      -0.11334353556540543        1.4999999999999998       0.50000000000000044     
