           2   2.0000000000000000        1.0000000000000000        1.0000000000000000        2.0000000000000000        2.0000000000000000        1.0000000000000000        2.0000000000000000        2.0000000000000000        1.0000000000000000        2.0000000000000000     
           2   1.0000000000000000        2.0000000000000000        1.0000000000000000        2.0000000000000000        1.0000000000000000        1.0000000000000000        1.0000000000000000        1.0000000000000000        1.0000000000000000        1.0000000000000000     
           2   1.0000000000000000        1.0000000000000000        1.0000000000000000        2.0000000000000000        1.0000000000000000        1.0000000000000000        2.0000000000000000        2.0000000000000000        2.0000000000000000        1.0000000000000000     
           2   2.0000000000000000        2.0000000000000000        2.0000000000000000        1.0000000000000000        2.0000000000000000        2.0000000000000000        1.0000000000000000        1.0000000000000000        1.0000000000000000        2.0000000000000000     
           2   1.0000000000000000        1.0000000000000000        2.0000000000000000        1.0000000000000000        1.0000000000000000        1.0000000000000000        1.0000000000000000        2.0000000000000000        2.0000000000000000        2.0000000000000000     
           2   2.0000000000000000        1.0000000000000000        2.0000000000000000        2.0000000000000000        2.0000000000000000        2.0000000000000000        1.0000000000000000        1.0000000000000000        1.0000000000000000        2.0000000000000000     
           2   2.0000000000000000        2.0000000000000000        1.0000000000000000        1.0000000000000000        2.0000000000000000        1.0000000000000000        1.0000000000000000        1.0000000000000000        1.0000000000000000        1.0000000000000000     
           2   1.0000000000000000        1.0000000000000000        1.0000000000000000        2.0000000000000000        1.0000000000000000        1.0000000000000000        1.0000000000000000        1.0000000000000000        1.0000000000000000        2.0000000000000000     
           2   2.0000000000000000        2.0000000000000000        2.0000000000000000        1.0000000000000000        1.0000000000000000        2.0000000000000000        1.0000000000000000        2.0000000000000000        1.0000000000000000        2.0000000000000000     
           2   1.0000000000000000        2.0000000000000000        2.0000000000000000        2.0000000000000000        1.0000000000000000        1.0000000000000000        1.0000000000000000        2.0000000000000000        2.0000000000000000        2.0000000000000000     
           2   2.0000000000000000        1.0000000000000000        2.0000000000000000        2.0000000000000000        2.0000000000000000        1.0000000000000000        2.0000000000000000        2.0000000000000000        1.0000000000000000        1.0000000000000000     
           2   2.0000000000000000        2.0000000000000000        1.0000000000000000        1.0000000000000000        2.0000000000000000        1.0000000000000000        1.0000000000000000        1.0000000000000000        2.0000000000000000        2.0000000000000000     
           2   1.0000000000000000        2.0000000000000000        2.0000000000000000        1.0000000000000000        2.0000000000000000        2.0000000000000000        1.0000000000000000        2.0000000000000000        1.0000000000000000        2.0000000000000000     
           2   1.0000000000000000        1.0000000000000000        2.0000000000000000        1.0000000000000000        2.0000000000000000        1.0000000000000000        1.0000000000000000        2.0000000000000000        1.0000000000000000        1.0000000000000000     
           2   2.0000000000000000        1.0000000000000000        2.0000000000000000        2.0000000000000000        1.0000000000000000        2.0000000000000000        1.0000000000000000        2.0000000000000000        1.0000000000000000        2.0000000000000000     
           2   1.0000000000000000        1.0000000000000000        2.0000000000000000        2.0000000000000000        1.0000000000000000        2.0000000000000000        2.0000000000000000        2.0000000000000000        1.0000000000000000        1.0000000000000000     
           2   1.0000000000000000        1.0000000000000000        2.0000000000000000        2.0000000000000000        2.0000000000000000        2.0000000000000000        2.0000000000000000        1.0000000000000000        2.0000000000000000        2.0000000000000000     
           2   1.0000000000000000        2.0000000000000000        1.0000000000000000        1.0000000000000000        2.0000000000000000        1.0000000000000000        2.0000000000000000        2.0000000000000000        2.0000000000000000        1.0000000000000000     
           2   1.0000000000000000        1.0000000000000000        1.0000000000000000        1.0000000000000000        2.0000000000000000        1.0000000000000000        2.0000000000000000        2.0000000000000000        1.0000000000000000        2.0000000000000000     
           2   2.0000000000000000        2.0000000000000000        1.0000000000000000        2.0000000000000000        1.0000000000000000        1.0000000000000000        1.0000000000000000        2.0000000000000000        2.0000000000000000        2.0000000000000000     
           2   2.0000000000000000        2.0000000000000000        1.0000000000000000        1.0000000000000000        2.0000000000000000        1.0000000000000000        1.0000000000000000        1.0000000000000000        1.0000000000000000        2.0000000000000000     
           2   2.0000000000000000        1.0000000000000000        1.0000000000000000        1.0000000000000000        2.0000000000000000        1.0000000000000000        2.0000000000000000        2.0000000000000000        1.0000000000000000        2.0000000000000000     
           2   1.0000000000000000        2.0000000000000000        2.0000000000000000        2.0000000000000000        2.0000000000000000        2.0000000000000000        1.0000000000000000        2.0000000000000000        1.0000000000000000        1.0000000000000000     
           2   2.0000000000000000        2.0000000000000000        2.0000000000000000        1.0000000000000000        2.0000000000000000        2.0000000000000000        1.0000000000000000        1.0000000000000000        2.0000000000000000        1.0000000000000000     
           2   2.0000000000000000        2.0000000000000000        2.0000000000000000        1.0000000000000000        2.0000000000000000        1.0000000000000000        2.0000000000000000        1.0000000000000000        1.0000000000000000        2.0000000000000000     
           2   1.0000000000000000        1.0000000000000000        2.0000000000000000        1.0000000000000000        1.0000000000000000        2.0000000000000000        1.0000000000000000        1.0000000000000000        1.0000000000000000        1.0000000000000000     
           2   1.0000000000000000        1.0000000000000000        2.0000000000000000        1.0000000000000000        1.0000000000000000        2.0000000000000000        1.0000000000000000        1.0000000000000000        1.0000000000000000        2.0000000000000000     
           2   1.0000000000000000        1.0000000000000000        2.0000000000000000        2.0000000000000000        1.0000000000000000        1.0000000000000000        2.0000000000000000        2.0000000000000000        1.0000000000000000        2.0000000000000000     
           2   1.0000000000000000        1.0000000000000000        1.0000000000000000        2.0000000000000000        2.0000000000000000        1.0000000000000000        1.0000000000000000        1.0000000000000000        1.0000000000000000        2.0000000000000000     
           2   2.0000000000000000        2.0000000000000000        2.0000000000000000        2.0000000000000000        1.0000000000000000        1.0000000000000000        1.0000000000000000        2.0000000000000000        1.0000000000000000        2.0000000000000000     
           2   2.0000000000000000        2.0000000000000000        1.0000000000000000        2.0000000000000000        1.0000000000000000        2.0000000000000000        1.0000000000000000        2.0000000000000000        1.0000000000000000        1.0000000000000000     
           2   1.0000000000000000        1.0000000000000000        1.0000000000000000        1.0000000000000000        2.0000000000000000        1.0000000000000000        2.0000000000000000        1.0000000000000000        1.0000000000000000        2.0000000000000000     
           2   1.0000000000000000        1.0000000000000000        1.0000000000000000        2.0000000000000000        2.0000000000000000        2.0000000000000000        2.0000000000000000        2.0000000000000000        2.0000000000000000        2.0000000000000000     
           2   2.0000000000000000        1.0000000000000000        1.0000000000000000        2.0000000000000000        1.0000000000000000        1.0000000000000000        1.0000000000000000        1.0000000000000000        1.0000000000000000        1.0000000000000000     
           2   2.0000000000000000        1.0000000000000000        1.0000000000000000        1.0000000000000000        1.0000000000000000        2.0000000000000000        2.0000000000000000        1.0000000000000000        1.0000000000000000        2.0000000000000000     
           2   2.0000000000000000        1.0000000000000000        2.0000000000000000        2.0000000000000000        2.0000000000000000        2.0000000000000000        1.0000000000000000        2.0000000000000000        2.0000000000000000        1.0000000000000000     
           2   2.0000000000000000        1.0000000000000000        1.0000000000000000        1.0000000000000000        2.0000000000000000        1.0000000000000000        1.0000000000000000        1.0000000000000000        2.0000000000000000        2.0000000000000000     
           2   1.0000000000000000        2.0000000000000000        1.0000000000000000        2.0000000000000000        1.0000000000000000        2.0000000000000000        2.0000000000000000        2.0000000000000000        2.0000000000000000        1.0000000000000000     
           2   2.0000000000000000        2.0000000000000000        2.0000000000000000        2.0000000000000000        2.0000000000000000        2.0000000000000000        2.0000000000000000        2.0000000000000000        2.0000000000000000        2.0000000000000000     
           2   1.0000000000000000        2.0000000000000000        2.0000000000000000        2.0000000000000000        2.0000000000000000        1.0000000000000000        2.0000000000000000        1.0000000000000000        1.0000000000000000        2.0000000000000000     
           2   2.0000000000000000        2.0000000000000000        1.0000000000000000        2.0000000000000000        2.0000000000000000        1.0000000000000000        2.0000000000000000        2.0000000000000000        1.0000000000000000        2.0000000000000000     
           2   2.0000000000000000        1.0000000000000000        1.0000000000000000        1.0000000000000000        1.0000000000000000        1.0000000000000000        2.0000000000000000        2.0000000000000000        1.0000000000000000        2.0000000000000000     
           2   2.0000000000000000        1.0000000000000000        2.0000000000000000        2.0000000000000000        1.0000000000000000        1.0000000000000000        1.0000000000000000        2.0000000000000000        2.0000000000000000        1.0000000000000000     
           2   2.0000000000000000        2.0000000000000000        1.0000000000000000        2.0000000000000000        1.0000000000000000        1.0000000000000000        1.0000000000000000        1.0000000000000000        2.0000000000000000        2.0000000000000000     
           2   2.0000000000000000        1.0000000000000000        1.0000000000000000        1.0000000000000000        1.0000000000000000        2.0000000000000000        1.0000000000000000        2.0000000000000000        1.0000000000000000        1.0000000000000000     
           2   2.0000000000000000        1.0000000000000000        2.0000000000000000        2.0000000000000000        1.0000000000000000        1.0000000000000000        2.0000000000000000        1.0000000000000000        2.0000000000000000        2.0000000000000000     
           2   2.0000000000000000        2.0000000000000000        2.0000000000000000        2.0000000000000000        2.0000000000000000        2.0000000000000000        1.0000000000000000        2.0000000000000000        2.0000000000000000        1.0000000000000000     
           2   1.0000000000000000        2.0000000000000000        2.0000000000000000        2.0000000000000000        1.0000000000000000        1.0000000000000000        2.0000000000000000        1.0000000000000000        2.0000000000000000        2.0000000000000000     
           2   2.0000000000000000        2.0000000000000000        2.0000000000000000        1.0000000000000000        2.0000000000000000        2.0000000000000000        2.0000000000000000        1.0000000000000000        2.0000000000000000        2.0000000000000000     
           2   2.0000000000000000        1.0000000000000000        1.0000000000000000        1.0000000000000000        2.0000000000000000        1.0000000000000000        1.0000000000000000        1.0000000000000000        2.0000000000000000        2.0000000000000000     
