          14   1.0000000000000000        2.0000000000000000        2.0000000000000000        1.0000000000000000        1.0000000000000000        1.0000000000000000        1.0000000000000000        2.0000000000000000        1.0000000000000000        2.0000000000000000     
          14   1.0000000000000000        2.0000000000000000        1.0000000000000000        1.0000000000000000        2.0000000000000000        2.0000000000000000        2.0000000000000000        1.0000000000000000        1.0000000000000000        2.0000000000000000     
          14   1.0000000000000000        2.0000000000000000        1.0000000000000000        2.0000000000000000        2.0000000000000000        2.0000000000000000        2.0000000000000000        2.0000000000000000        1.0000000000000000        2.0000000000000000     
          14   2.0000000000000000        2.0000000000000000        1.0000000000000000        1.0000000000000000        1.0000000000000000        2.0000000000000000        1.0000000000000000        2.0000000000000000        2.0000000000000000        1.0000000000000000     
          14   1.0000000000000000        2.0000000000000000        2.0000000000000000        2.0000000000000000        2.0000000000000000        2.0000000000000000        1.0000000000000000        1.0000000000000000        1.0000000000000000        2.0000000000000000     
          14   2.0000000000000000        1.0000000000000000        1.0000000000000000        1.0000000000000000        2.0000000000000000        2.0000000000000000        1.0000000000000000        1.0000000000000000        2.0000000000000000        2.0000000000000000     
          14   1.0000000000000000        1.0000000000000000        2.0000000000000000        1.0000000000000000        2.0000000000000000        1.0000000000000000        2.0000000000000000        2.0000000000000000        2.0000000000000000        1.0000000000000000     
          14   1.0000000000000000        1.0000000000000000        2.0000000000000000        2.0000000000000000        2.0000000000000000        1.0000000000000000        1.0000000000000000        2.0000000000000000        2.0000000000000000        2.0000000000000000     
          14   2.0000000000000000        2.0000000000000000        1.0000000000000000        2.0000000000000000        1.0000000000000000        1.0000000000000000        1.0000000000000000        2.0000000000000000        1.0000000000000000        1.0000000000000000     
          14   1.0000000000000000        1.0000000000000000        2.0000000000000000        2.0000000000000000        1.0000000000000000        1.0000000000000000        2.0000000000000000        2.0000000000000000        1.0000000000000000        2.0000000000000000     
          14   1.0000000000000000        1.0000000000000000        1.0000000000000000        1.0000000000000000        1.0000000000000000        2.0000000000000000        2.0000000000000000        1.0000000000000000        2.0000000000000000        1.0000000000000000     
          14   1.0000000000000000        1.0000000000000000        1.0000000000000000        1.0000000000000000        2.0000000000000000        2.0000000000000000        2.0000000000000000        2.0000000000000000        2.0000000000000000        1.0000000000000000     
          14   2.0000000000000000        2.0000000000000000        1.0000000000000000        2.0000000000000000        2.0000000000000000        2.0000000000000000        1.0000000000000000        1.0000000000000000        1.0000000000000000        2.0000000000000000     
          14   1.0000000000000000        2.0000000000000000        1.0000000000000000        1.0000000000000000        1.0000000000000000        1.0000000000000000        1.0000000000000000        1.0000000000000000        2.0000000000000000        1.0000000000000000     
          14   2.0000000000000000        1.0000000000000000        2.0000000000000000        2.0000000000000000        1.0000000000000000        2.0000000000000000        1.0000000000000000        1.0000000000000000        2.0000000000000000        2.0000000000000000     
          14   1.0000000000000000        1.0000000000000000        1.0000000000000000        1.0000000000000000        2.0000000000000000        2.0000000000000000        2.0000000000000000        1.0000000000000000        1.0000000000000000        1.0000000000000000     
          14   1.0000000000000000        2.0000000000000000        2.0000000000000000        2.0000000000000000        1.0000000000000000        1.0000000000000000        2.0000000000000000        2.0000000000000000        2.0000000000000000        2.0000000000000000     
          14   1.0000000000000000        2.0000000000000000        2.0000000000000000        2.0000000000000000        1.0000000000000000        1.0000000000000000        2.0000000000000000        1.0000000000000000        2.0000000000000000        2.0000000000000000     
          14   1.0000000000000000        1.0000000000000000        1.0000000000000000        2.0000000000000000        2.0000000000000000        1.0000000000000000        1.0000000000000000        2.0000000000000000        2.0000000000000000        2.0000000000000000     
          14   1.0000000000000000        1.0000000000000000        2.0000000000000000        1.0000000000000000        1.0000000000000000        2.0000000000000000        2.0000000000000000        2.0000000000000000        2.0000000000000000        1.0000000000000000     
          14   1.0000000000000000        2.0000000000000000        1.0000000000000000        2.0000000000000000        2.0000000000000000        2.0000000000000000        1.0000000000000000        2.0000000000000000        2.0000000000000000        1.0000000000000000     
          14   1.0000000000000000        2.0000000000000000        2.0000000000000000        2.0000000000000000        1.0000000000000000        1.0000000000000000        2.0000000000000000        2.0000000000000000        2.0000000000000000        1.0000000000000000     
          14   1.0000000000000000        1.0000000000000000        1.0000000000000000        2.0000000000000000        2.0000000000000000        1.0000000000000000        1.0000000000000000        1.0000000000000000        2.0000000000000000        2.0000000000000000     
          14   2.0000000000000000        1.0000000000000000        1.0000000000000000        2.0000000000000000        1.0000000000000000        1.0000000000000000        1.0000000000000000        1.0000000000000000        2.0000000000000000        2.0000000000000000     
          14   2.0000000000000000        2.0000000000000000        1.0000000000000000        1.0000000000000000        1.0000000000000000        2.0000000000000000        2.0000000000000000        2.0000000000000000        1.0000000000000000        2.0000000000000000     
          14   1.0000000000000000        1.0000000000000000        2.0000000000000000        2.0000000000000000        1.0000000000000000        2.0000000000000000        1.0000000000000000        1.0000000000000000        1.0000000000000000        2.0000000000000000     
          14   2.0000000000000000        1.0000000000000000        1.0000000000000000        1.0000000000000000        1.0000000000000000        1.0000000000000000        1.0000000000000000        1.0000000000000000        2.0000000000000000        1.0000000000000000     
          14   1.0000000000000000        1.0000000000000000        1.0000000000000000        2.0000000000000000        1.0000000000000000        1.0000000000000000        1.0000000000000000        2.0000000000000000        2.0000000000000000        2.0000000000000000     
          14   1.0000000000000000        1.0000000000000000        2.0000000000000000        2.0000000000000000        2.0000000000000000        1.0000000000000000        2.0000000000000000        1.0000000000000000        1.0000000000000000        1.0000000000000000     
          14   1.0000000000000000        2.0000000000000000        2.0000000000000000        2.0000000000000000        1.0000000000000000        2.0000000000000000        2.0000000000000000        1.0000000000000000        2.0000000000000000        2.0000000000000000     
          14   2.0000000000000000        1.0000000000000000        1.0000000000000000        1.0000000000000000        2.0000000000000000        1.0000000000000000        1.0000000000000000        2.0000000000000000        2.0000000000000000        2.0000000000000000     
          14   1.0000000000000000        2.0000000000000000        2.0000000000000000        2.0000000000000000        2.0000000000000000        2.0000000000000000        2.0000000000000000        2.0000000000000000        1.0000000000000000        2.0000000000000000     
          14   2.0000000000000000        2.0000000000000000        1.0000000000000000        1.0000000000000000        1.0000000000000000        1.0000000000000000        1.0000000000000000        2.0000000000000000        1.0000000000000000        2.0000000000000000     
          14   2.0000000000000000        1.0000000000000000        2.0000000000000000        2.0000000000000000        2.0000000000000000        2.0000000000000000        1.0000000000000000        2.0000000000000000        2.0000000000000000        2.0000000000000000     
          14   1.0000000000000000        1.0000000000000000        2.0000000000000000        2.0000000000000000        2.0000000000000000        2.0000000000000000        1.0000000000000000        1.0000000000000000        1.0000000000000000        2.0000000000000000     
          14   1.0000000000000000        1.0000000000000000        1.0000000000000000        2.0000000000000000        1.0000000000000000        1.0000000000000000        2.0000000000000000        1.0000000000000000        2.0000000000000000        2.0000000000000000     
          14   2.0000000000000000        1.0000000000000000        2.0000000000000000        1.0000000000000000        1.0000000000000000        2.0000000000000000        2.0000000000000000        1.0000000000000000        2.0000000000000000        1.0000000000000000     
          14   1.0000000000000000        2.0000000000000000        1.0000000000000000        2.0000000000000000        1.0000000000000000        2.0000000000000000        2.0000000000000000        2.0000000000000000        1.0000000000000000        2.0000000000000000     
          14   2.0000000000000000        2.0000000000000000        2.0000000000000000        2.0000000000000000        2.0000000000000000        2.0000000000000000        1.0000000000000000        2.0000000000000000        1.0000000000000000        2.0000000000000000     
          14   1.0000000000000000        1.0000000000000000        1.0000000000000000        2.0000000000000000        1.0000000000000000        1.0000000000000000        1.0000000000000000        1.0000000000000000        2.0000000000000000        1.0000000000000000     
          14   1.0000000000000000        2.0000000000000000        2.0000000000000000        2.0000000000000000        1.0000000000000000        2.0000000000000000        2.0000000000000000        2.0000000000000000        2.0000000000000000        1.0000000000000000     
          14   2.0000000000000000        2.0000000000000000        1.0000000000000000        1.0000000000000000        2.0000000000000000        1.0000000000000000        1.0000000000000000        2.0000000000000000        2.0000000000000000        1.0000000000000000     
          14   2.0000000000000000        2.0000000000000000        2.0000000000000000        2.0000000000000000        1.0000000000000000        2.0000000000000000        1.0000000000000000        1.0000000000000000        1.0000000000000000        2.0000000000000000     
          14   1.0000000000000000        2.0000000000000000        1.0000000000000000        2.0000000000000000        1.0000000000000000        2.0000000000000000        1.0000000000000000        1.0000000000000000        2.0000000000000000        2.0000000000000000     
          14   2.0000000000000000        2.0000000000000000        2.0000000000000000        1.0000000000000000        1.0000000000000000        1.0000000000000000        2.0000000000000000        2.0000000000000000        2.0000000000000000        1.0000000000000000     
          14   1.0000000000000000        1.0000000000000000        2.0000000000000000        1.0000000000000000        2.0000000000000000        1.0000000000000000        1.0000000000000000        2.0000000000000000        1.0000000000000000        1.0000000000000000     
          14   1.0000000000000000        1.0000000000000000        2.0000000000000000        1.0000000000000000        2.0000000000000000        2.0000000000000000        1.0000000000000000        1.0000000000000000        2.0000000000000000        1.0000000000000000     
          14   2.0000000000000000        2.0000000000000000        2.0000000000000000        2.0000000000000000        2.0000000000000000        1.0000000000000000        2.0000000000000000        1.0000000000000000        2.0000000000000000        1.0000000000000000     
          14   1.0000000000000000        2.0000000000000000        1.0000000000000000        2.0000000000000000        1.0000000000000000        2.0000000000000000        1.0000000000000000        2.0000000000000000        2.0000000000000000        2.0000000000000000     
          14   1.0000000000000000        1.0000000000000000        1.0000000000000000        1.0000000000000000        2.0000000000000000        1.0000000000000000        1.0000000000000000        2.0000000000000000        2.0000000000000000        2.0000000000000000     
